日期,开盘,最高,最低,收盘,成交量,amount,outstanding_share,turnover,MA5,MA10,MA20,MA60,RSI14,Vol_MA20,MA60_prev5,MA20_break_1,MA20_break_2,High_20
2021-04-12,4.61,4.65,4.61,4.65,10191266.0,67441748.0,1850084905.0000002,0.005508539620239753,4.6160000000000005,4.612,4.646,4.536666666666666,41.37930834720589,11566502.55,4.536166666666667,True,True,4.72
2021-04-13,4.65,4.66,4.55,4.56,10983936.0,72179375.0,1850084905.0000002,0.0059369902269431245,4.606,4.609,4.638,4.538,35.294116193771714,10865415.0,4.535333333333332,False,True,4.72
2021-04-14,4.55,4.58,4.54,4.55,5737579.0,37445577.0,1850084905.0000002,0.003101251723363474,4.593999999999999,4.604,4.6295,4.539000000000001,34.285712914285824,10462695.95,4.534833333333333,True,False,4.72
2021-04-15,4.55,4.76,4.54,4.73,34973330.0,234499124.0,1850084905.0000002,0.018903635128032135,4.622,4.614,4.6305,4.544,57.69230613905326,11148867.75,4.534000000000001,True,True,4.71
2021-04-16,4.72,4.82,4.7,4.77,21658784.0,147818587.0,1850084905.0000002,0.011706913526760544,4.652,4.628,4.635,4.549333333333334,60.714284196428494,11563483.3,4.535666666666668,False,True,4.73
2021-04-19,4.72,4.78,4.71,4.71,16531391.0,111883131.0,1850084905.0000002,0.008935476936935496,4.664,4.64,4.638,4.5520000000000005,60.714284196428586,11812414.9,4.536666666666666,False,False,4.77
2021-04-20,4.71,4.73,4.67,4.68,11175743.0,75137639.0,1850084905.0000002,0.006040664928294195,4.688000000000001,4.647,4.637,4.5545,56.896550350772905,11791249.35,4.538,False,False,4.77
2021-04-21,4.67,4.7,4.63,4.68,9580699.0,63791627.0,1850084905.0000002,0.005178518550206753,4.714,4.654,4.638,4.5568333333333335,54.5454531570248,11748713.9,4.539000000000001,False,False,4.77
2021-04-22,4.68,4.71,4.63,4.64,11250562.0,75122527.0,1850084905.0000002,0.006081105774980634,4.696,4.659000000000001,4.637,4.558833333333333,50.84745642056882,11725785.85,4.544,False,False,4.77
2021-04-23,4.81,4.88,4.77,4.82,50650576.0,349807603.0,1850084905.0000002,0.027377433253529516,4.706,4.679,4.6455,4.5633333333333335,65.75342339650967,13560173.45,4.549333333333334,False,False,4.77
2021-04-26,4.88,5.09,4.85,4.87,52301231.0,371510711.0,1850084905.0000002,0.028269638252088756,4.7379999999999995,4.701,4.6565,4.570333333333333,67.10526192174513,15717637.15,4.5520000000000005,False,False,4.82
2021-04-27,4.91,4.92,4.81,4.82,18578401.0,128985309.0,1850084905.0000002,0.0100419180491611,4.766,4.726999999999999,4.668,4.577333333333333,62.96296187471421,15912693.2,4.5545,False,False,4.87
2021-04-28,4.82,4.87,4.79,4.85,11861994.0,82014555.0,1850084905.0000002,0.0064115943911233625,4.8,4.757,4.6805,4.585666666666667,65.85365741225462,15978438.0,4.5568333333333335,False,False,4.87
2021-04-29,4.85,4.87,4.81,4.86,12130117.0,84025582.0,1850084905.0000002,0.006556519091214356,4.843999999999999,4.7700000000000005,4.692,4.593666666666667,64.99999886250002,16083787.0,4.558833333333333,False,False,4.87
2021-04-30,4.85,4.87,4.77,4.8,16019126.0,110323106.0,1850084905.0000002,0.008658589644565527,4.84,4.773,4.7005,4.601666666666666,59.03614358252284,16495483.4,4.5633333333333335,False,False,4.87
2021-05-06,4.81,4.87,4.79,4.81,14214569.0,98153865.0,1850084905.0000002,0.007683198193544527,4.828,4.7829999999999995,4.711499999999999,4.610333333333333,66.66666542222225,16841092.25,4.570333333333333,False,False,4.87
2021-05-07,4.81,4.93,4.8,4.89,18593354.0,129580626.0,1850084905.0000002,0.010050000380928462,4.8420000000000005,4.804,4.725499999999999,4.620166666666667,70.73170610945866,17429816.75,4.577333333333333,False,False,4.87
2021-05-10,4.91,4.93,4.84,4.87,16445321.0,114664210.0,1850084905.0000002,0.008888954747728184,4.845999999999999,4.8229999999999995,4.7385,4.629166666666666,60.60605932047753,17932012.75,4.585666666666667,False,False,4.89
2021-05-11,4.89,5.04,4.83,5.01,26937728.0,190741821.0,1850084905.0000002,0.014560265816557212,4.8759999999999994,4.859999999999999,4.7595,4.641166666666667,65.78947247229921,18921833.6,4.593666666666667,False,False,4.89
2021-05-12,4.99,5.06,4.96,5.05,22506169.0,161486242.0,1850084905.0000002,0.01216493845183824,4.926,4.883,4.781000000000001,4.654333333333333,72.97297159240323,19616093.8,4.601666666666666,False,False,5.01
2021-05-13,5.04,5.04,4.92,4.94,21621570.0,153557905.0,1850084905.0000002,0.01168679877424328,4.952,4.89,4.7955,4.6645,65.85365741225468,20187609.0,4.610333333333333,False,False,5.05
2021-05-14,4.95,5.06,4.94,5.02,21331639.0,152577735.0,1850084905.0000002,0.011530086507029793,4.978,4.91,4.818499999999999,4.6755,68.88888781728399,20704994.15,4.620166666666667,False,False,5.05
2021-05-17,5.01,5.04,4.96,4.97,16135212.0,115306355.0,1850084905.0000002,0.00872133595403828,4.998,4.922,4.839499999999999,4.685,68.13186708368559,21224875.8,4.629166666666666,False,False,5.05
2021-05-18,4.99,4.99,4.94,4.96,11569185.0,82277967.0,1850084905.0000002,0.006253326519628026,4.9879999999999995,4.932,4.851,4.693833333333333,59.459458334550796,20054668.55,4.641166666666667,False,False,5.05
2021-05-19,4.96,4.96,4.86,4.88,16986976.0,119123809.0,1850084905.0000002,0.009181727797514243,4.954,4.9399999999999995,4.8565,4.700666666666667,50.649349728453366,19821078.15,4.654333333333333,False,False,5.05
2021-05-20,4.87,4.9,4.85,4.87,12022594.0,83854519.0,1850084905.0000002,0.0064984012179700465,4.9399999999999995,4.946,4.8645000000000005,4.705500000000001,53.42465650966412,19595638.3,4.6645,False,False,5.05
2021-05-21,4.86,4.89,4.85,4.89,11225819.0,78229906.0,1850084905.0000002,0.006067731794179467,4.914,4.946,4.875,4.710166666666667,52.777776751543236,19598142.1,4.6755,False,False,5.05
2021-05-24,4.87,4.94,4.86,4.88,13197580.0,92313294.0,1850084905.0000002,0.0071334996379531015,4.895999999999999,4.947,4.885,4.7155000000000005,51.38888788966049,19778986.15,4.685,False,False,5.05
2021-05-25,4.88,4.92,4.83,4.9,16078389.0,112272982.0,1850084905.0000002,0.008690622228497128,4.8839999999999995,4.936,4.898000000000001,4.721166666666666,57.35293999567483,20020377.5,4.693833333333333,True,False,5.05
2021-05-26,4.91,4.99,4.88,4.94,18525972.0,131085300.0,1850084905.0000002,0.01001357934975422,4.896,4.925,4.904,4.726666666666666,59.15492841102967,18414147.3,4.700666666666667,False,True,5.05
2021-05-27,4.95,4.96,4.89,4.91,16657621.0,117327848.0,1850084905.0000002,0.009003706238011815,4.904,4.922,4.906,4.7331666666666665,51.515150422405945,16631966.8,4.705500000000001,False,False,5.05
2021-05-28,4.9,5.08,4.89,5.03,33343171.0,238938936.0,1850084905.0000002,0.018022508539952655,4.932,4.923,4.9165,4.7415,60.52631467451529,17370205.3,4.710166666666667,False,False,5.05
2021-05-31,5.07,5.38,5.02,5.29,66387881.0,495898520.0,1850084905.0000002,0.03588369421348259,5.014,4.955,4.9385,4.754333333333333,65.90908986053725,20096499.65,4.7155000000000005,False,False,5.05
2021-06-01,5.27,5.32,5.19,5.23,36034609.0,270034935.0,1850084905.0000002,0.01947727312547312,5.08,4.982,4.956999999999999,4.765000000000001,59.99999906666674,21291724.25,4.721166666666666,False,False,5.29
2021-06-02,5.23,5.45,5.21,5.34,52377414.0,400111434.0,1850084905.0000002,0.028310816362236084,5.16,5.0280000000000005,4.984,4.777833333333333,72.22222109876547,23109638.65,4.726666666666666,False,False,5.29
2021-06-03,5.31,5.49,5.27,5.39,46654685.0,359191780.0,1850084905.0000002,0.025217591297519392,5.256,5.08,5.013,4.790333333333334,71.26436666930908,24731644.45,4.7331666666666665,False,False,5.34
2021-06-04,5.36,5.4,5.28,5.38,29201882.0,223109159.0,1850084905.0000002,0.015784076677280927,5.326,5.129,5.0375,4.802333333333334,74.6987939207433,25262070.85,4.7415,False,False,5.39
2021-06-07,5.35,5.42,5.26,5.36,25050734.0,191470167.0,1850084905.0000002,0.01354031586998976,5.34,5.1770000000000005,5.062,4.813999999999999,73.80952257936518,25692341.5,4.754333333333333,False,False,5.39
2021-06-08,5.38,5.59,5.33,5.5,42680609.0,333859344.0,1850084905.0000002,0.023069540692241902,5.394,5.237,5.086499999999999,4.829999999999999,84.44444313086431,26479485.55,4.765000000000001,False,False,5.39
2021-06-09,5.48,5.54,5.43,5.45,24910868.0,195071238.0,1850084905.0000002,0.013464716096367478,5.4159999999999995,5.288,5.1065,4.844,80.85106262562255,26599720.5,4.777833333333333,False,False,5.5
2021-06-10,5.47,5.47,5.36,5.38,25780268.0,199030444.0,1850084905.0000002,0.013934640475324563,5.414,5.335,5.128500000000001,4.856666666666667,74.74747369043982,26807655.4,4.790333333333334,False,False,5.5
2021-06-11,5.37,5.85,5.36,5.74,89040590.0,727582035.0,1850084905.0000002,0.048127839840950426,5.486,5.406000000000001,5.1645,4.873666666666666,82.08955138115397,30193102.95,4.802333333333334,False,False,5.5
2021-06-15,5.92,6.06,5.76,5.84,77516799.0,655811031.0,1850084905.0000002,0.04189904949254207,5.582,5.461,5.208,4.892333333333334,83.09859073001391,33262182.3,4.813999999999999,False,False,5.74
2021-06-16,5.85,5.91,5.6,5.63,44708983.0,364789239.0,1850084905.0000002,0.024165908753252596,5.608,5.5009999999999994,5.2415,4.907666666666667,71.69811257624305,34919172.2,4.829999999999999,False,False,5.84
2021-06-17,5.57,5.7,5.49,5.52,35295532.0,281498153.0,1850084905.0000002,0.01907779037849076,5.622,5.519,5.2735,4.921666666666666,68.26347248162358,35834600.0,4.844,False,False,5.84
2021-06-18,5.53,5.66,5.43,5.54,33127303.0,261631127.0,1850084905.0000002,0.01790582848953086,5.653999999999999,5.534000000000001,5.307,4.9365,66.2420376258672,36889835.45,4.856666666666667,False,False,5.84
2021-06-21,5.5,5.62,5.44,5.54,32934072.0,260468826.0,1850084905.0000002,0.017801384093774873,5.614,5.55,5.339499999999999,4.950500000000001,59.54198409649789,37975248.1,4.873666666666666,False,False,5.84
2021-06-22,5.54,5.61,5.5,5.57,23721657.0,188166622.0,1850084905.0000002,0.01282192884007126,5.5600000000000005,5.571,5.3740000000000006,4.9656666666666665,63.281249307861344,38501451.95,4.892333333333334,False,False,5.84
2021-06-23,5.57,5.63,5.52,5.55,24327033.0,193178805.0,1850084905.0000002,0.013149144092930155,5.544,5.576,5.406499999999999,4.980500000000001,58.82352871972318,38913884.15,4.907666666666667,False,False,5.84
2021-06-24,5.56,5.98,5.52,5.94,64394572.0,534721005.0,1855963650.0,0.0346960308193536,5.628,5.625,5.4565,5.002,67.97385558716735,41207314.15,4.921666666666666,False,False,5.84
2021-06-25,5.81,5.84,5.66,5.78,45043299.0,369971741.0,1855963650.0,0.02426949417894041,5.676,5.665000000000001,5.5,5.020833333333333,61.9047613888889,42626598.05,4.9365,False,False,5.94
2021-06-28,5.85,5.89,5.75,5.79,25211371.0,209474708.0,1855963650.0,0.013583978867258527,5.726,5.67,5.538,5.0408333333333335,62.87425096991644,42220008.05,4.950500000000001,False,False,5.94
2021-06-29,5.73,5.85,5.7,5.75,18276360.0,150626518.0,1855963650.0,0.009847369586144643,5.762,5.661,5.561,5.0600000000000005,57.96178292263377,39814432.0,4.9656666666666665,False,False,5.94
2021-06-30,5.71,5.77,5.71,5.74,14652878.0,120215880.0,1855963650.0,0.007895024237139558,5.8,5.672,5.5865,5.078500000000001,59.47712363877141,38745345.45,4.980500000000001,False,False,5.94
2021-07-01,5.76,5.8,5.63,5.63,25736673.0,209678037.0,1855963650.0,0.013867013505356098,5.738,5.683,5.601000000000001,5.0951666666666675,57.96178292263377,37413308.4,5.002,False,False,5.94
2021-07-02,5.61,5.65,5.53,5.6,28316673.0,226143171.0,1855963650.0,0.015257126937803981,5.702,5.689,5.6115,5.111999999999999,44.35483820889697,36496407.8,5.020833333333333,False,False,5.94
2021-07-05,5.64,5.73,5.54,5.62,25583494.0,194233732.0,1855963650.0,0.013784480100135582,5.668,5.697,5.623500000000001,5.128833333333334,40.517240890309196,36315488.4,5.0408333333333335,True,False,5.94
2021-07-06,5.64,5.82,5.59,5.75,21746753.0,167302433.0,1855963650.0,0.011717230022258248,5.668,5.715,5.643000000000001,5.147833333333334,55.55555483539096,36150289.35,5.0600000000000005,True,True,5.94
2021-07-07,5.71,5.9,5.71,5.89,30887012.0,242898125.0,1855963650.0,0.01664203498813137,5.6979999999999995,5.7490000000000006,5.6625,5.169499999999999,66.66666582582582,35560609.5,5.078500000000001,False,True,5.94
2021-07-08,5.88,5.9,5.77,5.79,21042902.0,164983757.0,1855963650.0,0.011337992530187755,5.7299999999999995,5.734,5.6795,5.188999999999999,60.50420096885813,35367211.2,5.0951666666666675,False,False,5.94
2021-07-09,5.78,5.83,5.7,5.76,18990305.0,147674787.0,1855963650.0,0.010232045762318676,5.762,5.732,5.6985,5.2075,59.01639276538563,35027713.05,5.111999999999999,False,False,5.94
2021-07-12,5.81,5.84,5.7,5.77,21969574.0,170885273.0,1855963650.0,0.01183728679168905,5.792,5.7299999999999995,5.7,5.227666666666666,58.33333265277775,31674162.25,5.128833333333334,False,False,5.94
2021-07-13,5.75,5.84,5.73,5.78,16206318.0,126185281.0,1855963650.0,0.00873202338849686,5.798,5.733,5.697,5.248166666666666,59.66386484429067,28608638.2,5.147833333333334,False,False,5.94
2021-07-14,5.79,6.05,5.78,5.9,37061343.0,296409680.0,1855963650.0,0.01996878710420864,5.8,5.7490000000000006,5.710500000000001,5.267666666666667,47.826086228733466,28226256.2,5.169499999999999,False,False,5.94
2021-07-15,5.9,5.98,5.79,5.96,26785825.0,213195626.0,1855963650.0,0.014432300438642751,5.8340000000000005,5.782,5.7325,5.2875,60.97560871505056,27800770.85,5.188999999999999,False,False,5.94
2021-07-16,6.45,6.56,6.11,6.16,137231994.0,1182749832.0,1855963650.0,0.0739411000856617,5.914,5.837999999999999,5.7635,5.3116666666666665,68.31683073620233,33006005.4,5.2075,False,False,5.96
2021-07-19,6.13,6.18,5.99,5.99,58010151.0,473676067.0,1855963650.0,0.031256081443189906,5.958,5.875,5.7860000000000005,5.3335,60.52631504616807,34259809.35,5.227666666666666,False,False,6.16
2021-07-20,5.99,6.01,5.75,5.82,43559042.0,342397150.0,1855963650.0,0.023469771080915296,5.965999999999999,5.882,5.7985,5.3525,53.076922505325456,35251678.6,5.248166666666666,False,False,6.16
2021-07-21,5.83,5.85,5.76,5.81,27814908.0,217136533.0,1855963650.0,0.014986774121357387,5.948,5.8740000000000006,5.8115000000000006,5.372,57.499999329166656,35426072.35,5.267666666666667,False,False,6.16
2021-07-22,5.85,5.9,5.79,5.84,26310258.0,207337415.0,1855963650.0,0.014176063200375719,5.9239999999999995,5.879,5.806500000000001,5.389,59.99999930000001,33521856.65,5.2875,True,False,6.16
2021-07-23,5.82,5.84,5.75,5.76,27017357.0,210668078.0,1855963650.0,0.01455705072672086,5.843999999999999,5.8790000000000004,5.8055,5.403833333333334,55.5555549382716,32620559.55,5.3116666666666665,False,True,6.16
2021-07-26,5.73,5.73,5.54,5.57,27548475.0,207842566.0,1855963650.0,0.014843219046881656,5.76,5.859,5.7945,5.416333333333333,43.18181772382923,32737414.75,5.3335,True,False,6.16
2021-07-27,5.59,5.64,5.3,5.33,31808375.0,233656995.0,1855963650.0,0.017138468741023025,5.662000000000001,5.814,5.7735,5.424333333333333,30.28168984229322,33414015.5,5.3525,True,True,6.16
2021-07-28,5.34,5.38,5.18,5.21,31881912.0,226135561.0,1855963650.0,0.01717809074547338,5.542,5.745,5.747,5.430166666666667,29.861110820794764,34275467.2,5.372,True,True,6.16
2021-07-29,5.27,5.32,5.21,5.29,19029906.0,134950715.0,1855963650.0,0.010253382925899437,5.4319999999999995,5.678,5.73,5.4383333333333335,34.22818759785598,33940128.85,5.389,True,True,6.16
2021-07-30,5.27,5.32,5.22,5.27,14439158.0,102554403.0,1855963650.0,0.007779871119781899,5.3340000000000005,5.589,5.7135,5.446000000000001,33.33333302222225,33246253.1,5.403833333333334,True,True,6.16
2021-08-02,5.27,5.44,5.23,5.41,20325537.0,146307306.0,1855963650.0,0.010951473645510244,5.302,5.531000000000001,5.702999999999999,5.454666666666666,38.65030641650044,32983355.25,5.416333333333333,True,True,6.16
2021-08-03,5.39,5.44,5.35,5.38,13764170.0,99998215.0,1855963650.0,0.007416185117634174,5.312,5.487,5.6845,5.463166666666666,33.11688281582056,32584226.1,5.424333333333333,True,True,6.16
2021-08-04,5.38,5.39,5.34,5.36,12750507.0,92228786.0,1855963650.0,0.0068700197872948645,5.3420000000000005,5.442,5.658,5.468999999999999,29.999999720000034,31677400.85,5.430166666666667,True,True,6.16
2021-08-05,5.36,5.37,5.24,5.26,17557367.0,125351756.0,1855963650.0,0.009459973529115186,5.336,5.384,5.6315,5.4725,17.857142678571464,31503124.1,5.4383333333333335,True,True,6.16
2021-08-06,5.28,5.33,5.23,5.29,11640868.0,82839736.0,1855963650.0,0.0062721422372684936,5.34,5.337,5.608,5.4783333333333335,22.222221975308685,31135652.25,5.446000000000001,True,True,6.16
2021-08-09,5.27,5.52,5.27,5.52,27924743.0,204891192.0,1858935478.0,0.015021900076942853,5.362,5.331999999999999,5.5954999999999995,5.486666666666666,38.63636322658402,31433410.7,5.454666666666666,True,True,6.16
2021-08-10,5.48,5.51,5.43,5.47,14084166.0,103691642.0,1858935478.0,0.007576468450186844,5.38,5.345999999999999,5.58,5.495000000000001,37.49999961397061,31327303.1,5.463166666666666,True,True,6.16
2021-08-11,5.53,5.59,5.5,5.56,17450517.0,130647177.0,1858935478.0,0.009387371001587824,5.42,5.380999999999999,5.563,5.505,40.14084467466773,30346761.8,5.468999999999999,True,True,6.16
2021-08-12,5.56,5.59,5.52,5.55,9476212.0,70874361.0,1858935478.0,0.005097655143036653,5.478,5.406999999999999,5.5424999999999995,5.516166666666666,42.22222178436215,29481281.15,5.4725,True,True,6.16
2021-08-13,5.58,5.64,5.54,5.6,13409925.0,101024185.0,1858935478.0,0.007213765705535693,5.539999999999999,5.4399999999999995,5.5145,5.528333333333333,51.2396688286319,23290177.7,5.4783333333333335,False,True,6.16
2021-08-16,5.59,5.68,5.55,5.63,16537575.0,125509019.0,1858935478.0,0.008896260895398328,5.561999999999999,5.462,5.496499999999999,5.540666666666667,64.99999908999999,21216548.9,5.486666666666666,False,False,5.99
2021-08-17,5.61,5.65,5.44,5.45,18503324.0,138347199.0,1858935478.0,0.009953720405566437,5.558,5.468999999999999,5.478,5.550166666666667,61.32075390708439,19963763.0,5.495000000000001,False,False,5.84
2021-08-18,5.47,5.6,5.44,5.6,16620684.0,124515435.0,1858935478.0,0.008940968740820385,5.566,5.493,5.467499999999999,5.561833333333334,63.71681336988018,19404051.8,5.505,True,False,5.84
2021-08-19,5.56,5.59,5.51,5.53,12490269.0,93252574.0,1858935478.0,0.006719043854840023,5.561999999999999,5.52,5.452,5.571666666666667,61.016948428612515,18713052.35,5.516166666666666,False,True,5.84
2021-08-20,5.55,5.57,5.46,5.54,12937169.0,96408747.0,1858935478.0,0.006959450262318357,5.55,5.545,5.441000000000001,5.582166666666667,56.19047544126986,18009042.95,5.528333333333333,False,False,5.76
2021-08-23,5.53,5.73,5.52,5.69,24181832.0,185409037.0,1858935478.0,0.01300842997843952,5.561999999999999,5.562,5.447,5.593166666666666,63.247862491051265,17840710.8,5.540666666666667,False,False,5.63
2021-08-24,5.7,5.79,5.67,5.76,17414499.0,134459144.0,1858935478.0,0.00936799539634156,5.6240000000000006,5.591,5.4685,5.601,66.39344186105888,17121017.0,5.550166666666667,False,False,5.69
2021-08-25,5.79,5.9,5.75,5.88,24584520.0,193768497.0,1858935478.0,0.013225052881582586,5.680000000000001,5.623,5.502000000000001,5.611833333333333,74.99999915322587,16756147.4,5.561833333333334,False,False,5.76
2021-08-26,5.89,5.96,5.83,5.93,26679764.0,212586578.0,1858935478.0,0.014352173228037127,5.76,5.661,5.534,5.621666666666667,75.39682455908294,17138640.3,5.571666666666667,False,False,5.88
2021-08-27,5.96,6.22,5.9,6.07,67499056.0,553613614.0,1858935478.0,0.0363105964670819,5.866,5.708,5.574,5.632999999999999,73.50427262473526,19791635.2,5.582166666666667,False,False,5.93
2021-08-30,6.11,6.51,6.1,6.31,68383506.0,583338490.0,1858935478.0,0.036786379521667294,5.99,5.776,5.619000000000001,5.648499999999999,80.88235210856408,22194533.65,5.593166666666666,False,False,6.07
2021-08-31,6.31,6.47,6.25,6.45,51205202.0,440742631.0,1858935478.0,0.027545443403496118,6.128,5.876,5.672499999999999,5.666666666666667,81.56028287812491,24066585.25,5.601,False,False,6.31
2021-09-01,6.56,6.7,6.42,6.48,64603026.0,569269932.0,1861484992.0,0.0347051017212821,6.248,5.964,5.7284999999999995,5.683000000000001,82.5174817096191,26659211.2,5.611833333333333,False,False,6.45
2021-09-02,6.53,6.65,6.45,6.59,60222094.0,533321335.0,1861484992.0,0.032351640898966756,6.38,6.07,5.795,5.701999999999999,83.2214757281204,28792447.55,5.621666666666667,False,False,6.48
2021-09-03,6.62,6.71,6.46,6.56,50102191.0,445600750.0,1861484992.0,0.026915173216717506,6.478,6.172,5.8585,5.721666666666666,81.2080529282465,30715513.7,5.632999999999999,False,False,6.59
2021-09-06,6.56,6.7,6.52,6.64,43065283.0,383752155.0,1861484992.0,0.023134907444905147,6.544,6.2669999999999995,5.9145,5.736666666666666,92.80575446094926,31472540.7,5.648499999999999,False,False,6.59
2021-09-07,6.65,6.75,6.58,6.74,46529237.0,420297352.0,1861484992.0,0.024995762630354853,6.601999999999999,6.365,5.978,5.751666666666667,92.53731246602811,33094794.25,5.666666666666667,False,False,6.64
2021-09-08,6.78,6.82,6.68,6.78,38021491.0,345347631.0,1861484992.0,0.020425354576267245,6.662000000000001,6.455,6.039,5.770833333333333,97.70992261989394,34123342.95,5.683000000000001,False,False,6.74
2021-09-09,6.79,7.08,6.73,6.88,62010554.0,575601152.0,1861484992.0,0.033312411470680287,6.719999999999999,6.55,6.1055,5.7935,97.85714187857143,36750060.05,5.701999999999999,False,False,6.78
2021-09-10,6.85,7.2,6.85,6.87,73770301.0,697388351.0,1861484992.0,0.03962981239012858,6.781999999999999,6.63,6.169,5.815666666666667,96.82539574955909,39768078.85,5.721666666666666,False,False,6.88
2021-09-13,6.86,7.15,6.85,7.03,85588290.0,813413148.0,1861484992.0,0.04597850123306286,6.859999999999999,6.702,6.239,5.8405,97.03703603072704,43220614.6,5.736666666666666,False,False,6.88
2021-09-14,7.05,7.05,6.71,6.74,76609117.0,704034116.0,1861484992.0,0.041154839995615713,6.859999999999999,6.731,6.3035,5.859999999999999,78.28947296312327,46125904.25,5.751666666666667,False,False,7.03
2021-09-15,6.74,6.94,6.71,6.8,56055269.0,514359296.0,1861484992.0,0.03011319953741534,6.864,6.763,6.3635,5.8808333333333325,78.43137183134692,48097633.5,5.770833333333333,False,False,7.03
2021-09-16,6.82,6.93,6.65,6.68,50947956.0,465060023.0,1861484992.0,0.027369522837388527,6.824,6.772,6.420999999999999,5.893166666666667,70.19867484584009,50020517.85,5.7935,False,False,7.03
2021-09-17,6.68,6.74,6.47,6.54,45553841.0,403459177.0,1861484992.0,0.024471774521832943,6.758,6.7700000000000005,6.470999999999999,5.905833333333334,58.156027791358596,51651351.45,5.815666666666667,False,False,7.03
2021-09-22,6.42,6.51,6.26,6.48,44722995.0,385702658.0,1861484992.0,0.024025439470209815,6.647999999999999,6.7540000000000004,6.5105,5.917333333333333,51.12781901068463,52678409.6,5.8405,False,False,7.03
2021-09-23,6.62,6.74,6.53,6.63,59293961.0,531436241.0,1861484992.0,0.03185304273460401,6.626,6.743,6.554,5.9319999999999995,55.17241326040427,54772382.7,5.859999999999999,True,False,7.03
2021-09-24,6.63,6.67,6.4,6.5,39988585.0,349827375.0,1861484992.0,0.021482088317583383,6.566,6.715000000000001,6.584999999999999,5.944666666666666,46.93877506316813,55542585.95,5.8808333333333325,False,True,7.03
2021-09-27,6.31,6.33,5.85,5.85,88058840.0,711016338.0,1861484992.0,0.04730569431311322,6.4,6.612,6.581,5.948333333333333,33.01435384583685,58611539.75,5.893166666666667,True,False,7.03
2021-09-28,5.8,6.01,5.78,5.98,47284309.0,376113509.0,1861484992.0,0.025401391471438734,6.288,6.523000000000001,6.5765,5.954666666666667,34.579439026115836,57600802.4,5.905833333333334,True,True,7.03
2021-09-29,5.91,5.99,5.81,5.82,38686446.0,306489469.0,1861484992.0,0.020782572068139455,6.156000000000001,6.401999999999999,6.552,5.958,29.090908905785128,56115949.4,5.917333333333333,True,True,7.03
2021-09-30,5.86,5.87,5.69,5.79,37172389.0,288775184.0,1977588046.0,0.018796831359891828,5.988,6.307,6.519,5.958666666666667,27.397260098830287,55414308.75,5.9319999999999995,True,True,7.03
2021-10-08,5.82,5.96,5.81,5.84,51957764.0,410962208.0,1977588046.0,0.02627329999546326,5.856,6.211,6.487,5.957833333333334,25.700934411302285,54782045.65,5.944666666666666,True,True,7.03
2021-10-11,5.86,5.91,5.76,5.79,38976593.0,305949820.0,1977588046.0,0.01970915685844513,5.843999999999999,6.122,6.447,5.957833333333334,25.229357636141742,53719770.6,5.948333333333333,True,True,7.03
2021-10-12,5.76,5.79,5.53,5.6,54054511.0,410886478.0,1977588046.0,0.027333554685129807,5.768,6.0280000000000005,6.398999999999999,5.955166666666667,17.647058711738083,53917386.6,5.954666666666667,True,True,7.03
2021-10-13,5.62,5.63,5.49,5.56,27423544.0,205547149.0,1977588046.0,0.013867167156207618,5.715999999999999,5.936,6.345,5.951666666666667,19.897959041545178,53135299.65,5.958,True,True,7.03
2021-10-14,5.56,5.59,5.51,5.57,21952476.0,164347730.0,1977588046.0,0.01110063142038228,5.672,5.83,6.2865,5.948166666666666,17.80104698993999,51906461.6,5.958666666666667,True,True,7.03
2021-10-15,5.57,5.58,5.48,5.5,29760914.0,221299487.0,1977588046.0,0.01504909683298116,5.604,5.7299999999999995,6.2225,5.9415000000000004,18.27956975488499,51493432.75,5.957833333333334,True,True,7.03
2021-10-18,5.48,5.62,5.48,5.59,27927647.0,209533404.0,1977588046.0,0.0141220751493155,5.564,5.704,6.1579999999999995,5.935333333333333,23.756905893593014,49789287.4,5.957833333333334,True,True,7.03
2021-10-19,5.57,5.66,5.54,5.61,27578902.0,208823063.0,1977588046.0,0.013945726490298576,5.566,5.667,6.095000000000001,5.926166666666666,25.423728612467713,47479717.45,5.955166666666667,True,True,7.03
2021-10-20,5.59,5.62,5.53,5.54,23112752.0,173874076.0,1977588046.0,0.011687344109279673,5.562,5.639,6.0205,5.918666666666667,17.75147914288722,44355940.55,5.951666666666667,True,True,7.03
2021-10-21,5.55,5.69,5.55,5.61,34878482.0,264556041.0,1977588046.0,0.017636879465643778,5.57,5.6209999999999996,5.964,5.915166666666667,22.6993863081035,42269408.8,5.948166666666666,True,True,6.8
2021-10-22,5.61,5.67,5.51,5.53,37892960.0,285294561.0,1977588046.0,0.01916119996611266,5.5760000000000005,5.59,5.9005,5.9105,34.905659916340426,41361293.35,5.9415000000000004,True,True,6.8
2021-10-25,5.5,5.6,5.43,5.53,25761438.0,191997078.0,1977588046.0,0.013026695854127347,5.564,5.564,5.843,5.905333333333333,25.806451224419064,40101967.45,5.935333333333333,True,True,6.68
2021-10-26,5.53,5.58,5.51,5.53,21172439.0,158210146.0,1977588046.0,0.010706192850844124,5.548,5.557,5.7924999999999995,5.9014999999999995,31.16883060212521,38882897.35,5.926166666666666,True,True,6.63
2021-10-27,5.52,5.56,5.41,5.49,28680715.0,211226048.0,1977588046.0,0.014502876399365129,5.538000000000001,5.550000000000001,5.743,5.900166666666666,30.769230216962598,38080783.35,5.918666666666667,True,True,6.63
2021-10-28,5.45,5.5,5.33,5.35,27389137.0,198593108.0,1977588046.0,0.013849768689388609,5.486,5.5280000000000005,5.679,5.9005,21.83908010833673,36485542.15,5.915166666666667,True,True,6.63
2021-10-29,5.3,5.3,5.06,5.14,80435468.0,555738046.0,1977588046.0,0.040673520535631315,5.4079999999999995,5.492,5.611,5.899333333333333,18.446601691017136,38507886.3,5.9105,True,True,6.5
2021-11-01,5.14,5.16,5.06,5.07,41430466.0,284084281.0,1977588046.0,0.02094999819795634,5.316000000000001,5.4399999999999995,5.572,5.895666666666667,20.879120557903747,36176467.6,5.905333333333333,True,True,5.98
2021-11-02,5.08,5.11,4.93,5.0,42051376.0,284859096.0,1977588046.0,0.021263971576413947,5.21,5.379,5.523,5.891166666666666,20.212765656405708,35914820.95,5.9014999999999995,True,True,5.98
2021-11-03,5.0,5.07,4.96,5.04,27003878.0,183076249.0,1977588046.0,0.013654956124264518,5.12,5.329000000000001,5.484,5.885000000000001,22.680412043787896,35330692.55,5.900166666666666,True,True,5.84
2021-11-04,5.04,5.13,5.01,5.1,34675206.0,237656553.0,2024984623.0000002,0.017123688548621632,5.07,5.2780000000000005,5.4495,5.880333333333334,29.16666624131946,35205833.4,5.9005,True,True,5.84
2021-11-05,5.1,5.1,4.97,4.98,29851412.0,202115004.0,2024984623.0000002,0.014741549965833985,5.037999999999999,5.223000000000001,5.4065,5.874,19.19191892051836,34100515.8,5.899333333333333,True,True,5.84
2021-11-08,4.98,5.0,4.92,4.96,18753991.0,125600670.0,2024984623.0000002,0.009261300449884945,5.016,5.166,5.365,5.869,17.17171692888479,33089385.7,5.895666666666667,True,True,5.79
2021-11-09,4.98,4.98,4.93,4.96,19644861.0,131223606.0,2024984623.0000002,0.00970123959306727,5.008,5.109,5.333,5.8635,18.478260588374283,31368903.2,5.891166666666666,True,True,5.61
2021-11-10,4.95,4.95,4.8,4.89,43100373.0,282077917.0,2024984623.0000002,0.02128429643882782,4.978,5.0489999999999995,5.2995,5.853,10.86956505198485,32152744.65,5.885000000000001,True,True,5.61
2021-11-11,4.87,5.01,4.86,5.0,36524402.0,244273115.0,2024984623.0000002,0.018036878692880818,4.958,5.014,5.271,5.845166666666667,22.105262832132965,32881340.95,5.880333333333334,True,True,5.61
2021-11-12,4.99,5.0,4.91,4.94,27906556.0,185933768.0,2024984623.0000002,0.013781119956682257,4.95,4.994000000000001,5.243,5.834833333333333,20.79207891971376,32788623.05,5.874,True,True,5.61
2021-11-15,4.96,5.01,4.87,5.0,32437368.0,216540276.0,2024984623.0000002,0.01601857497166782,4.958,4.987,5.213500000000001,5.825666666666667,25.233644529653233,33014109.1,5.869,True,True,5.61
2021-11-16,5.0,5.15,4.98,5.1,57300003.0,393324978.0,2024984623.0000002,0.028296512649617286,4.986,4.997,5.188,5.817333333333334,32.74336242618838,34500164.15,5.8635,True,True,5.61
2021-11-17,5.1,5.13,5.06,5.1,38379375.0,263233065.0,2024984623.0000002,0.018952921698309606,5.0280000000000005,5.002999999999999,5.166,5.8084999999999996,37.37373684521986,35263495.3,5.853,True,True,5.61
2021-11-18,5.09,5.1,4.98,4.98,36925338.0,250476780.0,2024984623.0000002,0.018234873282788378,5.023999999999999,4.9910000000000005,5.1345,5.800666666666667,41.11111047160496,35365838.1,5.845166666666667,True,True,5.61
2021-11-19,4.97,5.11,4.96,5.1,41158945.0,281260133.0,2024984623.0000002,0.020325559282037074,5.056,5.003,5.113,5.792333333333333,51.57894660831023,35529137.35,5.834833333333333,True,True,5.53
2021-11-22,5.1,5.13,5.07,5.11,31499831.0,216495279.0,2024984623.0000002,0.015555590221388065,5.078,5.018,5.0920000000000005,5.785333333333333,56.17977439717212,35816057.0,5.825666666666667,True,True,5.53
2021-11-23,5.09,5.13,5.08,5.1,26089577.0,179703052.0,2024984623.0000002,0.01288383956286467,5.078,5.031999999999999,5.0705,5.7780000000000005,53.48837122228231,36061913.9,5.817333333333334,False,True,5.53
2021-11-24,5.12,5.17,5.08,5.15,28748293.0,198808667.0,2024984623.0000002,0.014196795705742006,5.087999999999999,5.058000000000001,5.0535000000000005,5.769,52.94117559861598,36065292.8,5.8084999999999996,False,False,5.49
2021-11-25,5.15,5.17,5.12,5.14,21940099.0,152094842.0,2024984623.0000002,0.010834699064280251,5.12,5.072,5.043,5.758666666666667,60.81080966033596,35792840.9,5.800666666666667,False,False,5.35
2021-11-26,5.13,5.15,5.1,5.1,18905285.0,130432306.0,2024984623.0000002,0.009336014103648824,5.12,5.087999999999999,5.0409999999999995,5.745666666666667,59.21052522506924,32716331.75,5.792333333333333,False,False,5.15
2021-11-29,5.02,5.08,4.99,5.01,26563927.0,180060884.0,2024984623.0000002,0.013118088255231159,5.1,5.089,5.038,5.730333333333333,52.94117559861592,31973004.8,5.785333333333333,False,False,5.15
2021-11-30,5.03,5.08,5.01,5.04,24199769.0,164866428.0,2024984623.0000002,0.011950593957670758,5.087999999999999,5.083,5.04,5.713166666666667,59.259258235025186,31080424.45,5.7780000000000005,True,False,5.15
2021-12-01,5.03,5.13,5.02,5.13,22354286.0,153416480.0,2024984623.0000002,0.011039237407582031,5.0840000000000005,5.086,5.0445,5.6935,58.22784706937992,30847944.85,5.769,False,True,5.15
2021-12-02,5.11,5.15,5.1,5.12,20844826.0,143951864.0,2024984623.0000002,0.010293819401511573,5.08,5.1,5.0455,5.671333333333334,62.16216098612125,30156425.85,5.758666666666667,False,False,5.15
2021-12-03,5.13,5.18,5.12,5.18,30143948.0,209736766.0,2024984623.0000002,0.014886013285050015,5.095999999999999,5.1080000000000005,5.0555,5.649666666666667,62.16216098612125,30171052.65,5.745666666666667,False,False,5.15
2021-12-06,5.2,5.23,5.12,5.12,31627759.0,220554559.0,2024984623.0000002,0.015618765022098637,5.118,5.109,5.0635,5.625166666666668,51.42857040000005,30814741.05,5.730333333333333,False,False,5.18
2021-12-07,5.15,5.26,5.1,5.25,43275396.0,302696695.0,2024984623.0000002,0.021370728206265493,5.16,5.1240000000000006,5.078,5.603333333333334,59.03614358252291,31996267.8,5.713166666666667,False,False,5.18
2021-12-08,5.26,5.26,5.19,5.24,25559259.0,179924237.0,2024984623.0000002,0.012621952142102759,5.182,5.133,5.0954999999999995,5.579999999999999,68.05555423225309,31119212.1,5.6935,False,False,5.25
2021-12-09,5.24,5.3,5.21,5.3,29913438.0,212938272.0,2024984623.0000002,0.014772180321884843,5.218,5.148999999999999,5.1105,5.555999999999999,65.15151376951334,30788663.9,5.671333333333334,False,False,5.25
2021-12-10,5.27,5.36,5.23,5.24,31278653.0,222575432.0,2024984623.0000002,0.015446365688279104,5.23,5.163,5.1255,5.530333333333333,59.15492841102957,30957268.75,5.649666666666667,False,False,5.3
2021-12-13,5.25,5.28,5.19,5.21,29315505.0,206887602.0,2024984623.0000002,0.014476902524113634,5.248,5.183000000000001,5.136,5.5024999999999995,57.53424547194601,30801175.6,5.625166666666668,False,False,5.3
2021-12-14,5.21,5.21,5.16,5.17,21441819.0,149548141.0,2024984623.0000002,0.010588632998226969,5.232,5.196,5.1395,5.474166666666666,51.38888788966049,29008266.4,5.603333333333334,False,False,5.3
2021-12-15,5.17,5.21,5.16,5.18,14084946.0,98511269.0,2024984623.0000002,0.0069555817066567415,5.220000000000001,5.2010000000000005,5.1434999999999995,5.443333333333333,52.777776751543236,27793544.95,5.579999999999999,False,False,5.3
2021-12-16,5.19,5.27,5.18,5.26,21799293.0,153619534.0,2024984623.0000002,0.010765164709105051,5.212000000000001,5.215,5.157500000000001,5.418666666666667,60.52631467451529,27037242.7,5.555999999999999,False,False,5.3
2021-12-17,5.26,5.28,5.21,5.23,19280213.0,136147785.0,2024984623.0000002,0.009521165139237701,5.209999999999999,5.22,5.164,5.3925,65.71428440000012,25943306.1,5.530333333333333,False,False,5.3
2021-12-20,5.23,5.25,5.18,5.19,19800184.0,138904447.0,2024984623.0000002,0.009777942891569304,5.2059999999999995,5.227,5.168,5.367666666666667,60.56337908748274,25358323.75,5.5024999999999995,False,False,5.3
2021-12-21,5.19,5.38,5.18,5.36,46816766.0,334380866.0,2024984623.0000002,0.02311956617756499,5.244,5.238,5.181,5.348,64.55696088126913,26394683.2,5.474166666666666,False,False,5.3
2021-12-22,5.36,5.38,5.27,5.3,33505302.0,239697024.0,2024984623.0000002,0.016545953791176023,5.268,5.244,5.1884999999999994,5.328333333333334,60.71428470238098,26632533.65,5.443333333333333,False,False,5.36
2021-12-23,5.3,5.32,5.27,5.29,16882454.0,120524805.0,2024984623.0000002,0.008337077629255656,5.273999999999999,5.243,5.196,5.306,56.96202430700214,26379651.4,5.418666666666667,False,False,5.36
2021-12-24,5.3,5.31,5.24,5.28,19927118.0,141607340.0,2024984623.0000002,0.009840626824354902,5.284000000000001,5.247,5.205,5.285666666666668,60.81080966033607,26430743.05,5.3925,False,False,5.36
2021-12-27,5.28,5.31,5.27,5.27,14371693.0,102475414.0,2024984623.0000002,0.007097186238732242,5.3,5.253,5.218,5.276,51.61290206035379,25821131.35,5.367666666666667,False,False,5.36
2021-12-28,5.29,5.3,5.26,5.3,15091375.0,107455781.0,2024984623.0000002,0.0074525874560184245,5.288,5.266,5.231,5.264666666666667,54.687498803710945,25365711.65,5.348,False,False,5.36
2021-12-29,5.28,5.33,5.27,5.3,16234309.0,115966287.0,2024984623.0000002,0.008017003593809512,5.288,5.2780000000000005,5.2395,5.256,49.99999879310348,25059712.8,5.328333333333334,False,False,5.36
2021-12-30,5.29,5.32,5.28,5.31,17970355.0,128507985.0,2024984623.0000002,0.008874316770552582,5.292,5.2829999999999995,5.2490000000000006,5.248,56.60377208971162,24915989.25,5.306,False,False,5.36
2021-12-31,5.32,5.36,5.3,5.35,23245369.0,167375605.0,2024984623.0000002,0.011479281736748278,5.306,5.295,5.257499999999999,5.239833333333333,62.96296133058986,24571060.3,5.285666666666668,False,False,5.36
2022-01-04,5.4,5.47,5.36,5.46,34602373.0,253529776.0,2024984623.0000002,0.01708772136192167,5.343999999999999,5.322,5.274500000000001,5.234333333333333,73.77049011018546,24719791.0,5.276,False,False,5.36
2022-01-05,5.45,5.52,5.4,5.49,31823848.0,234515664.0,2024984623.0000002,0.01571559983149561,5.382,5.334999999999999,5.2865,5.2325,74.60317294532632,24147213.6,5.264666666666667,False,False,5.46
2022-01-06,5.45,5.59,5.44,5.54,29618405.0,221407220.0,2024984623.0000002,0.014626483906885448,5.43,5.359,5.3015,5.232166666666667,73.33333162222226,24350170.9,5.256,False,False,5.49
2022-01-07,5.54,5.73,5.54,5.64,48356912.0,367552332.0,2024984623.0000002,0.023880137878953166,5.496,5.394,5.3185,5.233333333333333,80.59701324125635,25272344.6,5.248,False,False,5.54
2022-01-10,5.63,5.73,5.58,5.63,33566980.0,254513580.0,2024984623.0000002,0.016576412294070045,5.5520000000000005,5.429,5.338,5.2355,84.37499815429685,25386760.95,5.239833333333333,False,False,5.64
2022-01-11,5.62,5.75,5.61,5.7,34755279.0,266568377.0,2024984623.0000002,0.017163231071113172,5.6,5.4719999999999995,5.3625,5.237333333333333,81.48147936899862,25658749.65,5.234333333333333,False,False,5.64
2022-01-12,5.7,5.72,5.59,5.62,30327824.0,230310092.0,2024984623.0000002,0.0149768169375378,5.6259999999999994,5.504,5.385,5.2375,78.57142660714291,26103049.9,5.2325,False,False,5.7
2022-01-13,5.62,5.69,5.54,5.56,34396180.0,259878257.0,2024984623.0000002,0.016985896885005628,5.63,5.53,5.404,5.237833333333333,72.13114588551461,27118611.6,5.232166666666667,False,False,5.7
2022-01-14,5.55,5.55,5.42,5.43,31855622.0,234995560.0,2024984623.0000002,0.01573129081484388,5.587999999999999,5.542,5.4125,5.234833333333333,60.2739714468005,27621428.05,5.233333333333333,False,False,5.7
2022-01-17,5.42,5.5,5.42,5.44,20860725.0,153277800.0,2024984623.0000002,0.010301670819156634,5.55,5.551,5.423,5.233333333333333,61.64383443422787,27700453.65,5.2355,False,False,5.7
2022-01-18,5.45,5.52,5.42,5.48,24002997.0,176927118.0,2024984623.0000002,0.011853421861761958,5.506,5.553,5.4375,5.2325,62.16216098612131,27910594.3,5.237333333333333,False,False,5.7
2022-01-19,5.46,5.56,5.45,5.52,22743505.0,169097464.0,2024984623.0000002,0.011231445780711984,5.486,5.556,5.4455,5.232333333333333,64.10256295200526,26706931.25,5.2375,False,False,5.7
2022-01-20,5.5,5.54,5.41,5.47,23425623.0,173153114.0,2024984623.0000002,0.011568296733678455,5.468,5.5489999999999995,5.454,5.232,59.756096540749574,26202947.3,5.237833333333333,False,False,5.7
2022-01-21,5.46,5.47,5.3,5.32,32814192.0,237038057.0,2024984623.0000002,0.016204662310662886,5.446,5.517,5.4555,5.2315,48.38709604578568,26999534.2,5.234833333333333,False,False,5.7
2022-01-24,5.29,5.38,5.27,5.33,17721562.0,127262512.0,2024984623.0000002,0.008751455096851863,5.424,5.487,5.458,5.234666666666667,42.16867398751634,26889256.4,5.233333333333333,True,False,5.7
2022-01-25,5.32,5.34,5.11,5.12,36865287.0,258759546.0,2024984623.0000002,0.018205218242785638,5.351999999999999,5.429,5.4505,5.2355,31.68316787765903,28013936.1,5.2325,True,True,5.7
2022-01-26,5.13,5.2,5.11,5.16,17049652.0,118464329.0,2024984623.0000002,0.008419645169819148,5.279999999999999,5.383,5.4435,5.238166666666667,30.999999565999985,28111849.95,5.232333333333333,True,True,5.7
2022-01-27,5.17,5.22,5.13,5.13,18321910.0,127499171.0,2024984623.0000002,0.009047925496271779,5.212000000000001,5.34,5.4350000000000005,5.2396666666666665,22.580644821366647,28216230.0,5.232,True,True,5.7
2022-01-28,5.18,5.19,5.07,5.14,18931751.0,131090908.0,2024984623.0000002,0.00934908383252449,5.176,5.311,5.4265,5.240333333333334,23.655913622384077,28264299.8,5.2315,True,True,5.7
2022-02-07,5.21,5.3,5.19,5.27,20758236.0,147007868.0,2024984623.0000002,0.010251058582976705,5.164,5.294,5.4225,5.245166666666666,28.282827882869057,28139943.15,5.234666666666667,True,True,5.7
2022-02-08,5.27,5.4,5.26,5.39,25240395.0,181866397.0,2024984623.0000002,0.012464487242676705,5.218,5.284999999999999,5.419,5.252333333333334,38.83495092845695,27671844.25,5.2355,True,True,5.7
2022-02-09,5.39,5.46,5.38,5.42,20970141.0,153240588.0,2024984623.0000002,0.01035570382205317,5.2700000000000005,5.275,5.4155,5.26,42.99999939800002,27129158.9,5.238166666666667,True,True,5.7
2022-02-10,5.41,5.51,5.4,5.5,24397551.0,180159112.0,2024984623.0000002,0.0120482648227991,5.343999999999999,5.2780000000000005,5.4135,5.270166666666666,53.68420973518008,26868116.2,5.2396666666666665,False,True,5.7
2022-02-11,5.47,5.59,5.44,5.47,29976327.0,222949398.0,2024984623.0000002,0.014803236854011408,5.409999999999999,5.293,5.404999999999999,5.2780000000000005,51.546391008608765,25949086.95,5.240333333333334,False,False,5.7
2022-02-14,5.45,5.52,5.35,5.36,23740925.0,172970821.0,2024984623.0000002,0.011724002607401527,5.428,5.296,5.3915,5.285,44.23076863535503,25457784.2,5.245166666666666,False,False,5.7
2022-02-15,5.39,5.4,5.32,5.36,15855200.0,114540922.0,2024984623.0000002,0.007829787851184091,5.422,5.319999999999999,5.374499999999999,5.2909999999999995,41.99999941200004,24512780.25,5.252333333333334,True,False,5.7
2022-02-16,5.37,5.47,5.37,5.44,17803680.0,130404964.0,2024984623.0000002,0.008792007503555249,5.426,5.348000000000001,5.3655,5.296666666666666,48.54368866057125,23886573.05,5.26,True,True,5.62
2022-02-17,5.46,5.46,5.36,5.36,20443702.0,148404081.0,2024984623.0000002,0.01009573197139285,5.398000000000001,5.371,5.3555,5.301,52.08333257378473,23188949.15,5.270166666666666,False,True,5.56
2022-02-18,5.33,5.44,5.32,5.44,20741810.0,151066557.0,2024984623.0000002,0.010242946916441844,5.392,5.401,5.356,5.308666666666666,55.33980507305121,22633258.55,5.2780000000000005,False,False,5.52
2022-02-21,5.45,5.48,5.4,5.46,16112720.0,117992522.0,2024984623.0000002,0.007956959187240207,5.412000000000001,5.42,5.357,5.314666666666667,70.23809406746034,22395858.3,5.285,False,False,5.52
2022-02-22,5.45,5.46,5.36,5.41,19657479.0,143519620.0,2024984623.0000002,0.009707470751495181,5.422000000000001,5.422,5.3534999999999995,5.3196666666666665,64.70588128719726,22178582.4,5.2909999999999995,False,False,5.52
2022-02-23,5.41,5.44,5.38,5.44,18419338.0,134391112.0,2024984623.0000002,0.00909603845421398,5.422000000000001,5.424,5.3495,5.325333333333333,68.23529299377168,21962374.05,5.296666666666666,False,False,5.52
2022-02-24,5.41,5.43,5.21,5.24,32516015.0,232336426.0,2024984623.0000002,0.016057413291281075,5.398,5.398000000000001,5.338,5.326833333333334,54.80769156989649,22416893.65,5.301,False,False,5.5
2022-02-25,5.29,5.44,5.27,5.4,34795561.0,252866263.0,2024984623.0000002,0.017183123567847455,5.390000000000001,5.391,5.342,5.331166666666666,56.074765621451704,22515962.1,5.308666666666666,True,False,5.5
2022-02-28,5.43,5.44,5.29,5.34,17515203.0,125992882.0,2024984623.0000002,0.00864954864400469,5.3660000000000005,5.389,5.342499999999999,5.335166666666667,47.5247518164886,22505644.15,5.314666666666667,False,True,5.5
2022-03-01,5.33,5.39,5.32,5.37,16511343.0,119196834.0,2024984623.0000002,0.008153811546251923,5.358,5.390000000000001,5.355,5.341166666666667,47.5247518164886,21487946.95,5.3196666666666665,True,False,5.5
2022-03-02,5.35,5.41,5.33,5.39,18867623.0,136970432.0,2024984623.0000002,0.00931741544389989,5.348,5.385,5.3665,5.3469999999999995,44.21052566426592,21578845.5,5.325333333333333,False,True,5.5
2022-03-03,5.4,5.75,5.39,5.69,95433801.0,721766014.0,2024984623.0000002,0.04712816083443414,5.438000000000001,5.418,5.3945,5.356333333333334,59.016392765385675,25434440.05,5.326833333333334,False,False,5.5
2022-03-04,5.64,5.68,5.51,5.53,54692825.0,410345825.0,2024984623.0000002,0.027009007564202128,5.464,5.4270000000000005,5.414,5.363166666666666,56.692912760865525,27222493.75,5.331166666666666,False,False,5.69
2022-03-07,5.52,5.56,5.48,5.5,34756292.0,258675357.0,2024984623.0000002,0.017163731321825446,5.496,5.431,5.4255,5.368499999999999,55.38461478816568,27922396.55,5.335166666666667,False,False,5.69
2022-03-08,5.5,5.53,5.27,5.27,46917382.0,339206982.0,2024984623.0000002,0.02316925346844967,5.476,5.417,5.4195,5.3709999999999996,44.13793060832341,29006245.9,5.341166666666667,False,False,5.69
2022-03-09,5.31,5.36,5.06,5.24,45957643.0,324250644.0,2024984623.0000002,0.02269530468429636,5.446,5.397,5.410500000000001,5.370833333333334,45.71428525714286,30255621.0,5.3469999999999995,True,False,5.69
2022-03-10,5.31,5.4,5.3,5.3,38241165.0,275388386.0,2024984623.0000002,0.018884669328177905,5.368,5.4030000000000005,5.4005,5.371833333333333,44.92753577609744,30947801.7,5.356333333333334,True,True,5.69
2022-03-11,5.25,5.44,5.14,5.41,38557161.0,275873891.0,2024984623.0000002,0.01904071792055282,5.343999999999999,5.404,5.3975,5.373666666666667,48.29931926789765,31376843.4,5.363166666666666,True,True,5.69
2022-03-14,5.38,5.5,5.32,5.33,31685428.0,231468476.0,2024984623.0000002,0.015647243756872715,5.31,5.4030000000000005,5.396,5.375166666666667,47.33333289155556,31774068.55,5.368499999999999,False,True,5.69
2022-03-15,5.3,5.3,4.98,5.0,53682985.0,371972400.0,2024984623.0000002,0.02651031735760494,5.256,5.366,5.378,5.371666666666667,37.77777748395062,33665457.8,5.3709999999999996,True,False,5.69
2022-03-16,5.08,5.14,4.9,5.11,33100710.0,224648424.0,2024984623.0000002,0.016346153755459898,5.23,5.337999999999999,5.3615,5.370666666666667,46.19883003112069,34430309.3,5.370833333333334,True,True,5.69
2022-03-17,5.16,5.24,5.14,5.16,25931121.0,181266804.0,2024984623.0000002,0.01280558909212023,5.202,5.285,5.3515,5.370333333333334,42.499999628125,34704680.25,5.371833333333333,True,True,5.69
2022-03-18,5.15,5.33,5.13,5.3,31528627.0,224031745.0,2024984623.0000002,0.01556981057628505,5.18,5.262,5.3445,5.3709999999999996,48.809523402777785,35244021.1,5.373666666666667,True,True,5.69
2022-03-21,5.3,5.33,5.26,5.31,23289329.0,166269670.0,2024984623.0000002,0.011500990543571154,5.176,5.243,5.337,5.372333333333333,48.192770677892284,35602851.55,5.375166666666667,True,True,5.69
2022-03-22,5.29,5.53,5.29,5.49,48009121.0,351927220.0,2024984623.0000002,0.023708387932780857,5.274,5.265000000000001,5.341,5.3773333333333335,52.74725234150467,37020433.65,5.371666666666667,True,True,5.69
2022-03-23,5.46,5.53,5.39,5.45,30043066.0,220653648.0,2024984623.0000002,0.01483619463514316,5.3420000000000005,5.286,5.341500000000001,5.378833333333333,42.307691928007884,37601620.05,5.370666666666667,False,True,5.69
2022-03-24,5.44,5.55,5.41,5.5,32194064.0,238517458.0,2024984623.0000002,0.0158984239358345,5.409999999999999,5.306,5.3545,5.382166666666666,48.96551676860879,37585522.5,5.370333333333334,False,False,5.69
2022-03-25,5.47,5.62,5.45,5.56,39241621.0,293831292.0,2024984623.0000002,0.01937872542551154,5.462000000000001,5.321,5.3625,5.386666666666667,52.02702653487946,37807825.5,5.3709999999999996,False,False,5.69
2022-03-28,5.52,5.56,5.45,5.52,32714820.0,243145130.0,2024984623.0000002,0.016155589345430797,5.504,5.34,5.3715,5.390666666666666,59.68992183282256,38567806.35,5.372333333333333,False,False,5.69
2022-03-29,5.52,5.57,5.46,5.53,25233146.0,187837788.0,2024984623.0000002,0.012460907462406936,5.5120000000000005,5.393,5.3795,5.395,61.41732215760432,39003896.5,5.3773333333333335,False,False,5.69
2022-03-30,5.53,5.65,5.52,5.63,41454025.0,312823821.0,2024984623.0000002,0.02047127890708926,5.548,5.445,5.3915,5.400499999999999,62.59541917836957,40133216.6,5.378833333333333,False,False,5.69
2022-03-31,5.61,5.85,5.59,5.74,61752427.0,478183183.0,2024984623.0000002,0.030495257247195397,5.596,5.503,5.394,5.407833333333333,62.59541917836957,38449147.9,5.382166666666666,False,False,5.69
2022-04-01,5.71,5.81,5.67,5.79,39697341.0,307097854.0,2024984623.0000002,0.01960377404801656,5.642,5.5520000000000005,5.407,5.4158333333333335,67.96874925659179,37699373.7,5.386666666666667,False,False,5.74
2022-04-06,5.82,6.11,5.82,6.04,75424473.0,605503906.0,2024984623.0000002,0.037246936170932096,5.746,5.625,5.433999999999999,5.427333333333333,93.33333224444445,39732782.75,5.390666666666666,False,False,5.79
2022-04-07,5.99,6.05,5.79,5.81,53779024.0,427190227.0,2024984623.0000002,0.02655774438441254,5.8020000000000005,5.656999999999999,5.461,5.433166666666667,76.51515070362716,40075864.85,5.395,False,False,6.04
2022-04-08,5.79,5.87,5.67,5.83,42159180.0,328813661.0,2024984623.0000002,0.0208195062427395,5.8420000000000005,5.695,5.490499999999999,5.438833333333334,75.96899142359231,39885941.7,5.400499999999999,False,False,6.04
2022-04-11,5.94,6.02,5.71,5.76,52509315.0,414638574.0,2024984623.0000002,0.025930722832950615,5.846,5.721,5.5135,5.4425,68.85245822628325,40599349.2,5.407833333333333,False,False,6.04
2022-04-12,5.67,5.82,5.6,5.79,43677971.0,335898510.0,2024984623.0000002,0.02156953218503526,5.845999999999999,5.744,5.532500000000001,5.444999999999999,69.35483792663891,40855389.7,5.4158333333333335,False,False,6.04
2022-04-13,5.76,5.97,5.73,5.88,66406097.0,528294767.0,2024984623.0000002,0.03279338334017561,5.814,5.78,5.5600000000000005,5.449166666666667,66.95652092400755,42591423.15,5.427333333333333,False,False,6.04
2022-04-14,5.87,5.92,5.77,5.88,47152528.0,371556586.0,2024984623.0000002,0.023285375831715634,5.828,5.8149999999999995,5.604,5.452166666666668,69.36936849444037,42264900.3,5.433166666666667,False,False,6.04
2022-04-15,5.84,6.07,5.79,5.8,52362327.0,417379401.0,2024984623.0000002,0.025858135615087086,5.822,5.832,5.6385,5.455166666666667,63.157893961218825,43227981.15,5.438833333333334,False,False,6.04
2022-04-18,5.71,5.87,5.7,5.8,27295549.0,213532772.0,2024984623.0000002,0.013479385813587976,5.83,5.837999999999999,5.6705000000000005,5.4591666666666665,61.11111031893004,43296202.55,5.4425,False,False,6.04
2022-04-19,5.81,6.02,5.79,5.98,49449722.0,396540890.0,2024984623.0000002,0.024419801236189434,5.868,5.857,5.7044999999999995,5.468333333333334,68.85245822628326,44192257.3,5.444999999999999,False,False,6.04
2022-04-20,5.99,6.01,5.77,5.85,42884381.0,339803989.0,2024984623.0000002,0.021177632912820394,5.862,5.837999999999999,5.7315000000000005,5.4751666666666665,61.940297860325195,45172009.9,5.449166666666667,False,False,6.04
2022-04-21,5.85,5.85,5.55,5.59,65042068.0,495837536.0,2024984623.0000002,0.03211978365724113,5.804,5.816,5.7364999999999995,5.477,48.66666621244445,46023657.25,5.452166666666668,False,False,6.04
2022-04-22,5.56,5.84,5.51,5.82,52617042.0,406180417.0,2024984623.0000002,0.02598392175543942,5.808,5.8149999999999995,5.755,5.482,52.469135349032165,47152356.05,5.455166666666667,True,False,6.04
2022-04-25,5.75,5.76,5.33,5.36,57092637.0,424998224.0,2024984623.0000002,0.0281941089090433,5.720000000000001,5.775,5.747999999999999,5.480166666666666,39.40886672328863,48397284.7,5.4591666666666665,False,True,6.04
2022-04-26,5.41,5.5,5.23,5.26,36109144.0,261620897.0,2024984623.0000002,0.01783181145667396,5.5760000000000005,5.7219999999999995,5.7330000000000005,5.479166666666667,29.255318931077454,48240660.85,5.468333333333334,True,False,6.04
2022-04-27,5.2,5.37,5.05,5.37,42332831.0,297472622.0,2024984623.0000002,0.020905260474168054,5.4799999999999995,5.671,5.725499999999999,5.479833333333334,37.49999970170459,48721561.4,5.4751666666666665,True,True,6.04
2022-04-28,5.42,5.61,5.35,5.47,40939814.0,302266309.0,2024984623.0000002,0.02021734562080178,5.456,5.630000000000001,5.722499999999999,5.485666666666666,40.21739099834595,49506894.8,5.477,True,True,6.04
2022-04-29,5.47,5.58,5.44,5.55,36737797.0,273013260.0,2024984623.0000002,0.018142259740013836,5.401999999999999,5.6049999999999995,5.718500000000001,5.492166666666666,44.32432398889702,49271083.4,5.482,True,True,6.04
2022-05-05,5.55,5.66,5.51,5.62,31063643.0,234714420.0,2024984623.0000002,0.015340187104225727,5.454,5.587000000000001,5.7125,5.500333333333333,45.50264516558888,47736644.2,5.480166666666666,True,True,6.04
2022-05-06,5.49,5.49,5.32,5.36,32482353.0,236769119.0,2024984623.0000002,0.016040789955173895,5.473999999999999,5.525,5.691,5.5040000000000004,37.378640522669464,47375894.8,5.479166666666667,True,True,6.04
2022-05-09,5.31,5.44,5.31,5.43,19179112.0,139420751.0,2024984623.0000002,0.009471238340361461,5.486,5.4830000000000005,5.660500000000001,5.506666666666667,39.43661945910203,44563626.75,5.479833333333334,True,True,6.04
2022-05-10,5.36,5.5,5.26,5.5,32498640.0,235577202.0,2024984623.0000002,0.016048832979212207,5.492,5.474,5.6450000000000005,5.5085,42.92452801842293,43499607.55,5.485666666666666,True,True,5.98
2022-05-11,5.51,6.05,5.51,5.91,148361617.0,1192367336.0,2024984623.0000002,0.07326555239723417,5.564,5.483,5.649,5.516666666666667,52.173912754768864,48809729.4,5.492166666666666,True,True,5.98
2022-05-12,5.82,6.04,5.8,5.85,103089945.0,822625040.0,2024984623.0000002,0.050909001396402205,5.61,5.532,5.653499999999999,5.5225,47.30290428952669,51338760.9,5.500333333333333,False,True,5.98
2022-05-13,5.86,6.1,5.81,6.02,82025753.0,661679268.0,2024984623.0000002,0.04050685228339138,5.742,5.608,5.665,5.531666666666666,53.46938744956268,53256150.0,5.5040000000000004,False,False,5.98
2022-05-16,6.02,6.02,5.89,5.99,51573268.0,413432040.0,2024984623.0000002,0.025468473890727414,5.854,5.67,5.6705,5.542166666666666,59.00900863688013,52514508.55,5.506666666666667,False,False,6.02
2022-05-17,5.96,5.98,5.81,5.9,41783277.0,331041066.0,2024984623.0000002,0.020633873722012946,5.934,5.712999999999999,5.6715,5.551166666666666,51.923076573594685,52246046.0,5.5085,False,False,6.02
2022-05-18,5.9,5.94,5.78,5.79,37926694.0,298494651.0,2024984623.0000002,0.018729373827941407,5.91,5.737,5.671,5.557,62.42774515954425,51524264.35,5.516666666666667,False,False,6.02
2022-05-19,5.71,5.87,5.67,5.86,40341574.0,315977860.0,2024984623.0000002,0.019921916216941067,5.912,5.761,5.6739999999999995,5.565333333333333,67.647058266436,52176565.6,5.5225,False,False,6.02
2022-05-20,5.85,5.9,5.81,5.86,35248979.0,278382425.0,2024984623.0000002,0.01740703539159665,5.88,5.811,5.668,5.572333333333334,65.40880445551997,51466528.45,5.531666666666666,False,False,6.02
2022-05-23,5.85,5.91,5.79,5.82,31020369.0,244169300.0,2024984623.0000002,0.015318817065407412,5.846000000000001,5.85,5.6665,5.578333333333333,61.437907934555106,50873327.85,5.542166666666666,False,False,6.02
2022-05-24,5.85,5.86,5.61,5.61,44086825.0,339026636.0,2024984623.0000002,0.021771436928091675,5.788,5.861,5.6675,5.581666666666666,51.80722847873423,49825565.7,5.551166666666666,False,False,6.02
2022-05-25,5.62,5.82,5.61,5.79,39489049.0,306203029.0,2024984623.0000002,0.01950091302001951,5.788,5.849,5.6659999999999995,5.5875,54.80225945354145,49169166.05,5.557,True,False,6.02
2022-05-26,5.81,5.87,5.76,5.85,34362290.0,270421322.0,2024984623.0000002,0.016969160955450868,5.786,5.849,5.6905,5.597666666666667,65.60509495638766,48032648.7,5.565333333333333,False,True,6.02
2022-05-27,5.87,5.9,5.8,5.86,28543314.0,225019442.0,2024984623.0000002,0.01409557073955124,5.7860000000000005,5.833,5.7204999999999995,5.605333333333333,64.23841000043859,47654357.2,5.572333333333334,False,False,6.02
2022-05-30,5.87,5.96,5.84,5.87,31421067.0,249362834.0,2024984623.0000002,0.015516694123558288,5.795999999999999,5.821,5.745500000000001,5.614166666666666,62.75862008370988,47108769.0,5.578333333333333,False,False,6.02
2022-05-31,5.87,5.9,5.84,5.89,29353600.0,232345444.0,2024984623.0000002,0.014495715012646787,5.851999999999999,5.82,5.766500000000001,5.622833333333333,49.05660312566748,46529458.3,5.581666666666666,False,False,6.02
2022-06-01,5.9,5.9,5.79,5.87,23526470.0,185432727.0,2024984623.0000002,0.011618098099503444,5.868,5.828,5.7825,5.630833333333333,50.980391457131915,45868891.95,5.5875,False,False,6.02
2022-06-02,5.8,5.85,5.76,5.77,25027609.0,195175626.0,2024984623.0000002,0.012359406938568143,5.852,5.819,5.790000000000001,5.6321666666666665,36.842104720221606,45567090.25,5.597666666666667,False,False,6.02
2022-06-06,5.79,5.8,5.7,5.79,27644906.0,214075202.0,2024984623.0000002,0.01365190909896603,5.837999999999999,5.811999999999999,5.8115000000000006,5.636500000000001,39.36170154142147,45325217.9,5.605333333333333,True,False,6.02
2022-06-07,5.79,5.82,5.72,5.82,23495700.0,183390855.0,2024984623.0000002,0.011602902922389252,5.828,5.811999999999999,5.831,5.641833333333334,45.45454473140497,45541047.3,5.614166666666666,True,True,6.02
2022-06-08,5.8,5.85,5.7,5.82,23926993.0,186354462.0,2024984623.0000002,0.011815888737244993,5.814,5.833,5.8469999999999995,5.651,51.94805100354194,45112464.95,5.622833333333333,True,True,6.02
2022-06-09,5.81,5.98,5.79,5.88,45382218.0,361154996.0,2024984623.0000002,0.0224111420326573,5.816,5.8420000000000005,5.8454999999999995,5.661666666666666,51.31578852839335,39963495.0,5.630833333333333,True,True,6.02
2022-06-10,5.83,6.1,5.81,6.1,75540300.0,616262482.0,2024984623.0000002,0.03730413512379545,5.882,5.867,5.8580000000000005,5.675,62.24489706997083,38586012.75,5.6321666666666665,False,True,6.02
2022-06-13,6.08,6.08,5.76,5.87,70393660.0,561400917.0,2024984623.0000002,0.034762565206896384,5.898000000000001,5.868,5.850499999999999,5.682666666666666,52.13675151289356,38004408.1,5.636500000000001,False,False,6.1
2022-06-14,5.8,5.91,5.74,5.91,33268707.0,260852065.0,2024984623.0000002,0.01642911586692083,5.916,5.872,5.846500000000001,5.692333333333334,64.99999909000002,37089180.05,5.641833333333334,False,False,6.1
2022-06-15,5.92,6.07,5.89,5.96,49109767.0,396776179.0,2024984623.0000002,0.024251920949031322,5.944,5.879,5.8495,5.708333333333333,59.77011398071082,37455504.55,5.651,False,False,6.1
2022-06-16,5.97,6.0,5.86,5.89,32337014.0,257929870.0,2024984623.0000002,0.01596901706448168,5.946,5.881,5.8545,5.721333333333334,52.272726441115715,37176020.55,5.661666666666666,False,False,6.1
2022-06-17,5.82,5.87,5.76,5.85,32157738.0,252152221.0,2024984623.0000002,0.01588048503418191,5.896,5.889,5.854,5.732833333333333,49.45054868977174,36766828.75,5.675,False,False,6.1
2022-06-20,5.82,5.85,5.79,5.82,22050843.0,172896935.0,2024984623.0000002,0.01088938787462585,5.886,5.892,5.852,5.7415,47.311827244768196,36106921.95,5.682666666666666,True,False,6.1
2022-06-21,5.82,5.82,5.72,5.77,22661692.0,176672844.0,2024984623.0000002,0.01119104399243628,5.858,5.887,5.8495,5.749166666666667,43.74999936197917,35688988.1,5.692333333333334,True,True,6.1
2022-06-22,5.79,5.79,5.7,5.7,18831475.0,145559945.0,2024984623.0000002,0.009299564444149361,5.805999999999999,5.875,5.854,5.752666666666667,41.58415783942751,34426220.6,5.708333333333333,True,True,6.1
2022-06-23,5.76,5.83,5.69,5.83,25670801.0,199881431.0,2024984623.0000002,0.012677035029514887,5.794,5.869999999999999,5.856,5.759,52.88461467270712,33735308.2,5.721333333333334,True,True,6.1
2022-06-24,5.83,5.85,5.78,5.81,21449061.0,167889498.0,2024984623.0000002,0.010592209321680365,5.786,5.840999999999999,5.854,5.764166666666667,50.96153777551774,33089646.75,5.732833333333333,True,True,6.1
2022-06-27,5.81,6.01,5.81,5.99,55701781.0,445940570.0,2024984623.0000002,0.02750726122427449,5.819999999999999,5.853,5.8605,5.771333333333334,57.14285647058824,34447570.1,5.7415,True,True,6.1
2022-06-28,5.99,6.04,5.93,5.96,39199603.0,315248040.0,2024984623.0000002,0.019357975638316732,5.858,5.858,5.865,5.778666666666666,55.73770427841977,34836496.9,5.749166666666667,False,True,6.1
2022-06-29,6.02,6.03,5.92,5.93,37082039.0,279636816.0,2024984623.0000002,0.018312257080284996,5.904,5.8549999999999995,5.866999999999999,5.785333333333333,52.10083972318339,35222918.85,5.752666666666667,False,False,6.1
2022-06-30,5.93,6.0,5.92,5.93,26239496.0,197477044.0,2024984623.0000002,0.012957874199126695,5.9239999999999995,5.859,5.87,5.790333333333334,41.23711280688704,35358570.15,5.759,False,False,6.1
2022-07-01,5.94,5.95,5.88,5.9,18137758.0,135603293.0,2024984623.0000002,0.008956985546452714,5.942,5.864,5.876499999999999,5.793,51.94805100354194,35014077.6,5.764166666666667,False,False,6.1
2022-07-04,5.89,5.91,5.74,5.83,30016178.0,220614835.0,2024984623.0000002,0.014822916509623292,5.91,5.865,5.8785,5.793666666666667,44.999999212500015,35132641.2,5.771333333333334,False,False,6.1
2022-07-05,5.85,5.98,5.85,5.93,27200152.0,203491481.0,2024984623.0000002,0.013432275826224877,5.904,5.881,5.8839999999999995,5.791833333333333,48.235293323183384,35317863.8,5.778666666666666,True,False,6.1
2022-07-06,5.92,5.92,5.72,5.73,29200035.0,213165028.0,2024984623.0000002,0.014419879868885304,5.864,5.884,5.8795,5.7905,41.836734096209966,35581515.9,5.785333333333333,False,True,6.1
2022-07-07,5.74,5.79,5.68,5.73,15289685.0,110963563.0,2024984623.0000002,0.0075505190638674785,5.824,5.8740000000000006,5.872,5.788833333333333,43.61702062698058,34076889.25,5.790333333333334,True,False,6.1
2022-07-08,5.74,5.77,5.7,5.7,13015300.0,94223277.0,2024984623.0000002,0.006427357448629869,5.784,5.863,5.851999999999999,5.787833333333333,43.61702062698054,30950639.25,5.793,True,True,6.1
2022-07-11,5.7,5.7,5.55,5.59,28098879.0,198830476.0,2024984623.0000002,0.013876094998870516,5.736,5.8229999999999995,5.838,5.7845,40.99999942600002,28835900.2,5.793666666666667,True,True,5.99
2022-07-12,5.58,5.63,5.55,5.59,15895311.0,112662735.0,2024984623.0000002,0.00784959590283269,5.668,5.786,5.822,5.779666666666667,44.0860208417158,27967230.4,5.791833333333333,True,True,5.99
2022-07-13,5.61,5.68,5.58,5.66,13747127.0,97913842.0,2024984623.0000002,0.006788756242323326,5.654,5.759,5.807,5.776,40.22988441009383,26199098.4,5.7905,True,True,5.99
2022-07-14,5.65,5.65,5.55,5.55,23147535.0,163419341.0,2024984623.0000002,0.01143096828345644,5.618,5.720999999999999,5.79,5.771833333333333,36.458332801649334,25739624.45,5.788833333333333,True,True,5.99
2022-07-15,5.54,5.55,5.44,5.45,18886750.0,131249120.0,2024984623.0000002,0.009326860947723847,5.568,5.676,5.7700000000000005,5.766000000000001,19.31818151084711,25076075.05,5.787833333333333,True,True,5.99
2022-07-18,5.44,5.55,5.44,5.55,14210639.0,99098165.0,2024984623.0000002,0.007017652795282485,5.5600000000000005,5.648000000000001,5.7565,5.758833333333333,28.421052212742367,24684064.85,5.7845,True,True,5.99
2022-07-19,5.54,5.56,5.47,5.54,13387957.0,93479911.0,2024984623.0000002,0.00661138699422114,5.55,5.609,5.745,5.753666666666667,29.03225762747138,24220378.1,5.779666666666667,True,True,5.99
2022-07-20,5.56,5.58,5.53,5.56,10188356.0,71549995.0,2024984623.0000002,0.005031325119351288,5.529999999999999,5.592,5.738,5.753166666666667,30.526315339612154,23788222.15,5.776,True,True,5.99
2022-07-21,5.56,5.56,5.5,5.51,11222348.0,78277600.0,2024984623.0000002,0.005541942330097387,5.522,5.57,5.7219999999999995,5.748,29.89690678499305,23065799.5,5.771833333333333,True,True,5.99
2022-07-22,5.51,5.53,5.44,5.48,13708328.0,95117446.0,2024984623.0000002,0.0067695960968292244,5.5280000000000005,5.548,5.7055,5.75,31.182795229506283,22678762.85,5.766000000000001,True,True,5.99
2022-07-25,5.49,5.51,5.42,5.42,12916195.0,89159481.0,2024984623.0000002,0.006378416336250864,5.502,5.531000000000001,5.6770000000000005,5.752666666666666,21.34831427092537,20539483.55,5.758833333333333,True,True,5.99
2022-07-26,5.43,5.52,5.4,5.51,11967848.0,82794927.0,2024984623.0000002,0.005910093273829269,5.496,5.523,5.6545000000000005,5.755,35.89743525312291,19177895.8,5.753666666666667,True,True,5.96
2022-07-27,5.51,5.51,5.48,5.51,6795379.0,47239649.0,2024984623.0000002,0.0033557681983444865,5.486,5.508,5.6335,5.755666666666667,35.89743525312291,17663562.8,5.753166666666667,True,True,5.93
2022-07-28,5.53,5.55,5.5,5.52,14058266.0,98140794.0,2024984623.0000002,0.006942406297966243,5.4879999999999995,5.505000000000001,5.6129999999999995,5.755166666666667,38.15789403393348,17054501.3,5.748,True,True,5.93
2022-07-29,5.54,5.56,5.48,5.48,11940787.0,83316579.0,2024984623.0000002,0.0058967297155618935,5.4879999999999995,5.508,5.5920000000000005,5.752833333333333,42.02898465448438,16744652.75,5.75,True,True,5.93
2022-08-01,5.46,5.55,5.42,5.52,11619524.0,80510864.0,2024984623.0000002,0.005738080115781698,5.508,5.505000000000001,5.576499999999999,5.7555,45.205478585100366,15824820.05,5.752666666666666,True,True,5.93
2022-08-02,5.47,5.49,5.29,5.36,22918373.0,155955110.0,2024984623.0000002,0.011317801004358538,5.478,5.487,5.548,5.754333333333333,31.70731653182621,15610731.1,5.755,True,True,5.93
2022-08-03,5.33,5.43,5.19,5.2,28325839.0,189742251.0,2024984623.0000002,0.013988174862303632,5.416,5.4510000000000005,5.5215,5.749333333333333,29.885056990355324,15567021.3,5.755666666666667,True,True,5.73
2022-08-04,5.24,5.31,5.19,5.27,14758719.0,97962116.0,2024984623.0000002,0.007288311640675603,5.3660000000000005,5.427,5.4985,5.738666666666666,39.285713630952294,15540473.0,5.755166666666667,True,True,5.73
2022-08-05,5.27,5.37,5.27,5.37,12018751.0,80758758.0,2024984623.0000002,0.0059352307486633185,5.344,5.4159999999999995,5.482,5.730666666666666,39.28571363095235,15490645.55,5.752833333333333,True,True,5.7
2022-08-08,5.36,5.39,5.33,5.38,8878448.0,60368377.0,2024984623.0000002,0.004384452059120648,5.316000000000001,5.412,5.471500000000001,5.72,40.47618980158726,14529624.0,5.7555,True,True,5.66
2022-08-09,5.39,5.39,5.34,5.37,8066757.0,54742448.0,2024984623.0000002,0.003983613953595933,5.318,5.398,5.4605,5.709666666666666,38.55421621715777,14138196.3,5.754333333333333,True,True,5.66
2022-08-10,5.35,5.39,5.34,5.36,7718370.0,52281765.0,2024984623.0000002,0.003811569684201004,5.35,5.383,5.4455,5.700666666666667,40.50632839609038,13836758.45,5.749333333333333,True,True,5.66
2022-08-11,5.35,5.44,5.35,5.43,11993006.0,82037973.0,2024984623.0000002,0.00592251707187408,5.382,5.374,5.439500000000001,5.6946666666666665,46.987951014661014,13279032.0,5.738666666666666,True,True,5.56
2022-08-12,5.44,5.49,5.43,5.48,12111495.0,83559297.0,2024984623.0000002,0.005981030602621025,5.404,5.3740000000000006,5.441,5.6883333333333335,53.65853566924456,12940269.25,5.730666666666666,True,True,5.56
2022-08-15,5.47,5.49,5.43,5.48,10542509.0,72895958.0,2024984623.0000002,0.005206216817775805,5.424,5.37,5.4375,5.6819999999999995,47.945204559955016,12756862.75,5.72,False,True,5.56
2022-08-16,5.49,5.51,5.47,5.47,7546034.0,52350097.0,2024984623.0000002,0.0037264648404196792,5.444,5.381,5.433999999999999,5.676166666666666,47.29729640248357,12464766.6,5.709666666666666,False,False,5.56
2022-08-17,5.46,5.5,5.43,5.48,12893722.0,89208397.0,2024984623.0000002,0.006367318474200581,5.468,5.409,5.43,5.674000000000001,47.29729640248364,12600034.9,5.700666666666667,False,False,5.56
2022-08-18,5.48,5.49,5.43,5.44,9550867.0,65844302.0,2024984623.0000002,0.004716513346086776,5.470000000000001,5.426,5.4265,5.668166666666667,47.297296402483575,12516460.85,5.6946666666666665,False,False,5.52
2022-08-19,5.43,5.59,5.43,5.56,26220715.0,183818332.0,2024984623.0000002,0.01294859956079775,5.486,5.445,5.4305,5.663333333333333,52.439023494943505,13142080.2,5.6883333333333335,False,False,5.52
2022-08-22,5.54,5.62,5.52,5.62,18704943.0,132193298.0,2024984623.0000002,0.00923707903138976,5.514,5.468999999999999,5.4405,5.6593333333333335,68.05555423225309,13431517.6,5.6819999999999995,False,False,5.56
2022-08-23,5.61,5.62,5.57,5.6,10180832.0,71979057.0,2024984623.0000002,0.0050276095355811495,5.540000000000001,5.492,5.445,5.654833333333333,84.4827565814506,13342166.8,5.676166666666666,False,False,5.62
2022-08-24,5.62,5.63,5.51,5.55,18263341.0,128584117.0,2024984623.0000002,0.009019002313678309,5.554,5.511000000000001,5.447,5.649166666666667,74.999998125,13915564.9,5.674000000000001,False,False,5.62
2022-08-25,5.55,5.59,5.5,5.59,21673564.0,151873328.0,2024984623.0000002,0.010703075842566533,5.584,5.527,5.4505,5.644499999999999,71.999997984,14296329.8,5.668166666666667,False,False,5.62
2022-08-26,5.62,5.64,5.51,5.52,22406999.0,157576329.0,2024984623.0000002,0.011065268716363975,5.576,5.531000000000001,5.4525,5.640333333333333,62.49999843749998,14819640.4,5.663333333333333,False,False,5.62
2022-08-29,5.47,5.51,5.4,5.48,17473067.0,120429333.0,2024984623.0000002,0.008628740584762455,5.548,5.531,5.4505,5.635166666666666,59.32203249066365,15112317.55,5.6593333333333335,False,False,5.62
2022-08-30,5.48,5.54,5.45,5.53,14590897.0,101445436.0,2024984623.0000002,0.007205435949623998,5.534000000000001,5.537,5.4590000000000005,5.630333333333334,63.49206208112876,14695943.75,5.654833333333333,False,False,5.62
2022-08-31,5.52,5.55,5.47,5.49,13720610.0,95405469.0,2024984623.0000002,0.00677566132807123,5.522,5.538,5.4735,5.624833333333333,54.99999871666673,13965682.3,5.649166666666667,False,False,5.62
2022-09-01,5.49,5.55,5.46,5.47,13440268.0,93470341.0,2024984623.0000002,0.0066372197829770874,5.498,5.5409999999999995,5.483499999999999,5.617999999999999,49.12280581101875,13899759.75,5.644499999999999,False,False,5.62
2022-09-02,5.48,5.49,5.4,5.43,13453546.0,92404999.0,2024984623.0000002,0.006643776869805889,5.48,5.5280000000000005,5.4865,5.606833333333333,45.901638290782024,13971499.5,5.640333333333333,True,False,5.62
2022-09-05,5.42,5.5,5.41,5.49,13929175.0,96330307.0,2024984623.0000002,0.00687865717190683,5.482,5.515,5.491999999999999,5.6005,51.515150422405924,14224035.85,5.635166666666666,True,True,5.62
2022-09-06,5.5,5.56,5.47,5.55,18319072.0,128102424.0,2024984623.0000002,0.009046524004147955,5.486,5.51,5.501,5.5945,54.92957638167029,14736651.6,5.630333333333334,True,True,5.62
2022-09-07,5.55,5.55,5.51,5.51,11415492.0,79602837.0,2024984623.0000002,0.005637322807463116,5.489999999999999,5.505999999999999,5.5085,5.587000000000001,54.92957638167029,14921507.7,5.624833333333333,False,True,5.62
2022-09-08,5.52,5.55,5.49,5.51,10612361.0,73889412.0,2024984623.0000002,0.005240711894531754,5.497999999999999,5.498,5.5125,5.580666666666667,45.762710778511966,14852475.45,5.617999999999999,False,False,5.62
2022-09-09,5.49,5.6,5.49,5.58,21575451.0,151575083.0,2024984623.0000002,0.010654624610450683,5.5280000000000005,5.504,5.5175,5.5761666666666665,46.6666655777778,15325673.25,5.606833333333333,True,False,5.62
2022-09-13,5.6,5.62,5.54,5.55,14425787.0,101655935.0,2024984623.0000002,0.007123899528001501,5.54,5.511,5.521,5.571666666666667,45.90163829078209,15519837.15,5.6005,False,True,5.62
2022-09-14,5.49,5.55,5.47,5.51,13721112.0,95542308.0,2024984623.0000002,0.00677590923118827,5.532,5.5089999999999995,5.523000000000001,5.567333333333333,46.6666655777778,15828591.05,5.5945,False,False,5.62
2022-09-15,5.51,5.57,5.43,5.48,16123056.0,112007325.0,2024984623.0000002,0.007962063423530499,5.526,5.508,5.523,5.563666666666666,40.677965136455114,15990057.75,5.587000000000001,True,False,5.62
2022-09-16,5.48,5.48,5.25,5.26,26566923.0,179227788.0,2024984623.0000002,0.013119567772638834,5.476,5.487,5.514,5.554166666666666,32.43243181884591,16840860.55,5.580666666666667,True,True,5.62
2022-09-19,5.26,5.28,5.17,5.23,13733110.0,90670386.0,2024984623.0000002,0.00678183421445171,5.406,5.4670000000000005,5.4975000000000005,5.5445,32.87671169825485,16216480.3,5.5761666666666665,True,True,5.62
2022-09-20,5.25,5.3,5.23,5.24,9648337.0,64182940.0,2024984623.0000002,0.004764647044927214,5.344,5.441999999999999,5.4784999999999995,5.532,28.985506658265095,15763650.0,5.571666666666667,True,True,5.62
2022-09-21,5.24,5.32,5.15,5.3,11753164.0,78152512.0,2024984623.0000002,0.005804075678652696,5.302,5.417,5.4635,5.521,36.619717587780194,15842266.6,5.567333333333333,True,True,5.6
2022-09-22,5.29,5.31,5.24,5.26,7878269.0,52490856.0,2024984623.0000002,0.0038905327529492055,5.258,5.392,5.449,5.509833333333334,35.6164376731094,15323013.0,5.563666666666666,True,True,5.59
2022-09-23,5.27,5.3,5.19,5.22,11035921.0,73253754.0,2024984623.0000002,0.005449878914957074,5.25,5.3629999999999995,5.4305,5.498,35.6164376731094,14791130.85,5.554166666666666,True,True,5.59
2022-09-26,5.19,5.2,5.08,5.09,15692204.0,101844512.0,2030058373.0000002,0.007729927478297195,5.2219999999999995,5.314,5.409000000000001,5.4845,24.99999956249995,14455391.1,5.5445,True,True,5.58
2022-09-27,5.11,5.16,5.06,5.15,10320669.0,66641700.0,2030058373.0000002,0.0050839272098113205,5.204,5.274,5.3925,5.473166666666667,24.99999956250005,14097771.2,5.532,True,True,5.58
2022-09-28,5.13,5.15,5.06,5.07,8903762.0,57425710.0,2030058373.0000002,0.004385963536034734,5.1579999999999995,5.23,5.3695,5.458833333333334,23.80952341269844,13813414.45,5.521,True,True,5.58
2022-09-29,5.09,5.13,5.04,5.05,10311125.0,66260647.0,2030058373.0000002,0.005079225867166726,5.116,5.186999999999999,5.3475,5.447500000000001,23.255813574905375,13642940.2,5.509833333333334,True,True,5.58
2022-09-30,5.05,5.1,5.05,5.05,8702675.0,55739012.0,2030058373.0000002,0.004286908748904236,5.082,5.166,5.3265,5.436166666666667,16.455695910911714,13406060.55,5.498,True,True,5.58
2022-10-10,5.06,5.11,5.01,5.02,9215009.0,59002534.0,2030058373.0000002,0.004539282772633848,5.068,5.145,5.306,5.424833333333334,16.455695910911714,13194133.7,5.4845,True,True,5.58
2022-10-11,5.02,5.07,4.97,5.06,8066666.0,51221418.0,2030058373.0000002,0.0039736128316739784,5.05,5.127000000000001,5.2844999999999995,5.4159999999999995,21.518986960423007,12901008.25,5.473166666666667,True,True,5.58
2022-10-12,5.04,5.15,5.0,5.13,10204235.0,65534139.0,2030058373.0000002,0.005026572208817958,5.061999999999999,5.109999999999999,5.2635,5.408333333333333,28.915662162868344,12495266.4,5.458833333333334,True,True,5.58
2022-10-13,5.12,5.13,5.08,5.11,9746065.0,62863632.0,2030058373.0000002,0.004800879191270427,5.074,5.095000000000001,5.2435,5.399166666666667,38.09523724867731,12411795.05,5.447500000000001,True,True,5.58
2022-10-14,5.13,5.2,5.13,5.19,11146662.0,72894292.0,2030058373.0000002,0.005490808613314686,5.102,5.0920000000000005,5.2275,5.3931666666666676,47.05882256055365,12438510.1,5.436166666666667,True,True,5.58
2022-10-17,5.17,5.24,5.13,5.23,10677678.0,70026036.0,2030058373.0000002,0.005259788655348188,5.144,5.106,5.21,5.389499999999999,49.295773675858,11893621.45,5.424833333333334,True,True,5.58
2022-10-18,5.23,5.25,5.2,5.22,6543843.0,43219043.0,2030058373.0000002,0.003223475288707868,5.176,5.1129999999999995,5.1935,5.384,43.93939300734622,11499524.25,5.4159999999999995,False,True,5.55
2022-10-19,5.23,5.3,5.2,5.28,14257800.0,94925291.0,2030058373.0000002,0.007023344840537744,5.206,5.1339999999999995,5.182,5.379666666666666,51.47058717560558,11526358.65,5.408333333333333,False,False,5.51
2022-10-20,5.24,5.28,5.17,5.18,14736352.0,97177817.0,2030058373.0000002,0.0072590779634689835,5.220000000000001,5.147,5.167,5.373333333333333,47.29729640248359,11457023.45,5.399166666666667,False,False,5.48
2022-10-21,5.21,5.27,5.2,5.23,10344825.0,68488110.0,2030058373.0000002,0.005095826375037935,5.228,5.165,5.1655,5.368666666666667,60.60605932047751,10645918.55,5.3931666666666676,False,False,5.3
2022-10-24,5.22,5.28,5.1,5.13,11677240.0,76459723.0,2030058373.0000002,0.0057521695707416975,5.208,5.176,5.1605,5.362833333333333,48.5714276,10543125.05,5.389499999999999,False,False,5.3
2022-10-25,5.12,5.17,5.07,5.15,9094277.0,58798795.0,2030058373.0000002,0.004479810591141065,5.194,5.1850000000000005,5.156000000000001,5.358333333333333,56.249998769531246,10515422.05,5.384,True,False,5.3
2022-10-26,5.15,5.25,5.15,5.23,10587212.0,69857090.0,2030058373.0000002,0.005215225404752437,5.184,5.195,5.152500000000001,5.353666666666666,62.8571416,10457124.45,5.379666666666666,True,True,5.3
2022-10-27,5.24,5.29,5.23,5.28,12299895.0,81856222.0,2030058373.0000002,0.006058887352004236,5.204,5.212000000000001,5.1535,5.349833333333334,65.33333211377776,10678205.75,5.373333333333333,False,True,5.28
2022-10-28,5.21,5.21,5.02,5.04,19177902.0,124100256.0,2030058373.0000002,0.009446970715260313,5.1659999999999995,5.197,5.1445,5.341833333333333,51.04166592230905,11085304.8,5.368666666666667,False,False,5.28
2022-10-31,5.03,5.05,4.9,4.93,20555378.0,128841311.0,2030058373.0000002,0.01012551080963424,5.126,5.167,5.1365,5.332666666666666,43.68931979451413,11328463.5,5.362833333333333,True,False,5.28
2022-11-01,4.93,5.05,4.92,5.05,12836655.0,81081912.0,2030058373.0000002,0.0063232935420621025,5.106,5.15,5.131500000000001,5.324833333333333,46.29629569615914,11454262.8,5.358333333333333,True,True,5.28
2022-11-02,5.04,5.22,5.02,5.17,16821947.0,109111401.0,2030058373.0000002,0.008286435121144173,5.093999999999999,5.139,5.1365,5.321666666666667,52.54237225797183,11850172.05,5.353666666666666,True,True,5.28
2022-11-03,5.13,5.23,5.13,5.22,14983699.0,98175969.0,2030058373.0000002,0.007380920272680257,5.082,5.143000000000001,5.1450000000000005,5.322,51.30434720151227,12083800.75,5.349833333333334,False,True,5.28
2022-11-04,5.22,5.29,5.21,5.27,13801269.0,91829328.0,2030058373.0000002,0.006798459188936829,5.127999999999999,5.147,5.156000000000001,5.322000000000001,51.724137306777614,12338730.45,5.341833333333333,False,False,5.28
2022-11-07,5.27,5.33,5.23,5.31,12584990.0,84200111.0,2030058373.0000002,0.006199324200417955,5.204,5.165000000000001,5.1705,5.321,53.78151197231832,12507229.5,5.332666666666666,False,False,5.28
2022-11-08,5.31,5.34,5.28,5.32,8950518.0,60151383.0,2030058373.0000002,0.0044089953860651865,5.258,5.182,5.1835,5.320000000000001,51.7543853293321,12551422.1,5.324833333333333,False,False,5.31
2022-11-09,5.33,5.37,5.31,5.36,11064544.0,74941433.0,2030058373.0000002,0.005450357559742938,5.295999999999999,5.195,5.194999999999999,5.319833333333333,58.33333257716052,12594437.55,5.321666666666667,False,False,5.32
2022-11-10,5.32,5.39,5.28,5.37,10289484.0,69739796.0,2030058373.0000002,0.005068565582572043,5.326,5.204,5.208,5.319999999999999,56.73076846708579,12621608.5,5.322,False,False,5.36
2022-11-11,5.43,5.47,5.4,5.41,17088776.0,117467861.0,2030058373.0000002,0.008417874198733691,5.354,5.2410000000000005,5.218999999999999,5.3196666666666665,64.28571336734694,12918714.2,5.322000000000001,False,False,5.37
2022-11-14,5.42,5.5,5.41,5.43,16212678.0,111924831.0,2030058373.0000002,0.00798631123894288,5.378,5.291,5.229,5.318833333333333,64.28571336734691,13195464.2,5.321,False,False,5.41
2022-11-15,5.43,5.5,5.41,5.47,12116994.0,83743366.0,2030058373.0000002,0.005968790927964119,5.4079999999999995,5.333,5.2415,5.318666666666667,62.76595651199635,13474121.75,5.320000000000001,False,False,5.43
2022-11-16,5.47,5.47,5.42,5.43,8585959.0,59055873.0,2030058373.0000002,0.004229414835649162,5.422,5.359,5.249,5.318,58.064515254942755,13190529.7,5.319833333333333,False,False,5.47
2022-11-17,5.46,5.51,5.43,5.51,14169003.0,98089986.0,2030058373.0000002,0.006979603733788791,5.45,5.388,5.2655,5.318499999999999,80.51947905548995,13162162.25,5.319999999999999,False,False,5.47
2022-11-18,5.51,5.54,5.48,5.49,10075740.0,70087400.0,2030058373.0000002,0.004963275999354724,5.465999999999999,5.41,5.278499999999999,5.319333333333333,91.17646871107276,13148708.0,5.3196666666666665,False,False,5.51
2022-11-21,5.45,5.47,5.4,5.44,9862335.0,67784800.0,2030058373.0000002,0.004858153406409461,5.468,5.423,5.2940000000000005,5.317333333333333,81.9672112335395,13057962.75,5.318833333333333,False,False,5.51
2022-11-22,5.43,5.57,5.42,5.51,21663599.0,151127143.0,2030058373.0000002,0.010671416786890589,5.476,5.441999999999999,5.311999999999999,5.3155,80.35714084821439,13686428.85,5.318666666666667,False,False,5.51
2022-11-23,5.51,5.67,5.48,5.61,29766402.0,211305327.0,2030058373.0000002,0.014662830584527234,5.5120000000000005,5.4670000000000005,5.3309999999999995,5.315666666666667,81.9672112335395,14645388.35,5.318,False,False,5.51
2022-11-24,5.63,5.68,5.62,5.66,18566572.0,132664999.0,2030058373.0000002,0.009145831591316511,5.542,5.496,5.35,5.3175,81.9672112335395,14958722.2,5.318499999999999,False,False,5.61
2022-11-25,5.67,5.77,5.63,5.74,26240420.0,189525674.0,2030058373.0000002,0.012925943583199612,5.5920000000000005,5.529,5.385,5.319999999999999,83.07692128757408,15311848.1,5.319333333333333,False,False,5.66
2022-11-28,5.8,5.93,5.74,5.9,52280470.0,386637103.0,2030058373.0000002,0.02575318557108308,5.684,5.576,5.4334999999999996,5.326333333333333,86.24999849062507,16898102.7,5.317333333333333,False,False,5.74
2022-11-29,5.9,5.97,5.86,5.92,35127635.0,263087386.0,2030058373.0000002,0.01730375612209058,5.766,5.621,5.476999999999999,5.333666666666668,85.89743435568712,18012651.7,5.3155,False,False,5.9
2022-11-30,5.92,6.15,5.9,6.07,43647922.0,333806498.0,2030058373.0000002,0.021500821149047812,5.858,5.6850000000000005,5.522,5.342666666666667,88.04347692107757,19353950.45,5.315666666666667,False,False,5.92
2022-12-01,6.1,6.19,6.03,6.15,34458456.0,267035424.0,2030058373.0000002,0.016974120773225666,5.956,5.7490000000000006,5.5685,5.353666666666666,88.54166537543409,20327688.3,5.3175,False,False,6.07
2022-12-02,6.15,6.16,5.97,6.03,34714161.0,264821748.0,2030058373.0000002,0.017100080205427668,6.014,5.803,5.6065,5.363,78.30188575827701,21373332.9,5.319999999999999,False,False,6.15
2022-12-05,6.04,6.32,6.04,6.23,47536543.0,372874604.0,2030058373.0000002,0.023416342915179807,6.08,5.882,5.6525,5.376333333333333,81.1475400524053,23120910.55,5.326333333333333,False,False,6.15
2022-12-06,6.25,6.3,6.19,6.29,28338623.0,223845413.0,2030058373.0000002,0.01395951139972466,6.154000000000001,5.960000000000001,5.7010000000000005,5.389666666666667,84.67741839880337,24090315.8,5.333666666666668,False,False,6.23
2022-12-07,6.27,6.49,6.26,6.42,49553530.0,400812941.0,2030058373.0000002,0.02440990400033191,6.224000000000001,6.041,5.7540000000000004,5.404166666666667,85.27131690403225,26014765.1,5.342666666666667,False,False,6.29
2022-12-08,6.42,6.51,6.35,6.44,40757409.0,332005531.0,2030058373.0000002,0.02007696406274717,6.282,6.119000000000001,5.8075,5.419666666666667,86.82170448410554,27538161.35,5.353666666666666,False,False,6.42
2022-12-09,6.45,6.5,6.15,6.15,73275165.0,586922906.0,2030058373.0000002,0.03609510247319376,6.306,6.16,5.8445,5.4303333333333335,73.20261370925712,30347480.8,5.363,False,False,6.44
2022-12-12,6.25,6.29,6.12,6.15,50325230.0,394945971.0,2030058373.0000002,0.024790040852682414,6.29,6.1850000000000005,5.8805,5.439833333333334,71.91780752955528,32053108.4,5.376333333333333,False,False,6.44
2022-12-13,6.17,6.19,6.03,6.06,30364958.0,233718278.0,2030058373.0000002,0.014957677278573505,6.244,6.199,5.91,5.448333333333333,65.51724074673005,32965506.6,5.389666666666667,False,False,6.44
2022-12-14,6.07,6.12,6.02,6.06,18942764.0,145389139.0,2030058373.0000002,0.009331142518826475,6.172,6.1979999999999995,5.9415000000000004,5.4575,64.28571364285712,33483346.85,5.404166666666667,False,False,6.44
2022-12-15,6.07,6.16,5.95,6.0,22442042.0,170710855.0,2030058373.0000002,0.011054875218605351,6.0840000000000005,6.183,5.966,5.466166666666666,59.420289252257916,33896998.8,5.419666666666667,False,False,6.44
2022-12-16,5.97,6.08,5.93,5.98,25351627.0,192073758.0,2030058373.0000002,0.012488127108648417,6.05,6.178,5.9905,5.478166666666667,53.22580585067639,34660793.15,5.4303333333333335,False,False,6.44
2022-12-19,5.97,6.0,5.78,5.82,30380306.0,225405773.0,2030058373.0000002,0.01496523765230666,5.984,6.1370000000000005,6.0095,5.4879999999999995,46.37681112371352,35686691.7,5.439833333333334,True,False,6.44
2022-12-20,5.85,5.9,5.8,5.83,14829198.0,109455101.0,2030058373.0000002,0.007304813594145846,5.938,6.090999999999999,6.0255,5.497833333333333,40.32258018990635,35344971.65,5.448333333333333,True,True,6.44
2022-12-21,5.82,5.84,5.72,5.73,14361250.0,104668658.0,2030058373.0000002,0.007074303966332301,5.872,6.022,6.0315,5.505,33.33333296296297,34574714.05,5.4575,True,True,6.44
2022-12-22,5.78,5.83,5.66,5.7,12166000.0,88406333.0,2030058373.0000002,0.0059929311205082275,5.812,5.9479999999999995,6.0335,5.512333333333332,35.89743546789393,34254685.45,5.466166666666666,True,True,6.44
2022-12-23,5.66,5.73,5.6,5.64,10766092.0,77017423.0,2030058373.0000002,0.005303341097571483,5.744,5.897,6.0285,5.519333333333334,21.359223010651306,33480969.05,5.478166666666667,True,True,6.44
2022-12-26,5.72,5.72,5.64,5.7,9911500.0,71222954.0,2030058373.0000002,0.004882371921824535,5.720000000000001,5.852,6.0185,5.5295000000000005,21.359223010651377,31362520.55,5.4879999999999995,True,True,6.44
2022-12-27,5.7,5.83,5.68,5.78,12609904.0,92194361.0,2030058373.0000002,0.006211596753922503,5.71,5.824,6.0115,5.54,17.34693852769685,30236634.0,5.497833333333333,True,True,6.44
2022-12-28,5.77,5.77,5.66,5.7,10951007.0,78924282.0,2030058373.0000002,0.005394429611310492,5.704000000000001,5.788,5.993,5.5505,14.423076728920151,28601788.25,5.505,True,True,6.44
2022-12-29,5.7,5.7,5.62,5.64,9004606.0,64210734.0,2030058373.0000002,0.00443563895490014,5.691999999999999,5.752000000000001,5.9675,5.560333333333333,18.518518198445378,27329095.75,5.512333333333332,True,True,6.44
2022-12-30,5.69,5.69,5.62,5.65,8413722.0,60059674.0,2030058373.0000002,0.004144571462527102,5.694000000000001,5.718999999999999,5.948500000000001,5.570333333333333,19.51219478881626,26014073.8,5.519333333333334,True,True,6.44
2023-01-03,5.66,5.8,5.65,5.73,14591305.0,105707030.0,2030058373.0000002,0.007187628293878621,5.700000000000001,5.71,5.9235,5.582166666666667,29.629629117512664,24366811.9,5.5295000000000005,True,True,6.44
2023-01-04,5.75,5.81,5.72,5.74,12055759.0,87683426.0,2030058373.0000002,0.00593862677070912,5.692,5.7010000000000005,5.896,5.593500000000001,30.487804357525363,23552668.7,5.54,True,True,6.44
2023-01-05,5.77,5.78,5.69,5.73,14423287.0,104618336.0,2030058373.0000002,0.007104863186118835,5.6979999999999995,5.701,5.8615,5.6034999999999995,32.46753187721377,21796156.55,5.5505,True,True,6.44
2023-01-06,5.72,5.77,5.69,5.71,14540007.0,105277064.0,2030058373.0000002,0.0071623590697606,5.712000000000001,5.702,5.825,5.6135,32.46753187721373,20485286.45,5.560333333333333,True,True,6.44
2023-01-09,5.73,5.74,5.66,5.67,12174812.0,87632189.0,2030058373.0000002,0.005997271882388379,5.715999999999999,5.705,5.801,5.621499999999999,38.461537633136125,17430268.8,5.570333333333333,True,True,6.15
2023-01-10,5.69,5.7,5.62,5.64,12304404.0,87958726.0,2030058373.0000002,0.006061108470401604,5.6979999999999995,5.699,5.7755,5.628333333333334,35.820894773891766,15529227.5,5.582166666666667,True,True,6.15
2023-01-11,5.64,5.73,5.63,5.7,12598698.0,90526068.0,2030058373.0000002,0.006206076715607822,5.69,5.691,5.7575,5.636333333333334,47.61904656084658,14640914.5,5.593500000000001,True,True,6.06
2023-01-12,5.7,5.71,5.66,5.69,9563869.0,68764278.0,2030058373.0000002,0.004711130047884588,5.682,5.69,5.739,5.6431666666666676,49.180326740123675,14171969.75,5.6034999999999995,True,True,6.06
2023-01-13,5.68,5.77,5.67,5.77,10193112.0,73759416.0,2030058373.0000002,0.0050210930560271125,5.694,5.703,5.7275,5.6530000000000005,60.3174589770723,13559523.25,5.6135,True,True,6.0
2023-01-16,5.77,5.85,5.73,5.8,19015008.0,139351913.0,2030058373.0000002,0.009366729672851628,5.72,5.718000000000001,5.718500000000001,5.6625,58.33333197222221,13242692.3,5.621499999999999,False,True,5.98
2023-01-17,5.81,5.83,5.77,5.81,10381601.0,75992933.0,2030058373.0000002,0.00511394211027448,5.754,5.726,5.718,5.6738333333333335,52.83018728373083,12242757.05,5.628333333333334,False,False,5.83
2023-01-18,5.81,5.85,5.79,5.83,10525663.0,77521121.0,2030058373.0000002,0.005184906572142199,5.78,5.734999999999999,5.718,5.6851666666666665,63.82978533272975,12027580.3,5.636333333333334,False,False,5.83
2023-01-19,5.83,6.01,5.82,5.96,16735052.0,125309680.0,2030058373.0000002,0.008243630933266764,5.8340000000000005,5.758,5.7295,5.697333333333334,79.62962756515779,12146270.4,5.6431666666666676,False,False,5.83
2023-01-20,5.96,6.01,5.96,6.0,11530486.0,87274975.0,2030058373.0000002,0.005679879038630974,5.88,5.787,5.7445,5.709333333333333,80.70175240381656,12114494.7,5.6530000000000005,False,False,5.96
2023-01-30,6.09,6.13,6.02,6.04,15139465.0,115944565.0,2030058373.0000002,0.007457650086005679,5.928,5.824,5.7645,5.726,79.2452809255963,12333163.35,5.6625,False,False,6.0
2023-01-31,6.0,6.18,5.99,6.15,18680514.0,143914055.0,2030058373.0000002,0.009201959041401416,5.996,5.875,5.787000000000001,5.746333333333334,82.53968070546739,12771614.05,5.6738333333333335,False,False,6.04
2023-02-01,6.19,6.3,6.09,6.15,19245691.0,149593532.0,2030058373.0000002,0.009480363351108426,6.0600000000000005,5.92,5.8055,5.764666666666667,83.8709658480749,13103403.4,5.6851666666666665,False,False,6.15
2023-02-02,6.16,6.27,6.11,6.23,19353102.0,151628232.0,2030058373.0000002,0.00953327365232369,6.114000000000001,5.973999999999999,5.832,5.782333333333333,88.2352923010381,13523508.15,5.697333333333334,False,False,6.15
2023-02-03,6.2,6.34,6.19,6.24,22860139.0,181194812.0,2030058373.0000002,0.011260828409686325,6.162,6.021,5.862,5.799333333333334,93.84615182485211,14216284.8,5.709333333333333,False,False,6.23
2023-02-06,6.23,6.29,6.17,6.19,14336608.0,112633569.0,2030058373.0000002,0.007062165399122736,6.192,6.06,5.889,5.8146666666666675,91.04477421697493,14512429.1,5.726,False,False,6.24
2023-02-07,6.14,6.22,6.13,6.21,14333985.0,112054936.0,2030058373.0000002,0.007060873318050149,6.204000000000001,6.1,5.913,5.829666666666667,90.47618846560856,14499563.1,5.746333333333334,False,False,6.24
2023-02-08,6.2,6.27,6.18,6.23,11787688.0,92822608.0,2030058373.0000002,0.005806575888052062,6.220000000000001,6.140000000000001,5.9375,5.844833333333333,92.1874979833985,14486159.55,5.764666666666667,False,False,6.24
2023-02-09,6.24,6.49,6.23,6.46,33225455.0,268759852.0,2030058373.0000002,0.016366748583145296,6.266,6.19,5.973999999999999,5.863166666666667,93.67088441595904,15426267.95,5.782333333333333,False,False,6.24
2023-02-10,6.47,6.49,6.38,6.45,20560417.0,167377761.0,2030058373.0000002,0.010127993004268157,6.308000000000001,6.235,6.011,5.881166666666667,92.20779053128697,15727288.45,5.799333333333334,False,False,6.46
2023-02-13,6.47,6.52,6.43,6.48,18682313.0,152774268.0,2030058373.0000002,0.009202845222815668,6.3660000000000005,6.279000000000001,6.0515,5.899,92.40506165358123,16052663.5,5.8146666666666675,False,False,6.46
2023-02-14,6.48,6.72,6.46,6.67,37059797.0,309549414.0,2030058373.0000002,0.01825553269447784,6.458,6.331,6.103,5.919666666666667,93.74999863281255,17290433.15,5.829666666666667,False,False,6.48
2023-02-15,6.65,6.68,6.38,6.39,35299985.0,289111785.0,2030058373.0000002,0.01738865515863666,6.49,6.3549999999999995,6.1375,5.9350000000000005,69.3693684944404,18425497.5,5.844833333333333,False,False,6.67
2023-02-16,6.39,6.41,6.17,6.22,30958091.0,246664849.0,2030058373.0000002,0.015249852620863527,6.442,6.354000000000001,6.164,5.948166666666666,58.87096707726327,19495208.6,5.863166666666667,False,False,6.67
2023-02-17,6.21,6.43,6.2,6.31,22577448.0,181271686.0,2030058373.0000002,0.011121575763673864,6.414,6.361,6.191000000000001,5.9615,60.465115622859194,20114425.4,5.881166666666667,False,False,6.67
2023-02-20,6.31,6.47,6.28,6.46,19100974.0,154914117.0,2030058373.0000002,0.009409076238420066,6.409999999999999,6.388,6.224,5.977666666666667,61.65413468935497,20118723.7,5.899,False,False,6.67
2023-02-21,6.46,6.63,6.44,6.52,18232992.0,150829763.0,2030058373.0000002,0.00898151119322518,6.38,6.419,6.2595,5.995666666666667,63.309351880337445,20511293.25,5.919666666666667,False,False,6.67
2023-02-22,6.49,6.64,6.45,6.6,26532544.0,220292220.0,2030058373.0000002,0.013069842893625994,6.422,6.456,6.298,6.013833333333334,63.309351880337445,21311637.3,5.9350000000000005,False,False,6.67
2023-02-23,6.6,6.64,6.56,6.6,16961788.0,141518188.0,2030058373.0000002,0.008355320332456272,6.498,6.470000000000001,6.33,6.030333333333333,63.043477621298045,21322974.1,5.948166666666666,False,False,6.67
2023-02-24,6.6,6.71,6.57,6.64,16380140.0,137672729.0,2030058373.0000002,0.008068802462952624,6.563999999999998,6.489,6.362,6.046666666666666,66.42335698545473,21565456.8,5.9615,False,False,6.67
2023-02-27,6.62,6.67,6.6,6.63,11251812.0,94319661.0,2030058373.0000002,0.005542605153452894,6.598000000000001,6.504,6.3915,6.0615000000000006,65.44117579692909,21371074.15,5.977666666666667,False,False,6.67
2023-02-28,6.63,6.83,6.55,6.8,34256528.0,291558764.0,2030058373.0000002,0.016874651712293395,6.653999999999999,6.516999999999999,6.4239999999999995,6.076499999999999,68.87417154686199,22149874.85,5.995666666666667,False,False,6.67
2023-03-01,6.81,7.02,6.79,6.99,39016484.0,341167609.0,2030058373.0000002,0.019219390200263958,6.731999999999999,6.577,6.465999999999999,6.094333333333333,68.02721023647555,23138414.5,6.013833333333334,False,False,6.8
2023-03-02,6.99,7.03,6.91,6.94,19238338.0,169433029.0,2030058373.0000002,0.009476741287773796,6.8,6.648999999999999,6.5015,6.108833333333333,66.22516494890576,23132676.3,6.030333333333333,False,False,6.99
2023-03-03,6.95,6.97,6.88,6.92,13857881.0,121300708.0,2030058373.0000002,0.006826346071773769,6.856,6.709999999999999,6.535499999999999,6.121666666666667,64.66666606311111,22682563.4,6.046666666666666,False,False,6.99
2023-03-06,6.93,6.98,6.86,6.87,15845257.0,138368978.0,2030058373.0000002,0.007805320876849485,6.904000000000001,6.751,6.5695,6.135666666666666,57.35294058607268,22757995.85,6.0615000000000006,False,False,6.99
2023-03-07,6.9,6.91,6.73,6.76,16616815.0,143313557.0,2030058373.0000002,0.008185387780472458,6.896000000000001,6.775,6.5969999999999995,6.1445,65.54621771626299,22872137.35,6.076499999999999,False,False,6.99
2023-03-08,6.76,6.83,6.71,6.78,12118243.0,103659330.0,2030058373.0000002,0.005969406181208366,6.853999999999999,6.793000000000001,6.6245,6.152666666666667,76.92307588757397,22888665.1,6.094333333333333,False,False,6.99
2023-03-09,6.79,6.8,6.68,6.73,13417158.0,113823598.0,2030058373.0000002,0.006609247388375467,6.812,6.806,6.638,6.157833333333333,70.99999900600004,21898250.25,6.108833333333333,False,False,6.99
2023-03-10,6.7,6.72,6.57,6.59,17648059.0,148399250.0,2030058373.0000002,0.008693375143651596,6.7459999999999996,6.801,6.6450000000000005,6.160333333333333,56.56565576573819,21752632.35,6.121666666666667,False,False,6.99
2023-03-13,6.62,7.0,6.6,6.95,37517168.0,326295333.0,2030058373.0000002,0.018480832127283856,6.7620000000000005,6.833,6.6685,6.173666666666667,66.66666594315247,22694375.1,6.135666666666666,True,False,6.99
2023-03-14,6.93,7.03,6.81,6.86,22483109.0,196555633.0,2030058373.0000002,0.011075104686164607,6.782000000000001,6.839,6.678,6.1855,59.99999935384617,21965540.7,6.1445,False,True,6.99
2023-03-15,6.88,7.15,6.86,7.08,26224283.0,232851856.0,2030058373.0000002,0.01291799455069167,6.8420000000000005,6.848000000000001,6.7125,6.202500000000001,65.78947307825484,21511755.6,6.152666666666667,False,False,6.99
2023-03-16,7.05,7.13,6.91,6.96,26984687.0,239132982.0,2030058373.0000002,0.013292567031026943,6.888,6.85,6.7495,6.2175,59.999999475,21313085.4,6.157833333333333,False,False,7.08
2023-03-17,6.98,7.07,6.87,6.91,24392943.0,214347745.0,2030058373.0000002,0.012015882560043014,6.952,6.848999999999999,6.7795000000000005,6.232666666666668,58.53658486615111,21403860.15,6.160333333333333,False,False,7.08
2023-03-20,7.0,7.02,6.83,6.84,16087675.0,140718098.0,2030058373.0000002,0.00792473517706084,6.93,6.846000000000001,6.7985,6.247,51.298700832349475,21253195.2,6.173666666666667,False,False,7.08
2023-03-21,6.84,6.88,6.76,6.79,17644619.0,152087337.0,2030058373.0000002,0.008691680611097383,6.9159999999999995,6.848999999999999,6.812,6.263166666666667,42.857142428571436,21223776.55,6.1855,False,False,7.08
2023-03-22,6.79,7.02,6.79,6.97,21662457.0,190416159.0,2030058373.0000002,0.010670854241490325,6.894,6.868,6.830500000000001,6.282166666666666,50.98039169037548,20980272.2,6.202500000000001,True,False,7.08
2023-03-23,6.96,7.02,6.81,6.98,19842904.0,173768123.0,2030058373.0000002,0.009774548487823212,6.897999999999999,6.893000000000001,6.849499999999999,6.303,51.973683731821346,21124328.0,6.2175,False,True,7.08
2023-03-24,6.99,6.99,6.8,6.87,16797702.0,146054665.0,2030058373.0000002,0.008274492114813684,6.890000000000001,6.921000000000001,6.861,6.322500000000001,49.99999955696203,21145206.1,6.232666666666668,False,False,7.08
2023-03-27,6.87,6.87,6.62,6.74,23801066.0,202448715.0,2030058373.0000002,0.01172432591917395,6.87,6.9,6.8665,6.340833333333333,49.37499956796877,21772668.8,6.247,False,False,7.08
2023-03-28,6.77,6.83,6.68,6.74,11340545.0,96618802.0,2030058373.0000002,0.005586314734014793,6.859999999999999,6.888,6.863499999999999,6.3581666666666665,48.734176783368056,20626869.65,6.263166666666667,True,False,7.08
2023-03-29,6.72,6.85,6.72,6.8,14635119.0,125814530.0,2030058373.0000002,0.007209210924497883,6.8260000000000005,6.860000000000001,6.854000000000001,6.375166666666668,52.20125740200149,19407801.4,6.282166666666666,True,True,7.08
2023-03-30,6.79,6.83,6.68,6.77,10592913.0,90414474.0,2030058373.0000002,0.005218033698383706,6.784000000000001,6.840999999999999,6.8454999999999995,6.393,56.08108055058437,18975530.15,6.303,True,True,7.08
2023-03-31,6.8,6.91,6.79,6.82,8792680.0,76014430.0,2030058373.0000002,0.004331244912433855,6.773999999999999,6.831999999999999,6.8405000000000005,6.4126666666666665,44.4444439126306,18722270.1,6.322500000000001,True,True,7.08
2023-04-03,6.81,6.98,6.79,6.91,13464185.0,117630632.0,2030058373.0000002,0.00663241273210423,6.808,6.839,6.842499999999999,6.433666666666667,52.13675151289356,18603216.5,6.340833333333333,True,True,7.08
2023-04-04,6.89,7.08,6.89,6.97,11272955.0,99567387.0,2030058373.0000002,0.005553020124904555,6.853999999999999,6.857000000000001,6.853,6.4543333333333335,44.55445482795804,18336023.5,6.3581666666666665,False,True,7.08
2023-04-06,6.96,6.98,6.74,6.75,16960992.0,146097723.0,2030058373.0000002,0.008354928225504774,6.843999999999999,6.835000000000001,6.8515,6.471166666666666,40.54054002921841,18578160.95,6.375166666666668,False,False,7.08
2023-04-07,6.76,6.82,6.64,6.67,14167599.0,120080522.0,2030058373.0000002,0.006978912128060269,6.824,6.804,6.848500000000001,6.486833333333334,39.473683725761774,18615683.0,6.393,True,False,7.08
2023-04-10,6.67,6.71,6.62,6.66,9500670.0,80165791.0,2030058373.0000002,0.004679998430764335,6.792,6.7829999999999995,6.852000000000001,6.502666666666666,41.66666612654323,18208313.55,6.4126666666666665,True,True,7.08
2023-04-11,6.66,6.77,6.66,6.76,9698493.0,82496612.0,2030058373.0000002,0.004777445382355022,6.7620000000000005,6.784999999999999,6.842499999999999,6.520833333333333,48.672565768658465,16817379.8,6.433666666666667,True,True,7.08
2023-04-12,6.76,7.07,6.74,6.89,21097405.0,185394519.0,2030058373.0000002,0.010392511506367406,6.7459999999999996,6.8,6.843999999999999,6.541666666666667,46.29629569615913,16748094.6,6.4543333333333335,True,True,7.08
2023-04-13,6.93,6.98,6.87,6.95,9632385.0,84400565.0,2030058373.0000002,0.00474488080151378,6.786,6.815,6.8375,6.5625,48.672565768658465,15918499.7,6.471166666666666,False,True,7.08
2023-04-14,6.93,7.02,6.88,6.98,11766326.0,103454519.0,2030058373.0000002,0.005796053037929072,6.848000000000001,6.836,6.838499999999999,6.5840000000000005,55.238094501587334,15157581.65,6.486833333333334,False,False,6.98
2023-04-17,7.0,7.51,6.96,7.42,62092973.0,572157997.0,2030058373.0000002,0.030586791900096753,7.0,6.895999999999999,6.864,6.6115,74.99999922794119,17042583.15,6.502666666666666,False,False,6.98
2023-04-18,7.39,7.39,7.03,7.04,42681670.0,385059702.0,2030058373.0000002,0.021024848628823145,7.056,6.909000000000001,6.874,6.6321666666666665,58.6206891835117,18372282.9,6.520833333333333,False,False,7.42
2023-04-19,7.02,7.14,7.02,7.06,18055193.0,161499966.0,2030058373.0000002,0.008893927997409363,7.089999999999999,6.918000000000001,6.8875,6.6530000000000005,57.647058348788924,18392811.6,6.541666666666667,False,False,7.42
2023-04-20,7.04,7.17,6.92,7.09,17146875.0,152611851.0,2030058373.0000002,0.008446493572822992,7.117999999999999,6.952,6.8935,6.674,59.411764216609015,18167032.5,6.5625,False,False,7.42
2023-04-21,7.37,7.59,7.32,7.43,74699393.0,708168546.0,2030058373.0000002,0.036796672447211444,7.208,7.0280000000000005,6.9159999999999995,6.698499999999999,65.3266327062448,20909856.95,6.5840000000000005,False,False,7.42
2023-04-24,7.57,7.62,7.14,7.19,51236282.0,472984779.0,2030058373.0000002,0.025238822036572045,7.162000000000001,7.081,6.932,6.718333333333333,56.54205570486507,22631785.95,6.6115,False,False,7.43
2023-04-25,7.22,7.28,6.94,7.06,44676600.0,399234494.0,2030058373.0000002,0.02200754450916471,7.1659999999999995,7.111,6.947999999999999,6.735333333333333,52.03619876538154,23675562.65,6.6321666666666665,False,False,7.43
2023-04-26,7.06,7.35,7.01,7.24,33714145.0,307842719.0,2030058373.0000002,0.016607475651144735,7.202,7.146000000000001,6.973000000000001,6.7535,61.29032218522373,24794242.65,6.6530000000000005,False,False,7.43
2023-04-27,7.17,7.19,6.89,7.11,35394503.0,315736029.0,2030058373.0000002,0.017435214410950337,7.206,7.162000000000001,6.9885,6.7695,59.90990953209968,25832211.85,6.674,False,False,7.43
2023-04-28,7.1,7.22,7.02,7.21,32760782.0,295771106.0,2030058373.0000002,0.016137852209434964,7.162000000000001,7.185,7.010499999999999,6.785833333333333,61.904761529581535,26940605.3,6.698499999999999,False,False,7.43
2023-05-04,7.2,7.45,7.14,7.36,37247370.0,344999092.0,2030058373.0000002,0.018347930530172984,7.196000000000001,7.178999999999999,7.0375,6.8045,62.71186403476013,28363339.8,6.718333333333333,False,False,7.43
2023-05-05,7.4,7.4,7.23,7.33,28007142.0,258904189.0,2030058373.0000002,0.013796224962049403,7.25,7.208000000000001,7.0585,6.823499999999999,59.734512904299486,29090487.65,6.735333333333333,False,False,7.43
2023-05-08,7.43,7.7,7.41,7.6,46258512.0,442676673.0,2030058373.0000002,0.02278678909692613,7.322,7.2620000000000005,7.090000000000001,6.846666666666667,63.157894378862125,30839765.5,6.7535,False,False,7.43
2023-05-09,7.58,7.79,7.5,7.52,41250073.0,398102070.0,2030058373.0000002,0.020319648709924063,7.404000000000001,7.305,7.1285,6.868166666666666,60.714285376984115,32054219.55,6.7695,False,False,7.6
2023-05-10,7.49,7.55,7.15,7.21,38856083.0,357954098.0,2030058373.0000002,0.019140377201360404,7.404000000000001,7.283000000000001,7.155499999999999,6.880666666666667,45.606694293517265,33288643.75,6.785833333333333,False,False,7.6
2023-05-11,7.24,7.33,7.14,7.25,21973503.0,201311992.0,2030058373.0000002,0.01082407446615822,7.382000000000001,7.289,7.185,6.894000000000001,55.121950843069605,33912285.4,6.8045,False,False,7.6
2023-05-12,7.21,7.33,7.17,7.18,14253286.0,130324361.0,2030058373.0000002,0.0070211212591570135,7.351999999999999,7.301,7.206,6.905666666666666,52.85714250476191,34140025.05,6.823499999999999,False,False,7.6
2023-05-15,7.16,7.18,6.91,7.1,22013221.0,195561271.0,2030058373.0000002,0.010843639420805955,7.252,7.286999999999999,7.216500000000001,6.912833333333333,50.232557812439154,34185815.85,6.846666666666667,True,False,7.6
2023-05-16,7.12,7.17,6.99,7.02,15824554.0,141979476.0,2030058373.0000002,0.007795122647933828,7.151999999999999,7.2780000000000005,7.220000000000001,6.923333333333333,39.153438863413676,34495424.3,6.868166666666666,True,True,7.6
2023-05-17,7.0,7.16,7.0,7.09,11505553.0,102804953.0,2030058373.0000002,0.0056675971257896425,7.128,7.266,7.225499999999999,6.937833333333334,47.09302287249864,34482385.65,6.880666666666667,True,True,7.6
2023-05-18,6.98,6.98,6.71,6.78,34449849.0,297181021.0,2030058373.0000002,0.016969880993663426,7.034000000000001,7.208,7.1934999999999985,6.945666666666667,42.63157863324102,33100229.45,6.894000000000001,True,True,7.6
2023-05-19,6.78,6.78,6.45,6.72,39371115.0,329796596.0,2030058373.0000002,0.01939408025091306,6.942,7.147,7.177499999999999,6.95,35.39325814859234,32934701.7,6.905666666666666,True,True,7.6
2023-05-22,6.71,6.85,6.68,6.81,18213130.0,156299602.0,2030058373.0000002,0.008971727238111295,6.884,7.068,7.164999999999999,6.954833333333334,41.37931001189059,32942598.55,6.912833333333333,True,True,7.6
2023-05-23,6.79,7.02,6.78,6.87,22607743.0,197833689.0,2030058373.0000002,0.011136498979874407,6.853999999999999,7.003,7.153999999999999,6.959333333333333,39.999999670588245,33215641.95,6.923333333333333,True,True,7.6
2023-05-24,6.83,6.98,6.73,6.95,19191328.0,167291734.0,2030058373.0000002,0.00945358431818847,6.825999999999999,6.976999999999999,7.130000000000001,6.965166666666667,37.42331256200836,30440238.7,6.937833333333334,True,True,7.6
2023-05-25,6.9,6.92,6.78,6.88,15756915.0,136123668.0,2030058373.0000002,0.007761803901586626,6.845999999999999,6.94,7.1145,6.969166666666666,36.52694580157051,28666270.35,6.945666666666667,True,True,7.6
2023-05-26,6.87,7.05,6.79,7.01,14654119.0,128675388.0,2030058373.0000002,0.00721857026127987,6.903999999999999,6.923,7.112,6.975499999999999,30.71895396727757,27165146.3,6.95,True,True,7.6
2023-05-29,7.0,7.2,6.98,7.12,24839243.0,224199799.0,2030058373.0000002,0.012235728455085167,6.965999999999999,6.925,7.106,6.980833333333334,37.179486845825146,26721401.2,6.954833333333334,True,True,7.6
2023-05-30,7.09,7.18,7.06,7.17,19319489.0,174332003.0,2030058373.0000002,0.00951671600036301,7.025999999999999,6.94,7.108999999999999,6.983833333333334,48.46153793964497,25917650.5,6.959333333333333,False,True,7.6
2023-05-31,7.14,7.36,7.13,7.32,28436201.0,261967900.0,2030058373.0000002,0.01400757799785691,7.1,6.962999999999999,7.114500000000001,6.990166666666667,52.48226898244557,25701421.45,6.965166666666667,False,False,7.6
2023-06-01,7.32,7.51,7.29,7.36,26133304.0,245398915.0,2030058373.0000002,0.012873178598002806,7.196000000000001,7.020999999999999,7.1145,6.9975000000000005,56.52173855702586,25145718.15,6.969166666666666,False,False,7.6
2023-06-02,7.4,7.41,7.21,7.25,20540011.0,189229325.0,2030058373.0000002,0.010117941076564304,7.244,7.074,7.110499999999999,7.003833333333334,55.319148386902086,24772361.6,6.975499999999999,False,False,7.6
2023-06-05,7.28,7.36,7.17,7.24,17565123.0,161309566.0,2030058373.0000002,0.008652521146001547,7.268000000000001,7.117,7.092499999999999,7.011833333333333,58.20895461572735,23337692.15,6.980833333333334,False,False,7.6
2023-06-06,7.27,7.32,7.14,7.16,12034093.0,109818813.0,2030058373.0000002,0.005927954171197618,7.266,7.146000000000001,7.0745000000000005,7.018166666666667,52.59259204718794,21876893.15,6.983833333333334,False,False,7.52
2023-06-07,7.17,7.29,7.13,7.17,12573775.0,114208763.0,2030058373.0000002,0.006193799728733219,7.236,7.168000000000001,7.0725,7.0255,68.57142765714283,20562777.75,6.990166666666667,False,False,7.36
2023-06-08,7.16,7.26,7.09,7.16,18757499.0,169836176.0,2030058373.0000002,0.00923988159625201,7.196000000000001,7.196,7.0680000000000005,7.034999999999999,71.99999899200002,20401977.55,6.9975000000000005,False,False,7.36
2023-06-09,7.16,7.24,7.12,7.14,21512501.0,195022734.0,2030058373.0000002,0.0105969864148335,7.174000000000001,7.2090000000000005,7.066,7.038166666666666,67.74193446409988,20764938.3,7.003833333333334,False,False,7.36
2023-06-12,7.13,7.14,6.96,7.1,23281753.0,207776149.0,2030058373.0000002,0.011468514063265312,7.145999999999999,7.206999999999999,7.066,7.042166666666666,62.637361673710885,20828364.9,7.011833333333333,False,False,7.36
2023-06-13,7.1,7.15,6.91,6.93,15686817.0,138458775.0,2030058373.0000002,0.007727273860021166,7.1,7.183,7.0615,7.039666666666666,48.99999931399999,20821478.05,7.018166666666667,False,False,7.36
2023-06-14,6.93,7.09,6.92,7.02,13402274.0,118685434.0,2030058373.0000002,0.006601915579498461,7.07,7.1530000000000005,7.058000000000002,7.040666666666667,56.86274431757016,20916314.1,7.0255,True,False,7.36
2023-06-15,6.98,7.03,6.92,6.97,15550783.0,137004828.0,2030058373.0000002,0.0076602639642421744,7.031999999999999,7.114,7.067500000000001,7.041666666666667,47.87233971253961,19971360.8,7.034999999999999,True,True,7.36
2023-06-16,6.98,7.03,6.92,6.95,16388363.0,144251995.0,2030058373.0000002,0.008072853085392535,6.994,7.0840000000000005,7.079000000000001,7.0435,39.999999341176476,18822223.2,7.038166666666666,True,True,7.36
2023-06-19,6.95,6.98,6.87,6.9,16132521.0,141342589.0,2030058373.0000002,0.007946826167446368,6.953999999999999,7.05,7.083500000000001,7.045333333333333,34.11764649688584,18718192.75,7.042166666666666,True,True,7.36
2023-06-20,6.91,6.95,6.82,6.83,18222240.0,158441611.0,2030058373.0000002,0.008976214793799921,6.934,7.017,7.0815,7.043000000000001,18.181817851239643,18498917.6,7.039666666666666,True,True,7.36
2023-06-21,6.83,6.84,6.73,6.73,17713567.0,151599976.0,2030058373.0000002,0.008725644166489195,6.876,6.972999999999999,7.0705,7.038833333333333,12.04819256786179,18425029.55,7.040666666666667,True,True,7.36
2023-06-26,6.74,6.85,6.67,6.7,16191039.0,138441530.0,2030058373.0000002,0.007975651939541542,6.822,6.927,7.0615,7.0360000000000005,13.33333308444442,18446735.75,7.041666666666667,True,True,7.36
2023-06-27,6.79,6.88,6.68,6.8,17057659.0,146570937.0,2030058373.0000002,0.00840254606806816,6.792,6.893000000000001,7.051,7.037,23.80952341269837,18566912.75,7.0435,True,True,7.36
2023-06-28,6.87,6.9,6.74,6.86,21745367.0,173165530.0,2030058373.0000002,0.01071169543162688,6.784000000000001,6.869,7.037999999999999,7.039,31.707316531826294,18412218.95,7.045333333333333,True,True,7.36
2023-06-29,6.86,6.89,6.62,6.64,36910420.0,289161743.0,2030058373.0000002,0.018181950081294532,6.746,6.840000000000001,7.011500000000001,7.036333333333332,24.271844330285603,19291765.5,7.043000000000001,True,True,7.36
2023-06-30,6.63,6.71,6.61,6.62,16668180.0,129571363.0,2030058373.0000002,0.00821069000856755,6.723999999999999,6.8,6.9765,7.033833333333333,24.03846121486687,18703364.45,7.038833333333333,True,True,7.36
2023-07-03,6.62,6.67,6.53,6.65,23022188.0,177612098.0,2030058373.0000002,0.011340653207906547,6.714,6.768000000000001,6.941,7.031000000000001,26.666666311111143,18547808.65,7.0360000000000005,True,True,7.36
2023-07-04,6.66,6.72,6.43,6.46,32797575.0,249868681.0,2030058373.0000002,0.016155976318814946,6.646000000000001,6.718999999999999,6.9015,7.023499999999999,23.33333306111112,19160686.85,7.037,True,True,7.25
2023-07-05,6.46,6.47,6.33,6.34,24767600.0,184456316.0,2030058373.0000002,0.012200437351660329,6.542,6.662999999999999,6.8565,7.013,24.347825790548214,19520810.7,7.039,True,True,7.24
2023-07-06,6.34,6.37,6.31,6.32,14300120.0,105886721.0,2030058373.0000002,0.0070441915317279395,6.478,6.612,6.8145,7.005833333333333,17.592592364540508,19634112.05,7.036333333333332,True,True,7.17
2023-07-07,6.3,6.42,6.3,6.38,13508181.0,100375189.0,2030058373.0000002,0.006654085015317931,6.43,6.577,6.775,7.001,22.93577952192578,19680832.35,7.033833333333333,True,True,7.17
2023-07-10,6.42,6.44,6.34,6.34,16867958.0,125784087.0,2030058373.0000002,0.008309099986653436,6.368,6.5409999999999995,6.733999999999999,6.995666666666667,22.52252223845467,19586355.3,7.031000000000001,True,True,7.16
2023-07-11,6.34,6.39,6.32,6.36,13919374.0,103395356.0,2030058373.0000002,0.006856637318970334,6.348000000000001,6.497,6.695,6.989000000000001,24.99999967592595,19206698.95,7.023499999999999,True,True,7.14
2023-07-12,6.37,6.37,6.2,6.21,26721649.0,195595554.0,2030058373.0000002,0.013162995387423767,6.322,6.432,6.650500000000001,6.977666666666666,23.275861788049966,19378693.75,7.013,True,True,7.1
2023-07-13,6.23,6.29,6.21,6.28,15550651.0,113699844.0,2030058373.0000002,0.007660198941481373,6.314,6.396,6.618,6.9665,30.08849520244344,19371885.45,7.005833333333333,True,True,7.02
2023-07-14,6.27,6.35,6.27,6.3,11593633.0,85577424.0,2030058373.0000002,0.005710985040724244,6.298,6.364,6.582000000000001,6.955166666666667,32.14285674107144,19281453.4,7.001,True,True,7.02
2023-07-17,6.3,6.32,6.22,6.27,11310296.0,82571223.0,2030058373.0000002,0.005571414177261196,6.284000000000001,6.326,6.547,6.936000000000001,24.76190443174606,19069429.05,6.995666666666667,True,True,6.97
2023-07-18,6.26,6.32,6.24,6.3,11648772.0,85549660.0,2030058373.0000002,0.0057381463286622445,6.272,6.31,6.5145,6.923666666666667,22.549019298346806,18832449.5,6.989000000000001,True,True,6.95
2023-07-19,6.32,6.38,6.29,6.36,13590013.0,100643421.0,2030058373.0000002,0.006694395186241276,6.3020000000000005,6.311999999999999,6.4875,6.912,33.72092968361284,18705324.1,6.977666666666666,True,True,6.9
2023-07-20,6.36,6.42,6.34,6.37,17314110.0,129168394.0,2030058373.0000002,0.008528872977388025,6.32,6.317,6.464499999999999,6.9,35.29411706574399,18659917.6,6.9665,True,True,6.86
2023-07-21,6.37,6.4,6.31,6.37,14118289.0,104818630.0,2030058373.0000002,0.006954622186127649,6.334,6.316,6.4465,6.882333333333333,32.926828706127324,18480153.7,6.955166666666667,True,True,6.86
2023-07-24,6.37,6.37,6.3,6.33,9311200.0,68928592.0,2030058373.0000002,0.004586666139181013,6.346,6.3149999999999995,6.428,6.868,40.29850662062824,18136161.75,6.936000000000001,True,True,6.86
2023-07-25,6.38,6.5,6.37,6.49,25104355.0,189229380.0,2030058373.0000002,0.012366321744187598,6.3839999999999995,6.328,6.4125,6.8585,60.56337908748268,18538496.55,6.923666666666667,True,True,6.86
2023-07-26,6.5,6.56,6.48,6.54,16085057.0,122473381.0,2030058373.0000002,0.007923445558971618,6.42,6.361,6.3965,6.8468333333333335,64.86486363769173,18255481.05,6.912,False,True,6.86
2023-07-27,6.54,6.65,6.53,6.55,21520064.0,165686017.0,2030058373.0000002,0.010600711923469404,6.456,6.388,6.3919999999999995,6.8375,62.3188393152699,17485963.25,6.9,False,False,6.65
2023-07-28,6.52,6.7,6.51,6.65,20161884.0,156029517.0,2030058373.0000002,0.009931676974492595,6.5120000000000005,6.423,6.3935,6.828166666666666,70.66666534755556,17660648.45,6.882333333333333,False,False,6.65
2023-07-31,6.72,6.81,6.71,6.79,28582007.0,225989059.0,2030058373.0000002,0.01407940154832188,6.603999999999999,6.475,6.400499999999999,6.818666666666667,74.71264247588846,17938639.4,6.868,False,False,6.65
2023-08-01,6.76,6.8,6.71,6.73,19441801.0,153309182.0,2030058373.0000002,0.009576966484598715,6.652000000000001,6.518000000000001,6.414,6.808666666666667,83.33333183760689,17270850.7,6.8585,False,False,6.79
2023-08-02,6.74,6.78,6.68,6.72,16437283.0,129168782.0,2030058373.0000002,0.008096950914622788,6.688000000000001,6.554,6.433,6.794,80.5555539891975,16854334.85,6.8468333333333335,False,False,6.79
2023-08-03,6.72,6.75,6.68,6.73,11140465.0,87513859.0,2030058373.0000002,0.005487755991733741,6.724000000000001,6.590000000000001,6.453500000000001,6.780833333333334,80.28168855782583,16696352.1,6.8375,False,False,6.79
2023-08-04,6.8,6.95,6.79,6.85,30256279.0,242616797.0,2030058373.0000002,0.01490414236477721,6.764,6.638,6.476999999999999,6.774833333333333,86.249998490625,17533757.0,6.828166666666666,False,False,6.79
2023-08-07,6.8,6.83,6.67,6.72,20796884.0,163289378.0,2030058373.0000002,0.010244475861680062,6.75,6.677000000000001,6.4959999999999996,6.766,73.3333321925926,17730203.3,6.818666666666667,False,False,6.85
2023-08-08,6.72,6.72,6.6,6.65,16619555.0,129074302.0,2030058373.0000002,0.008186737495355754,6.734,6.6930000000000005,6.5105,6.7571666666666665,65.93406491969571,17865212.35,6.808666666666667,False,False,6.85
2023-08-09,6.63,6.66,6.6,6.62,12465518.0,96476089.0,2030058373.0000002,0.006140472690732819,6.714,6.7010000000000005,6.531000000000001,6.7491666666666665,63.44085926003008,17152405.8,6.794,False,False,6.85
2023-08-10,6.63,6.68,6.61,6.66,10098777.0,78472944.0,2030058373.0000002,0.004974623948904546,6.7,6.712000000000001,6.55,6.743166666666667,64.94845267084708,16879812.1,6.780833333333334,False,False,6.85
2023-08-11,6.63,6.66,6.54,6.57,18613587.0,143509463.0,2030058373.0000002,0.009168991023885202,6.644,6.704000000000001,6.5635,6.7345,61.76470503460211,17230809.8,6.774833333333333,False,False,6.85
2023-08-14,6.54,6.55,6.43,6.51,13043963.0,98826474.0,2030058373.0000002,0.006425412773093692,6.601999999999999,6.676,6.575500000000001,6.73,51.086955744328904,17317493.15,6.766,False,False,6.85
2023-08-15,6.53,6.58,6.47,6.54,11739582.0,89500468.0,2030058373.0000002,0.005782879032513416,6.580000000000001,6.656999999999999,6.5875,6.727,49.999999222222236,17322033.65,6.7571666666666665,True,False,6.85
2023-08-16,6.5,6.59,6.45,6.54,8088187.0,61685633.0,2030058373.0000002,0.003984214004667933,6.564,6.639,6.596500000000001,6.722499999999999,49.438201469511455,17046942.35,6.7491666666666665,True,True,6.85
2023-08-17,6.5,6.6,6.49,6.59,12589723.0,96453250.0,2030058373.0000002,0.006201655660470015,6.55,6.625,6.6075,6.717833333333333,46.428570654761884,16810723.0,6.743166666666667,True,True,6.85
2023-08-18,6.57,6.67,6.51,6.52,15927580.0,122865973.0,2030058373.0000002,0.007845872912739145,6.540000000000001,6.5920000000000005,6.615,6.710666666666667,32.46753187721369,16901187.55,6.7345,True,True,6.85
2023-08-21,6.53,6.61,6.47,6.49,15816521.0,121171358.0,2030058373.0000002,0.007791165618861738,6.536,6.569,6.623,6.704166666666667,33.783783144631116,17226453.6,6.73,True,True,6.85
2023-08-22,6.49,6.55,6.4,6.46,10817600.0,81560962.0,2030058373.0000002,0.005328713766990778,6.5200000000000005,6.55,6.6215,6.694999999999999,32.8947362361496,16512115.85,6.727,True,True,6.85
2023-08-23,6.49,6.52,6.42,6.42,11077728.0,83692738.0,2030058373.0000002,0.005456851954276291,6.496,6.529999999999999,6.6155,6.683333333333334,30.37974629706774,16261749.4,6.722499999999999,True,True,6.85
2023-08-24,6.43,6.48,6.39,6.41,11248304.0,84465751.0,2030058373.0000002,0.005540877124324936,6.459999999999999,6.505,6.608500000000001,6.6706666666666665,17.647058460207646,15748161.4,6.717833333333333,True,True,6.85
2023-08-25,6.33,6.43,6.22,6.35,18870891.0,139455824.0,2030058373.0000002,0.00929573811816691,6.426,6.483,6.593500000000001,6.6545,19.672130696049464,15683611.75,6.710666666666667,True,True,6.85
2023-08-28,6.91,6.91,6.45,6.48,33923861.0,264387593.0,2030058373.0000002,0.016710781054964274,6.4239999999999995,6.4799999999999995,6.578,6.639833333333333,37.31343205613729,15950704.45,6.704166666666667,True,True,6.85
2023-08-29,6.48,6.59,6.4,6.54,24095608.0,182816005.0,2030058373.0000002,0.011869416328355005,6.4399999999999995,6.4799999999999995,6.5685,6.627999999999999,44.28571340000002,16183394.8,6.694999999999999,True,True,6.85
2023-08-30,6.53,6.53,6.33,6.36,24643770.0,184620321.0,2030058373.0000002,0.01213943910567541,6.428,6.462000000000001,6.5504999999999995,6.613333333333333,32.14285660714289,16593719.15,6.683333333333334,True,True,6.85
2023-08-31,6.34,6.38,6.2,6.26,19976375.0,146463687.0,2030058373.0000002,0.00984029585832998,6.398000000000001,6.429,6.526999999999999,6.598333333333333,31.764705359169554,17035514.65,6.6706666666666665,True,True,6.85
2023-09-01,6.26,6.31,6.23,6.26,18196097.0,133168597.0,2030058373.0000002,0.008963336838984579,6.38,6.4030000000000005,6.4975000000000005,6.583166666666667,34.17721458420128,16432505.55,6.6545,True,True,6.85
2023-09-04,6.29,6.57,6.27,6.54,36305713.0,274394536.0,2030058373.0000002,0.017884073425114264,6.392,6.4079999999999995,6.4885,6.5728333333333335,49.99999932692309,17207947.0,6.639833333333333,True,True,6.72
2023-09-05,6.54,6.58,6.46,6.47,14660402.0,111534386.0,2030058373.0000002,0.007221665246174671,6.378,6.409000000000001,6.4795,6.561666666666667,46.84684625598572,17109989.35,6.627999999999999,False,True,6.66
2023-09-06,6.45,6.49,6.37,6.43,13004700.0,97426870.0,2030058373.0000002,0.006406071949932052,6.392,6.409999999999999,6.470000000000001,6.5505,42.727272183471094,17136948.45,6.613333333333333,True,False,6.66
2023-09-07,6.43,6.53,6.39,6.47,18088739.0,136975395.0,2030058373.0000002,0.00891045264539297,6.434,6.4159999999999995,6.460500000000001,6.542833333333333,47.663550778233926,17536446.55,6.598333333333333,True,True,6.66
2023-09-08,6.43,6.5,6.4,6.45,10860871.0,81698806.0,2030058373.0000002,0.0053500289176167445,6.4719999999999995,6.426,6.4545,6.533333333333333,48.11320691171236,17148810.75,6.583166666666667,False,True,6.59
2023-09-11,6.49,6.56,6.43,6.55,16337395.0,124715470.0,2030058373.0000002,0.008047746418176517,6.473999999999999,6.433,6.4565,6.526333333333333,53.98230021614848,17313482.35,6.5728333333333335,True,False,6.59
2023-09-12,6.53,6.57,6.5,6.51,8685465.0,66325783.0,2030058373.0000002,0.004278431160166447,6.482000000000001,6.43,6.455,6.519,53.98230021614848,17160776.5,6.561666666666667,False,True,6.59
2023-09-13,6.76,6.87,6.59,6.63,75001648.0,588391308.0,2030058373.0000002,0.036945562254529316,6.522,6.456999999999999,6.4595,6.5145,58.87096707726326,20506449.55,6.5505,False,False,6.59
2023-09-14,6.65,6.66,6.42,6.43,43711623.0,330909879.0,2030058373.0000002,0.021532200049697782,6.514,6.473999999999999,6.4515,6.507833333333333,52.89855018798572,22062544.55,6.542833333333333,False,False,6.63
2023-09-15,6.45,6.48,6.39,6.4,23926897.0,179916238.0,2030058373.0000002,0.011786309851101014,6.504,6.4879999999999995,6.4455,6.502333333333334,46.87499948730469,22462510.4,6.533333333333333,True,False,6.63
2023-09-18,6.41,6.44,6.36,6.39,18246728.0,136511446.0,2030058373.0000002,0.008988277501121885,6.4719999999999995,6.472999999999999,6.4405,6.497166666666667,43.90243852468768,22584020.75,6.526333333333333,True,True,6.63
2023-09-19,6.39,6.42,6.35,6.39,17257217.0,128792486.0,2030058373.0000002,0.008500847674886045,6.448,6.464999999999999,6.437,6.490333333333334,51.42857074285712,22906001.6,6.519,True,True,6.63
2023-09-20,6.37,6.42,6.34,6.39,16744565.0,124757537.0,2030058373.0000002,0.008248317005414504,6.3999999999999995,6.461,6.4355,6.4825,56.84210442548476,23189343.45,6.5145,True,True,6.63
2023-09-21,6.37,6.49,6.35,6.43,19468204.0,146402371.0,2030058373.0000002,0.009589972514548968,6.4,6.456999999999999,6.4365,6.479,58.5858577573717,23600338.45,6.507833333333333,True,True,6.63
2023-09-22,6.41,6.55,6.38,6.54,20529659.0,155543670.0,2030058373.0000002,0.010112841715808138,6.428,6.465999999999999,6.446,6.477666666666667,49.99999914634147,23683276.85,6.502333333333334,True,True,6.63
2023-09-25,6.53,6.7,6.51,6.62,32141838.0,248844296.0,2030058373.0000002,0.015832962454424948,6.473999999999999,6.473000000000001,6.453,6.477166666666666,59.03614358252291,23594175.7,6.497166666666667,False,True,6.63
2023-09-26,6.67,6.73,6.63,6.72,28908210.0,226184968.0,2030058373.0000002,0.014240088060758436,6.539999999999999,6.494,6.462000000000001,6.4815,66.29213378866308,23834805.8,6.490333333333334,False,False,6.63
2023-09-27,6.72,6.79,6.69,6.75,21240119.0,167602762.0,2030058373.0000002,0.010462811947920276,6.612,6.506,6.4815,6.488333333333332,65.90908986053722,23664623.25,6.4825,False,False,6.72
2023-09-28,6.78,6.78,6.7,6.74,15485815.0,121987327.0,2030058373.0000002,0.007628260943607851,6.674000000000001,6.537000000000001,6.5055,6.495333333333333,66.66666559386975,23440095.25,6.479,False,False,6.75
2023-10-09,6.73,6.76,6.64,6.66,14660190.0,114290193.0,2030058373.0000002,0.007221560815680051,6.698,6.563,6.525499999999999,6.5,56.47058730519034,23263299.9,6.477666666666667,False,False,6.75
2023-10-10,6.63,6.73,6.51,6.56,18799044.0,144375133.0,2030058373.0000002,0.009260346525020833,6.686,6.58,6.5265,6.503666666666667,52.747251935756545,22387966.45,6.477166666666666,False,False,6.75
2023-10-11,6.6,6.63,6.47,6.49,17567743.0,134017674.0,2030058373.0000002,0.008653811749284116,6.640000000000001,6.589999999999999,6.527499999999999,6.5058333333333325,41.86046443482967,22533333.5,6.4815,False,False,6.75
2023-10-12,6.54,6.7,6.5,6.68,24322050.0,188600892.0,2030058373.0000002,0.011980960904122729,6.626,6.619,6.540000000000001,6.5136666666666665,64.70588128719726,23099201.0,6.488333333333332,True,False,6.75
2023-10-13,6.65,6.73,6.62,6.71,17253080.0,135079239.0,2030058373.0000002,0.008498809802450935,6.62,6.647,6.552,6.520833333333333,68.23529299377161,23057418.05,6.495333333333333,False,True,6.75
2023-10-16,6.73,6.74,6.62,6.67,15603338.0,121518670.0,2030058373.0000002,0.007686152382377824,6.622,6.659999999999999,6.563,6.526999999999999,65.90908986053722,23294541.4,6.5,False,False,6.75
2023-10-17,6.65,6.7,6.49,6.55,42157011.0,324462581.0,2034363223.0,0.02072246023885185,6.62,6.6530000000000005,6.563,6.531666666666666,57.99999918800002,24585522.2,6.503666666666667,False,False,6.75
2023-10-18,6.52,6.52,5.92,5.97,79114305.0,558428051.0,2034363223.0,0.03888897720208148,6.516,6.578,6.536,6.526166666666667,36.70886043422529,28106964.2,6.5058333333333325,True,False,6.75
2023-10-19,5.94,5.95,5.81,5.84,31280622.0,214633408.0,2034363223.0,0.015376124404112864,6.348,6.487,6.4965,6.5175,32.33532907024275,25920912.9,6.5136666666666665,True,True,6.75
2023-10-20,5.84,5.9,5.78,5.81,23636265.0,161107159.0,2034363223.0,0.011618507812554966,6.168,6.394,6.4655000000000005,6.508166666666667,27.04402491910919,24917145.0,6.520833333333333,True,True,6.75
2023-10-23,5.8,5.85,5.73,5.77,20138075.0,136524767.0,2034363223.0,0.009898957458689765,5.9879999999999995,6.305000000000001,6.433999999999999,6.498166666666666,22.580644957336077,24727703.9,6.526999999999999,True,True,6.75
2023-10-24,5.78,5.83,5.75,5.8,18560742.0,125690159.0,2034363223.0,0.009123612632275745,5.837999999999999,6.229,6.4045000000000005,6.489333333333333,18.918918739956197,24743404.6,6.531666666666666,True,True,6.75
2023-10-25,5.84,5.89,5.82,5.84,23998583.0,164287077.0,2034363223.0,0.011796606785198456,5.811999999999999,6.164,6.377000000000001,6.4785,19.463087065447496,25080472.9,6.526166666666667,True,True,6.75
2023-10-26,5.82,5.86,5.79,5.86,17422229.0,118773620.0,2034363223.0,0.008563971665938832,5.816,6.082,6.3505,6.4671666666666665,20.666666473777795,25114356.1,6.5175,True,True,6.75
2023-10-27,5.86,6.02,5.86,5.96,31750929.0,221193109.0,2034363223.0,0.01560730583458842,5.846,6.007,6.327,6.457333333333334,26.973683962084493,25728492.35,6.508166666666667,True,True,6.75
2023-10-30,5.93,5.97,5.88,5.92,19107404.0,132335228.0,2034363223.0,0.009392326691702094,5.876,5.9319999999999995,6.296,6.445166666666667,28.082191511540643,25657379.6,6.498166666666666,True,True,6.75
2023-10-31,5.81,5.89,5.72,5.88,26355919.0,179045259.0,2034363223.0,0.012955365444098966,5.892,5.865,6.2589999999999995,6.430000000000001,28.67132839063035,25368083.65,6.489333333333333,True,True,6.75
2023-11-01,5.85,5.9,5.81,5.85,13830100.0,94479210.0,2034363223.0,0.00679824519222544,5.894,5.853,6.2155000000000005,6.415333333333333,17.32283445470894,24614178.15,6.4785,True,True,6.75
2023-11-02,5.84,5.92,5.84,5.84,14339833.0,98391184.0,2034363223.0,0.007048806642726061,5.89,5.853,6.17,6.400666666666667,15.199999829760017,24269163.85,6.4671666666666665,True,True,6.75
2023-11-03,5.84,5.87,5.81,5.81,15364148.0,104804272.0,2034363223.0,0.007552313090551775,5.859999999999999,5.853,6.123499999999999,6.3853333333333335,15.322580472164418,24263080.5,6.457333333333334,True,True,6.74
2023-11-06,5.83,5.91,5.78,5.9,26113560.0,178502936.0,2034363223.0,0.012836232834317217,5.856,5.866,6.0855,6.3695,23.14049560002738,24835749.0,6.445166666666667,True,True,6.71
2023-11-07,5.9,5.95,5.84,5.87,18739471.0,128545113.0,2034363223.0,0.00921146764163658,5.854,5.872999999999999,6.051,6.355333333333333,42.42424152433432,24832770.35,6.430000000000001,True,True,6.71
2023-11-08,5.88,5.91,5.83,5.84,15959658.0,109272355.0,2034363223.0,0.007845038594663978,5.852,5.873,6.0184999999999995,6.341833333333333,49.99999875000003,24752366.1,6.415333333333333,True,True,6.71
2023-11-09,5.84,5.88,5.82,5.83,14491150.0,98995093.0,2034363223.0,0.00712318716548092,5.85,5.869999999999999,5.976000000000001,6.328666666666667,51.85185050754465,24260821.1,6.400666666666667,True,True,6.71
2023-11-10,5.82,5.82,5.78,5.79,12038245.0,81544817.0,2034363223.0,0.005917451153215229,5.845999999999999,5.853,5.93,6.314166666666666,51.85185050754465,24000079.35,6.3853333333333335,True,True,6.71
2023-11-13,5.83,5.85,5.78,5.84,14051797.0,95555262.0,2034363223.0,0.006907221306959303,5.8340000000000005,5.845000000000001,5.8885,6.3020000000000005,53.57142723214289,23922502.3,6.3695,True,True,6.67
2023-11-14,5.84,5.87,5.82,5.84,13186165.0,90059025.0,2034363223.0,0.0064817161708983564,5.828,5.840999999999999,5.853,6.2908333333333335,49.99999865384619,22473960.0,6.355333333333333,True,True,6.55
2023-11-15,5.88,5.91,5.86,5.89,14695372.0,101071634.0,2034363223.0,0.007223573368736621,5.837999999999999,5.845,5.849,6.279999999999999,52.727271385123935,19253013.35,6.341833333333333,True,True,5.97
2023-11-16,5.86,5.88,5.83,5.84,11156903.0,76215670.0,2034363223.0,0.005484223699024272,5.84,5.845000000000001,5.848999999999999,6.2683333333333335,37.99999893600004,18246827.4,6.328666666666667,False,True,5.96
2023-11-17,5.83,5.9,5.82,5.89,13477899.0,92371582.0,2034363223.0,0.006625119274484643,5.859999999999999,5.853,5.853,6.256666666666666,47.05882223760094,17738909.1,6.314166666666666,True,False,5.96
2023-11-20,5.88,5.89,5.83,5.87,12504609.0,85619052.0,2034363223.0,0.006146694385066555,5.8660000000000005,5.85,5.858,6.245833333333334,48.979590437317846,17357235.8,6.3020000000000005,False,True,5.96
2023-11-21,5.85,5.94,5.84,5.87,18060799.0,124551948.0,2034363223.0,0.008877863498420114,5.872,5.85,5.8615,6.2355,52.17391145557666,17332238.65,6.2908333333333335,False,False,5.96
2023-11-22,5.85,5.9,5.83,5.83,11031701.0,75518596.0,2034363223.0,0.005422680116941929,5.86,5.848999999999999,5.861,6.225,48.979590437317846,16683894.55,6.279999999999999,False,False,5.96
2023-11-23,5.84,5.89,5.82,5.88,11039808.0,75660073.0,2034363223.0,0.00542666514769177,5.868,5.854,5.862,6.215999999999999,56.86274353710119,16364773.5,6.2683333333333335,True,False,5.96
2023-11-24,5.86,5.89,5.84,5.84,8471009.0,58045869.0,2034363223.0,0.004163960940813763,5.858,5.859,5.856,6.2065,43.47825954631378,15200777.5,6.256666666666666,False,True,5.96
2023-11-27,5.84,5.86,5.79,5.84,13588886.0,92452274.0,2034363223.0,0.006679675412122803,5.851999999999999,5.859,5.852,6.1979999999999995,46.511626392644686,14924851.6,6.245833333333334,True,False,5.92
2023-11-28,5.84,5.84,5.79,5.82,8925542.0,60647047.0,2034363223.0,0.004387388593683794,5.8420000000000005,5.857,5.849,6.186999999999999,47.61904603174613,14053332.75,6.2355,True,True,5.9
2023-11-29,5.82,5.83,5.78,5.78,10522192.0,71238581.0,2034363223.0,0.005172228774605605,5.832,5.846,5.8454999999999995,6.174333333333334,44.44444306172844,13887937.35,6.225,True,True,5.9
2023-11-30,5.78,5.8,5.74,5.78,10580900.0,71319867.0,2034363223.0,0.005201086944737793,5.812,5.84,5.842499999999999,6.164666666666666,48.78048613920293,13699990.7,6.215999999999999,True,True,5.9
2023-12-01,5.77,5.85,5.77,5.83,15222709.0,103673646.0,2034363223.0,0.007482788141220738,5.8100000000000005,5.8340000000000005,5.843500000000001,6.157500000000001,48.78048613920293,13692918.75,6.2065,True,True,5.9
2023-12-04,5.84,5.87,5.83,5.84,11271531.0,77023151.0,2034363223.0,0.005540569585886581,5.8100000000000005,5.831,5.8405000000000005,6.150499999999999,49.99999833333339,12950817.3,6.1979999999999995,True,True,5.9
2023-12-05,5.84,5.85,5.79,5.79,9725800.0,66129774.0,2034363223.0,0.004780758858616075,5.804,5.823,5.836499999999999,6.138000000000001,38.09523682539686,12500133.75,6.186999999999999,True,True,5.89
2023-12-06,5.79,5.92,5.76,5.9,26758608.0,183727229.0,2034363223.0,0.013153308955585656,5.828,5.83,5.8395,6.1285,56.24999835937512,13040081.25,6.174333333333334,True,True,5.89
2023-12-07,5.9,5.97,5.86,5.96,22426591.0,155597024.0,2034363223.0,0.011023887350326918,5.864,5.838,5.845999999999999,6.120666666666666,57.142855510204186,13436853.3,6.164666666666666,False,True,5.9
2023-12-08,5.96,6.06,5.87,5.87,36151705.0,252233720.0,2034363223.0,0.017770526222297914,5.872,5.840999999999999,5.85,6.110666666666666,49.99999875000003,14642526.3,6.157500000000001,False,False,5.96
2023-12-11,5.87,6.04,5.77,6.03,30125983.0,208939239.0,2034363223.0,0.014808556633055098,5.91,5.86,5.8595,6.103666666666667,61.11110992283956,15446235.6,6.150499999999999,False,False,5.96
2023-12-12,6.02,6.07,6.0,6.05,13207879.0,93184750.0,2034363223.0,0.006492389781074999,5.962,5.883,5.869999999999999,6.0953333333333335,65.71428440000004,15447321.3,6.138000000000001,False,False,6.03
2023-12-13,6.04,6.07,5.97,5.98,10237783.0,72012227.0,2034363223.0,0.005032426306302727,5.978,5.9030000000000005,5.874499999999999,6.0865,56.94444333719143,15224441.85,6.1285,False,False,6.05
2023-12-14,6.0,6.05,5.96,5.96,9007433.0,63141572.0,2034363223.0,0.004427642467266525,5.978,5.921,5.8805,6.075333333333334,58.57142740000005,15116968.35,6.120666666666666,False,False,6.05
2023-12-15,5.99,6.03,5.92,5.96,9021536.0,62884430.0,2034363223.0,0.004434574857628559,5.996,5.934,5.884,6.0675,58.57142740000005,14894150.2,6.110666666666666,False,False,6.05
2023-12-18,5.92,5.98,5.9,5.91,7873011.0,54603225.0,2034363223.0,0.0038700124495909646,5.9719999999999995,5.941,5.886,6.059333333333333,56.16438248451869,14662570.3,6.103666666666667,False,False,6.05
2023-12-19,5.93,5.94,5.88,5.92,7458600.0,51463105.0,2034363223.0,0.0036663069385422134,5.946,5.954,5.8885,6.0515,59.99999880000002,14132460.35,6.0953333333333335,False,False,6.05
2023-12-20,5.9,5.94,5.88,5.88,5491072.0,37883096.0,2034363223.0,0.0026991600801269497,5.926,5.952,5.891,6.043,56.75675568298029,13855428.9,6.0865,False,False,6.05
2023-12-21,5.86,5.91,5.79,5.88,8274141.0,56601559.0,2034363223.0,0.004067189627916312,5.909999999999999,5.944,5.891,6.0344999999999995,53.623187317790396,13717145.55,6.075333333333334,True,False,6.05
2023-12-22,5.88,5.93,5.83,5.91,8746987.0,60197355.0,2034363223.0,0.004299619114772013,5.9,5.948,5.8945,6.025833333333334,54.929576381670344,13730944.45,6.0675,True,True,6.05
2023-12-25,5.91,5.92,5.85,5.9,7307240.0,50245080.0,2034363223.0,0.0035919052789522435,5.898000000000001,5.9350000000000005,5.897499999999999,6.0151666666666666,58.20895400757412,13416862.15,6.059333333333333,False,True,6.05
2023-12-26,5.9,5.9,5.82,5.84,6538800.0,44649348.0,2034363223.0,0.0032141752888933343,5.882,5.914,5.8985,6.002166666666667,45.16128930280956,13297525.05,6.0515,False,False,6.05
2023-12-27,5.85,5.87,5.81,5.86,6006400.0,40988346.0,2034363223.0,0.0029524717769634987,5.878,5.902,5.9025,5.987833333333334,41.37930934601671,13071735.45,6.043,True,False,6.05
2023-12-28,5.87,5.97,5.84,5.96,9559932.0,66197525.0,2034363223.0,0.004699225729170586,5.894,5.901999999999999,5.9115,5.974666666666667,57.62711727664467,13020687.05,6.0344999999999995,True,True,6.05
2023-12-29,5.96,5.98,5.93,5.96,8873567.0,61798336.0,2034363223.0,0.004361840058686511,5.904000000000001,5.901999999999999,5.918,5.961666666666667,41.860463753380216,12703229.95,6.025833333333334,False,True,6.05
2024-01-02,5.96,6.01,5.94,5.94,12444879.0,86778284.0,2034363223.0,0.006117333846434757,5.912000000000001,5.905,5.923,5.949666666666666,37.20930111411583,12761897.35,6.0151666666666666,False,False,6.05
2024-01-03,5.94,6.0,5.92,6.0,11963335.0,83463612.0,2034363223.0,0.0058806288202350185,5.944,5.913,5.9335,5.940333333333332,52.38095063492064,12873774.1,6.002166666666667,False,False,6.05
2024-01-04,5.98,6.07,5.97,6.03,15757375.0,111010589.0,2034363223.0,0.0077456055152054825,5.978,5.928,5.9399999999999995,5.932666666666667,58.13953299080594,12323712.45,5.987833333333334,False,False,6.05
2024-01-05,6.04,6.23,6.01,6.16,33141488.0,238390385.0,2034363223.0,0.016290841097258667,6.018,5.956,5.950000000000001,5.924,67.85714116071435,12859457.3,5.974666666666667,False,False,6.05
2024-01-08,6.12,6.15,6.05,6.07,16951667.0,120637637.0,2034363223.0,0.008332664889115526,6.04,5.9719999999999995,5.96,5.913333333333333,63.333331855555606,11899455.4,5.961666666666667,False,False,6.16
2024-01-09,6.06,6.13,6.01,6.06,14648565.0,103871023.0,2034363223.0,0.007200565186387072,6.064,5.988,5.9615,5.9031666666666665,61.66666522777778,11125584.5,5.949666666666666,False,False,6.16
2024-01-10,6.04,6.07,5.99,6.01,11954591.0,84210867.0,2034363223.0,0.005876330669392955,6.066,6.005000000000001,5.9595,5.894166666666667,60.65573631281915,11062920.1,5.940333333333332,False,False,6.16
2024-01-11,6.03,6.08,5.99,6.02,12004117.0,84646403.0,2034363223.0,0.005900675387897533,6.064,6.020999999999999,5.9615,5.895,61.29032119667014,11151236.8,5.932666666666667,False,False,6.16
2024-01-12,6.02,6.1,6.02,6.05,10441856.0,73968968.0,2034363223.0,0.0051327392679669966,6.042,6.03,5.966,5.8985,61.29032119667014,11222957.95,5.924,False,False,6.16
2024-01-15,5.99,6.11,5.96,6.08,11582543.0,82052282.0,2034363223.0,0.005693448873362769,6.044,6.042,5.9719999999999995,5.9030000000000005,64.0624985986328,11351008.3,5.913333333333333,False,False,6.16
2024-01-16,6.08,6.13,6.02,6.08,11600730.0,82280420.0,2034363223.0,0.0057023887715060215,6.048,6.055999999999999,5.9805,5.908166666666667,70.68965346611184,11537394.25,5.9031666666666665,False,False,6.16
2024-01-17,6.06,6.09,5.95,5.95,15094732.0,106338854.0,2034363223.0,0.007419880495942292,6.036,6.051,5.982,5.910666666666667,56.52173798361691,11919200.85,5.894166666666667,False,False,6.16
2024-01-18,5.94,5.95,5.72,5.89,19504275.0,132589056.0,2034363223.0,0.009587410340242864,6.01,6.037,5.9825,5.9115,44.61538365443787,12619861.0,5.895,True,False,6.16
2024-01-19,5.84,5.91,5.8,5.83,9177989.0,62814327.0,2034363223.0,0.004511480003293394,5.965999999999999,6.004,5.9799999999999995,5.9110000000000005,40.84506961713948,12665053.4,5.8985,True,True,6.16
2024-01-22,5.82,5.83,5.59,5.64,17017585.0,113870908.0,2034363223.0,0.008365067165786057,5.878,5.961,5.9665,5.905666666666666,32.95454493026858,13078583.3,5.9030000000000005,True,True,6.16
2024-01-23,5.63,5.72,5.56,5.7,14974765.0,98891889.0,2034363223.0,0.007360910200646112,5.802,5.925,5.9565,5.901999999999999,32.95454493026865,13461959.55,5.908166666666667,True,True,6.16
2024-01-24,5.72,5.91,5.7,5.9,16765630.0,113922753.0,2034363223.0,0.00824121760089447,5.792,5.914,5.9595,5.902333333333333,43.80952322539685,13973301.05,5.910666666666667,True,True,6.16
2024-01-25,5.9,6.0,5.87,5.99,18392153.0,127879067.0,2034363223.0,0.009040741983566618,5.811999999999999,5.9110000000000005,5.966,5.904666666666667,41.584157839427526,14592588.7,5.9115,True,True,6.16
2024-01-26,5.98,6.14,5.96,6.08,29381990.0,208394401.0,2034363223.0,0.01444284367108813,5.862,5.914,5.9719999999999995,5.908666666666666,50.495048805019124,15583691.6,5.9110000000000005,False,True,6.16
2024-01-29,6.08,6.11,6.02,6.03,19106541.0,135339216.0,2034363223.0,0.009391902480336963,5.94,5.909000000000001,5.9755,5.912333333333333,48.571427923809566,16095340.3,5.905666666666666,False,False,6.16
2024-01-30,6.02,6.07,5.92,5.93,14331900.0,100581400.0,2034363223.0,0.007044907142425273,5.986,5.894,5.975,5.912833333333333,46.363635773553725,16189691.35,5.901999999999999,False,False,6.16
2024-01-31,5.94,5.95,5.8,5.84,17562460.0,120356197.0,2034363223.0,0.008632902817669546,5.973999999999999,5.883,5.9670000000000005,5.912333333333334,42.37288085320313,16469647.6,5.902333333333333,True,False,6.16
2024-02-01,5.78,5.85,5.72,5.73,18750900.0,126465947.0,2034363223.0,0.009217085615787305,5.922,5.867,5.952,5.9105,37.30158688712526,16619323.85,5.904666666666667,True,True,6.16
2024-02-02,5.75,5.93,5.7,5.85,28228427.0,192954759.0,2034363223.0,0.01387580481246244,5.8759999999999994,5.869,5.9365,5.910833333333333,41.481481051303135,16373670.8,5.908666666666666,True,True,6.16
2024-02-05,5.78,5.9,5.66,5.84,28856568.0,195251301.0,2034363223.0,0.014184570225097901,5.838,5.889,5.925,5.911666666666667,41.17647016435986,16968915.85,5.912333333333333,True,True,6.08
2024-02-06,5.78,6.08,5.72,6.08,31768759.0,220396821.0,2034363223.0,0.015616070247844822,5.867999999999999,5.927,5.926,5.915666666666667,54.42176818918044,17824925.55,5.912833333333333,True,True,6.08
2024-02-07,6.07,6.28,6.02,6.27,40439749.0,292255829.0,2034363223.0,0.019878332710107197,5.954000000000001,5.964,5.938999999999999,5.922833333333333,61.874999458593756,19249183.45,5.912333333333334,False,True,6.08
2024-02-08,6.29,6.49,6.25,6.27,39283474.0,293040152.0,2034363223.0,0.019309960756206612,6.061999999999999,5.991999999999999,5.9515,5.929166666666666,64.2857137012987,20613151.3,5.9105,False,False,6.27
2024-02-19,6.35,6.37,6.17,6.25,27383135.0,199461599.0,2034363223.0,0.0134602978909632,6.142,6.0089999999999995,5.9615,5.935999999999999,72.26277298417608,21460215.25,5.910833333333333,False,False,6.27
2024-02-20,6.25,6.41,6.19,6.39,23870715.0,176706643.0,2034363223.0,0.011733752719339244,6.252,6.045,5.977,5.944333333333334,73.79310273579075,22074623.85,5.911666666666667,False,False,6.27
2024-02-21,6.37,6.49,6.35,6.42,28989230.0,218087618.0,2034363223.0,0.014249780802294812,6.32,6.093999999999999,5.994,5.9535,70.31249923095706,22944048.85,5.915666666666667,False,False,6.39
2024-02-22,6.4,6.45,6.37,6.44,17673892.0,132528158.0,2034363223.0,0.008687677696973388,6.353999999999999,6.154,6.0185,5.962999999999999,68.59504052865246,23073006.85,5.922833333333333,False,False,6.42
2024-02-23,6.44,6.52,6.37,6.47,17807702.0,134528118.0,2034363223.0,0.008753452578512328,6.394,6.228,6.0475,5.973666666666667,66.95652092400759,22988178.2,5.929166666666666,False,False,6.44
2024-02-26,6.5,6.54,6.43,6.43,19393656.0,147005647.0,2034363223.0,0.009533035094588908,6.43,6.286,6.0775,5.982833333333334,67.54385881963682,23498961.55,5.935999999999999,False,False,6.47
2024-02-27,6.45,6.45,6.37,6.43,16838468.0,126093761.0,2034363223.0,0.008277021433354922,6.438,6.345,6.117,5.992666666666667,74.03846054179002,23490005.7,5.944333333333334,False,False,6.47
2024-02-28,6.44,6.49,6.32,6.37,24289601.0,182219264.0,2034363223.0,0.011939657935902433,6.428,6.3740000000000006,6.150499999999999,6.001500000000001,76.2376227056172,23955747.5,5.9535,False,False,6.47
2024-02-29,6.36,6.45,6.34,6.43,16917329.0,126852143.0,2034363223.0,0.0083157858973938,6.426,6.39,6.1770000000000005,6.011666666666667,86.45833207248272,23963332.45,5.962999999999999,False,False,6.47
2024-03-01,6.45,6.47,6.38,6.41,14349124.0,107589229.0,2034363223.0,0.007053373673772906,6.414,6.404000000000001,6.1979999999999995,6.022166666666666,82.55813819091415,23761181.0,5.973666666666667,False,False,6.47
2024-03-04,6.39,6.43,6.31,6.37,19796490.0,146911354.0,2034363223.0,0.009731049881449808,6.401999999999999,6.4159999999999995,6.2125,6.032,79.77527964398445,23281906.0,5.982833333333334,False,False,6.47
2024-03-05,6.37,6.37,6.29,6.32,12844453.0,94968419.0,2034363223.0,0.0063137461662616775,6.38,6.409000000000001,6.226999999999999,6.040166666666666,67.1428558000001,22968801.6,5.992666666666667,False,False,6.47
2024-03-06,6.32,6.37,6.31,6.32,11968287.0,88659522.0,2034363223.0,0.005883062997152894,6.37,6.399,6.2465,6.048166666666666,54.901959277201215,22850620.95,6.001500000000001,False,False,6.47
2024-03-07,6.34,6.44,6.32,6.35,15163034.0,112995658.0,2034363223.0,0.00745345463807571,6.354000000000001,6.39,6.272,6.0575,57.4074059190673,22730649.65,6.011666666666667,False,False,6.47
2024-03-08,6.35,6.4,6.32,6.39,14329059.0,106469501.0,2034363223.0,0.007043510636645047,6.35,6.382,6.305,6.065666666666667,62.49999843750006,22509557.6,6.022166666666666,False,False,6.47
2024-03-11,6.41,6.45,6.3,6.38,22153948.0,164559463.0,2034363223.0,0.010889868509975517,6.352,6.377000000000001,6.3315,6.072666666666667,48.83720771227698,22205833.65,6.032,False,False,6.47
2024-03-12,6.37,6.38,6.25,6.29,18376638.0,135136398.0,2034363223.0,0.009033115518526064,6.346,6.363,6.354,6.079666666666667,36.73469282798831,21681837.15,6.040166666666666,False,False,6.47
2024-03-13,6.26,6.28,6.16,6.2,18027438.0,130809125.0,2034363223.0,0.008861464755254279,6.322,6.346,6.36,6.0825,28.571427857142737,20994771.1,6.048166666666666,True,False,6.47
2024-03-14,6.19,6.26,6.16,6.24,17873909.0,129880327.0,2034363223.0,0.008785996914376976,6.3,6.327,6.3585,6.085666666666667,29.824560670975657,19866479.1,6.0575,True,True,6.47
2024-03-15,6.25,6.26,6.19,6.26,11811781.0,86012773.0,2034363223.0,0.005806131799109898,6.273999999999999,6.312,6.358,6.090333333333334,34.54545366611565,18492894.45,6.065666666666667,True,True,6.47
2024-03-18,6.26,6.28,6.23,6.27,14060782.0,102727739.0,2034363223.0,0.006911637922388848,6.252,6.302,6.359,6.0954999999999995,35.71428482142851,17826776.8,6.072666666666667,True,True,6.47
2024-03-19,6.26,6.27,6.2,6.2,13176264.0,95913958.0,2034363223.0,0.006476849291725522,6.234,6.29,6.3495,6.0995,35.08771843644192,17292054.25,6.079666666666667,True,True,6.47
2024-03-20,6.19,6.21,6.17,6.2,9763594.0,70624286.0,2034363223.0,0.004799336662015542,6.234,6.278,6.338500000000001,6.104333333333333,27.450979638600472,16330772.45,6.0825,True,True,6.47
2024-03-21,6.2,6.21,6.18,6.19,9335681.0,67566932.0,2034363223.0,0.004588994184742004,6.223999999999999,6.2620000000000005,6.326,6.108833333333334,27.99999921599992,15913861.9,6.085666666666667,True,True,6.47
2024-03-22,6.17,6.2,6.1,6.13,11631331.0,83454925.0,2034363223.0,0.005717430824790328,6.198,6.236,6.308999999999999,6.113,26.923076198224763,15605043.35,6.090333333333334,True,True,6.47
2024-03-25,6.1,6.2,6.09,6.1,13125600.0,94197103.0,2034363223.0,0.006451945184421966,6.164,6.208,6.2925,6.116666666666666,27.99999921599988,15291640.55,6.0954999999999995,True,True,6.43
2024-03-26,6.1,6.23,6.09,6.22,17806266.0,127895411.0,2034363223.0,0.008752746706530489,6.167999999999999,6.201,6.282,6.121833333333333,41.935482924037416,15340030.45,6.0995,True,True,6.43
2024-03-27,6.21,6.24,6.15,6.15,11964507.0,86651721.0,2034363223.0,0.005881204921880364,6.1579999999999995,6.196,6.271,6.126,34.848484109274594,14723775.75,6.104333333333333,True,True,6.43
2024-03-28,6.15,6.18,6.11,6.14,13255887.0,95243239.0,2034363223.0,0.006515988320144736,6.148000000000001,6.186,6.2565,6.131,30.15872948853614,14540703.65,6.108833333333334,True,True,6.43
2024-03-29,6.14,6.21,6.13,6.21,12108588.0,87486989.0,2034363223.0,0.005952028557684952,6.164,6.180999999999999,6.2465,6.136833333333333,37.6811586557446,14428676.85,6.113,True,True,6.41
2024-04-01,6.21,6.26,6.2,6.25,14943763.0,108905422.0,2034363223.0,0.007345671034085539,6.194,6.179,6.2405,6.141666666666667,46.87499897460939,14186040.5,6.116666666666666,True,True,6.39
2024-04-02,6.23,6.34,6.23,6.34,17926792.0,131943034.0,2034363223.0,0.00881199178068311,6.218000000000001,6.193,6.2415,6.148,60.937498666992205,14440157.45,6.121833333333333,False,True,6.39
2024-04-03,6.33,6.4,6.32,6.39,17411234.0,129516388.0,2034363223.0,0.008558567026356434,6.266,6.212000000000001,6.244999999999999,6.155500000000001,61.53846021301775,14712304.8,6.126,False,False,6.39
2024-04-08,6.38,6.45,6.35,6.37,20850685.0,156122186.0,2034363223.0,0.010249243971905995,6.311999999999999,6.2299999999999995,6.246,6.161666666666667,58.46153720236692,14996687.35,6.131,False,False,6.39
2024-04-09,6.37,6.42,6.26,6.26,19725167.0,145495477.0,2034363223.0,0.00969599075376128,6.322,6.243,6.2395000000000005,6.1655,49.333332412444484,15266492.75,6.136833333333333,False,False,6.39
2024-04-10,6.25,6.32,6.16,6.21,16214500.0,118089716.0,2034363223.0,0.00797030727683382,6.314,6.254,6.231,6.166333333333333,50.68493053480954,14969520.35,6.141666666666667,False,False,6.39
2024-04-11,6.18,6.35,6.18,6.3,17265645.0,127034678.0,2034363223.0,0.008487002126660053,6.305999999999999,6.2620000000000005,6.2315,6.170166666666666,56.09756001784651,14913970.7,6.148,True,False,6.39
2024-04-12,6.3,6.37,6.27,6.32,12863375.0,95047898.0,2034363223.0,0.0063230473568190336,6.292,6.278999999999999,6.2375,6.1745,57.83132432573668,14655767.55,6.155500000000001,False,True,6.39
2024-04-15,6.34,6.47,6.31,6.43,28970466.0,217119672.0,2034363223.0,0.014240557277317632,6.304,6.308,6.247,6.1815,67.04545347882232,15210595.4,6.161666666666667,False,False,6.39
2024-04-16,6.42,6.5,6.38,6.42,24586460.0,185418907.0,2034363223.0,0.012085580255301341,6.336,6.329,6.255,6.188166666666667,68.60465004597084,15849329.35,6.1655,False,False,6.43
2024-04-17,6.4,6.5,6.37,6.49,23907234.0,179949899.0,2034363223.0,0.011751703790999962,6.392,6.353,6.266,6.195499999999999,66.66666551440335,16341651.95,6.166333333333333,False,False,6.43
2024-04-18,6.47,6.61,6.45,6.54,22794119.0,173956819.0,2034363223.0,0.011204547320898949,6.44,6.372999999999999,6.2829999999999995,6.203166666666666,74.68354298029162,16822544.7,6.170166666666666,False,False,6.49
2024-04-19,6.51,6.67,6.5,6.61,21479015.0,166178867.0,2034363223.0,0.010558102288305081,6.498,6.395,6.3035,6.212000000000001,77.64705754463675,17408315.75,6.1745,False,False,6.54
2024-04-22,6.61,6.71,6.48,6.49,25867902.0,198414665.0,2034363223.0,0.012715478586883598,6.51,6.406999999999999,6.3185,6.221,65.55555453580251,18234926.8,6.1815,False,False,6.61
2024-04-23,6.48,6.51,6.33,6.33,19929101.0,148944037.0,2034363223.0,0.00979623538937717,6.492,6.414,6.3285,6.2283333333333335,53.92156788735103,18649815.3,6.188166666666667,False,False,6.61
2024-04-24,6.19,6.24,6.0,6.23,50228777.0,359175699.0,2034363223.0,0.024690171564313617,6.44,6.4159999999999995,6.334999999999999,6.235,44.66019356772555,20504974.15,6.195499999999999,False,False,6.61
2024-04-25,6.16,6.41,6.15,6.39,36555258.0,269227142.0,2034363223.0,0.01796889443670404,6.410000000000001,6.425,6.3435,6.2475000000000005,49.99999938596492,21442423.75,6.203166666666666,True,False,6.61
2024-04-26,6.38,6.49,6.26,6.46,27081098.0,201988140.0,2034363223.0,0.013311830303373509,6.380000000000001,6.439,6.359,6.260166666666667,53.78151197231834,22198253.3,6.212000000000001,False,True,6.61
2024-04-29,6.44,6.48,6.35,6.45,26104125.0,195615341.0,2034363223.0,0.012831595019450467,6.372,6.441000000000001,6.3745,6.269333333333333,58.71559557612999,22840665.2,6.221,False,False,6.61
2024-04-30,6.26,6.37,6.26,6.32,23960500.0,176963539.0,2034363223.0,0.011777886922604872,6.37,6.431,6.38,6.2748333333333335,54.70085404631458,23433260.8,6.2283333333333335,False,False,6.61
2024-05-06,6.35,6.43,6.32,6.43,19330152.0,144250483.0,2034363223.0,0.009501819430010409,6.409999999999999,6.425,6.389,6.280666666666666,55.46218422145329,23652580.25,6.235,True,False,6.61
2024-05-07,6.43,6.46,6.32,6.41,20508948.0,152960064.0,2034363223.0,0.010081261678411692,6.414,6.412000000000001,6.3925,6.287000000000001,53.78151197231835,23781688.05,6.2475000000000005,False,True,6.61
2024-05-08,6.4,6.42,6.36,6.39,11334485.0,84748354.0,2034363223.0,0.005571514895597382,6.4,6.390000000000001,6.3925,6.294666666666667,48.181817568595044,23477850.6,6.260166666666667,False,False,6.61
2024-05-09,6.39,6.62,6.38,6.61,28054950.0,214217471.0,2034363223.0,0.013790531446310952,6.432,6.401999999999999,6.4045000000000005,6.3075,57.251907785094126,23838063.85,6.269333333333333,True,False,6.61
2024-05-10,6.62,6.77,6.55,6.74,29028243.0,226931140.0,2034363223.0,0.014268957810391955,6.516,6.4430000000000005,6.4285,6.324333333333334,59.12408698705313,24303217.65,6.2748333333333335,False,True,6.61
2024-05-13,6.72,6.85,6.69,6.81,26003050.0,206503432.0,2034363223.0,0.012781911168082496,6.5920000000000005,6.5009999999999994,6.458500000000001,6.340333333333334,59.71222961440919,24792645.15,6.280666666666666,False,False,6.74
2024-05-14,6.79,7.0,6.78,6.97,31812767.0,257034532.0,2034363223.0,0.01563770256969495,6.704000000000001,6.559,6.492,6.359166666666667,62.1621615741417,25520001.25,6.287000000000001,False,False,6.81
2024-05-15,6.94,7.01,6.9,6.93,20312032.0,165020982.0,2034363223.0,0.009984466770907606,6.812,6.606,6.522499999999999,6.373333333333333,65.71428505714286,25892434.1,6.294666666666667,False,False,6.97
2024-05-16,6.93,6.98,6.86,6.9,18502134.0,149655886.0,2034363223.0,0.009094803617574048,6.87,6.651000000000001,6.546000000000001,6.3838333333333335,72.44094408332822,25369017.5,6.3075,False,False,6.97
2024-05-17,6.91,6.95,6.84,6.95,17959148.0,144690550.0,2034363223.0,0.00882789651177252,6.912000000000001,6.714,6.5725,6.395166666666667,79.50819580892238,25037651.9,6.324333333333334,False,False,6.97
2024-05-20,6.97,7.03,6.87,7.02,19967571.0,162434086.0,2034363223.0,0.009815145483486751,6.953999999999999,6.773000000000001,6.598999999999999,6.408,77.87610522985361,24840668.75,6.340333333333334,False,False,6.97
2024-05-21,6.98,7.09,6.95,7.01,19589400.0,161080595.0,2034363223.0,0.00962925390044765,6.962000000000001,6.833,6.6225,6.418333333333333,75.7009335889598,24680432.8,6.359166666666667,False,False,7.02
2024-05-22,6.99,7.08,6.87,6.87,13628706.0,110633853.0,2034363223.0,0.006699249104544002,6.95,6.881,6.6355,6.425833333333333,67.49999921250004,24287917.35,6.373333333333333,False,False,7.02
2024-05-23,6.88,6.93,6.8,6.82,15461871.0,123828553.0,2034363223.0,0.007600349251889715,6.934,6.901999999999999,6.651999999999999,6.432166666666666,72.32142766741077,23767615.8,6.3838333333333335,False,False,7.02
2024-05-24,6.8,6.98,6.8,6.85,18575059.0,149063935.0,2034363223.0,0.009130650215259028,6.914,6.912999999999999,6.678,6.4385,70.19230674741131,23699913.7,6.395166666666667,False,False,7.02
2024-05-27,6.81,6.97,6.81,6.96,14894200.0,120090607.0,2034363223.0,0.00732130812807168,6.901999999999999,6.928,6.714499999999999,6.447333333333333,74.33628226486024,21933184.85,6.408,False,False,7.02
2024-05-28,6.91,6.96,6.84,6.9,13701880.0,110485829.0,2034363223.0,0.006735218099250903,6.880000000000001,6.921000000000001,6.74,6.455166666666667,71.79487093578796,20790515.95,6.418333333333333,False,False,7.02
2024-05-29,6.87,6.93,6.83,6.86,10182118.0,81787091.0,2034363223.0,0.005005063935920356,6.878,6.914,6.76,6.463333333333333,62.62626174063876,19945566.95,6.425833333333333,False,False,7.02
2024-05-30,6.8,6.89,6.78,6.84,10772207.0,85967607.0,2034363223.0,0.005295124724145684,6.882000000000001,6.9079999999999995,6.7795000000000005,6.4701666666666675,55.68181729597108,19178971.05,6.432166666666666,False,False,7.02
2024-05-31,6.84,6.95,6.8,6.91,17597917.0,141919842.0,2034363223.0,0.008650331858658458,6.894,6.904000000000001,6.808999999999999,6.4784999999999995,55.681817295971136,18860841.9,6.4385,False,False,7.02
2024-06-03,6.91,6.91,6.78,6.82,14380501.0,115090330.0,2034363223.0,0.007068797173197817,6.866,6.884,6.828500000000001,6.486000000000001,40.74074003657981,18613359.35,6.447333333333333,False,False,7.02
2024-06-04,6.84,6.91,6.78,6.89,11458872.0,92015942.0,2034363223.0,0.00563265786092123,6.864,6.872,6.852500000000001,6.495500000000001,47.61904682539683,18160855.55,6.455166666666667,True,False,7.02
2024-06-05,6.89,6.92,6.71,6.73,18045329.0,143044725.0,2034363223.0,0.008870259153323281,6.837999999999999,6.858,6.8694999999999995,6.5023333333333335,41.23711280688701,18496397.75,6.463333333333333,False,True,7.02
2024-06-06,6.79,6.9,6.73,6.83,18843600.0,150722060.0,2034363223.0,0.009262652699851721,6.836,6.859,6.8805000000000005,6.5103333333333335,44.117646453287186,18035830.25,6.4701666666666675,True,False,7.02
2024-06-07,6.85,6.9,6.76,6.78,16718452.0,133161406.0,2034363223.0,0.008218027051897801,6.8100000000000005,6.851999999999999,6.8825,6.5168333333333335,37.99999946800001,17420340.7,6.4784999999999995,True,True,7.02
2024-06-11,6.78,6.86,6.64,6.73,22165037.0,174710803.0,2034363223.0,0.010895319355662575,6.792,6.829000000000001,6.8785,6.522666666666667,36.53846104659764,17228440.05,6.486000000000001,True,True,7.02
2024-06-12,6.73,6.99,6.7,6.95,26019736.0,209475841.0,2034363223.0,0.01279011324321409,6.804,6.8340000000000005,6.8775,6.533666666666666,53.57142790178574,16938788.5,6.495500000000001,True,True,7.02
2024-06-13,6.94,7.0,6.84,6.87,19484900.0,157876727.0,2034363223.0,0.009577886475585388,6.832000000000001,6.835000000000001,6.8745,6.544833333333333,52.173912408317584,16897431.9,6.5023333333333335,False,True,7.02
2024-06-14,6.83,6.95,6.8,6.8,23395885.0,188017144.0,2034363223.0,0.011500347988742618,6.8260000000000005,6.831,6.8694999999999995,6.554166666666666,47.89915910034603,17142119.45,6.5103333333333335,True,False,7.02
2024-06-17,6.8,6.92,6.74,6.85,18755615.0,150356034.0,2034363223.0,0.009219403294334917,6.840000000000001,6.825,6.8645,6.563999999999999,45.13274280366512,17181942.8,6.5168333333333335,True,True,7.02
2024-06-18,6.85,6.97,6.76,6.88,13422429.0,107839489.0,2034363223.0,0.006597852757191728,6.87,6.831,6.857499999999999,6.574166666666667,49.09090846611569,16854685.7,6.522666666666667,True,True,7.02
2024-06-19,6.87,6.91,6.7,6.71,17234065.0,136233198.0,2034363223.0,0.008471478841711247,6.822,6.813,6.842499999999999,6.582666666666667,43.902438524687675,16736918.95,6.533666666666666,False,True,7.01
2024-06-20,6.74,6.76,6.65,6.67,8612708.0,67374615.0,2034363223.0,0.004233613694264075,6.781999999999999,6.8069999999999995,6.8325000000000005,6.5905000000000005,43.199999516160005,16486119.05,6.544833333333333,True,False,6.96
2024-06-21,6.67,6.72,6.62,6.67,8719310.0,68022460.0,2034363223.0,0.0042860143662752405,6.756,6.7909999999999995,6.825,6.5985,39.830508002010895,16148991.0,6.554166666666666,True,True,6.96
2024-06-24,6.67,6.68,6.49,6.56,17451196.0,133860254.0,2034363223.0,0.008578210519488929,6.697999999999999,6.769,6.8105,6.605666666666666,39.16666620972219,16092797.85,6.563999999999999,True,True,6.96
2024-06-25,6.5,6.63,6.5,6.6,16088511.0,123750137.0,2034363223.0,0.007908376841513517,6.642,6.756,6.7924999999999995,6.614000000000001,37.60683715684126,16152513.4,6.574166666666667,True,True,6.96
2024-06-26,6.6,6.61,6.48,6.56,17708440.0,126472272.0,2034363223.0,0.008704659915099144,6.611999999999999,6.7170000000000005,6.775499999999999,6.619666666666666,41.90476134603171,16352841.4,6.582666666666667,True,True,6.95
2024-06-27,6.54,6.56,6.45,6.5,13217349.0,93783204.0,2034363223.0,0.006497044800342421,6.578,6.68,6.7575,6.625500000000001,33.66336587001274,16504602.95,6.5905000000000005,True,True,6.95
2024-06-28,6.5,6.63,6.47,6.56,9058776.0,65110808.0,2034363223.0,0.0044528803399431095,6.555999999999999,6.656000000000001,6.7435,6.632499999999999,39.21568573625526,16418931.4,6.5985,True,True,6.95
2024-07-01,6.57,6.71,6.55,6.63,11946327.0,86802466.0,2109734657.0,0.005662478435552382,6.5699999999999985,6.634,6.7295,6.6395,45.19230708394968,16136351.9,6.605666666666666,True,True,6.95
2024-07-02,6.64,6.67,6.57,6.61,14968006.0,108126994.0,2109734657.0,0.007094733904255145,6.572,6.606999999999999,6.718999999999999,6.6455,29.761904265873014,16165727.15,6.614000000000001,True,True,6.95
2024-07-03,6.62,6.63,6.5,6.5,12110654.0,86649822.0,2109734657.0,0.005740368325380361,6.56,6.586,6.6995000000000005,6.6481666666666674,28.73563172149558,16198316.25,6.619666666666666,True,True,6.95
2024-07-04,6.49,6.57,6.36,6.38,15523462.0,109259918.0,2109734657.0,0.007358016302426415,6.536,6.5569999999999995,6.6819999999999995,6.648,27.173912629962203,16072222.9,6.625500000000001,True,True,6.95
2024-07-05,6.43,6.46,6.3,6.32,10828316.0,75321612.0,2109734657.0,0.005132548761083371,6.4879999999999995,6.522,6.656499999999999,6.647166666666666,21.505376020349203,15671458.7,6.632499999999999,True,True,6.95
2024-07-08,6.13,6.27,6.1,6.13,15108650.0,101696106.0,2131939037.0,0.007086811460265972,6.388,6.478999999999999,6.624,6.645,15.596330074909517,15590968.6,6.6395,True,True,6.95
2024-07-09,6.13,6.24,6.05,6.21,10492300.0,70509633.0,2131939037.0,0.00492148218964293,6.308,6.4399999999999995,6.597999999999999,6.645,24.999999650000007,15007331.75,6.6455,True,True,6.95
2024-07-10,6.21,6.26,6.14,6.17,8535366.0,57778031.0,2131939037.0,0.0040035694510339795,6.242,6.401000000000001,6.559,6.642833333333333,24.999999650000007,14133113.25,6.6481666666666674,True,True,6.95
2024-07-11,6.26,6.27,6.16,6.26,10272031.0,69920779.0,2131939037.0,0.004818163569280335,6.217999999999999,6.377000000000001,6.528499999999999,6.6418333333333335,31.192660149819034,13672469.8,6.648,True,True,6.88
2024-07-12,6.27,6.35,6.23,6.27,8419665.0,57978480.0,2131939037.0,0.003949299137487486,6.208,6.348,6.502,6.639166666666666,35.35353485358637,12923658.8,6.647166666666666,True,True,6.88
2024-07-15,6.27,6.28,6.19,6.23,7065930.0,48101262.0,2131939037.0,0.003314320849409917,6.228,6.308,6.470999999999999,6.635999999999999,31.31313087031937,12339174.55,6.645,True,True,6.88
2024-07-16,6.23,6.27,6.19,6.22,5640800.0,38409548.0,2131939037.0,0.002645854267923891,6.2299999999999995,6.269,6.438,6.631500000000001,32.29166619574653,11950093.1,6.645,True,True,6.88
2024-07-17,6.22,6.26,6.19,6.25,5310390.0,36159897.0,2131939037.0,0.00249087328851233,6.246,6.244,6.415000000000001,6.626666666666667,36.5591392345936,11353909.35,6.642833333333333,True,True,6.71
2024-07-18,6.23,6.28,6.18,6.26,6449110.0,43934700.0,2131939037.0,0.0030249973794161545,6.2459999999999996,6.232,6.3945,6.620833333333334,32.95454493026861,11245729.45,6.6418333333333335,True,True,6.67
2024-07-19,6.26,6.26,6.1,6.13,13054756.0,87787328.0,2131939037.0,0.006123418997182141,6.218000000000001,6.213,6.3675,6.614833333333333,23.40425497057491,11462501.75,6.639166666666666,True,True,6.67
2024-07-22,6.1,6.13,5.99,6.01,13460111.0,88840797.0,2131939037.0,0.006313553420805438,6.1739999999999995,6.201,6.34,6.6095,21.153845869082815,11262947.5,6.635999999999999,True,True,6.63
2024-07-23,6.02,6.02,5.9,5.9,12846579.0,83392988.0,2131939037.0,0.006025772208795106,6.109999999999999,6.17,6.305000000000001,6.603999999999999,21.153845869082843,11100850.9,6.631500000000001,True,True,6.63
2024-07-24,5.9,5.91,5.77,5.78,13365686.0,85210117.0,2131939037.0,0.006269262754721067,6.016,6.131,6.266,6.593833333333333,21.153845869082843,10883713.2,6.626666666666667,True,True,6.63
2024-07-25,5.76,5.78,5.68,5.76,12740461.0,79925886.0,2131939037.0,0.005975996864304333,5.916,6.0809999999999995,6.229,6.582166666666667,21.999999691999975,10859868.8,6.620833333333334,True,True,6.63
2024-07-26,5.76,5.78,5.67,5.76,17565655.0,109888386.0,2131939037.0,0.008239285784042802,5.8420000000000005,6.03,6.189,6.570666666666667,27.160493357719858,11285212.75,6.614833333333333,True,True,6.63
2024-07-29,5.75,5.75,5.66,5.67,11509000.0,71658471.0,2131939037.0,0.005398371998570426,5.774,5.973999999999999,6.141,6.559833333333333,17.07317044021414,11263346.4,6.6095,True,True,6.63
2024-07-30,5.67,5.74,5.63,5.71,9598386.0,59606682.0,2131939037.0,0.004502185960020019,5.736,5.923,6.096,6.547833333333333,21.951219137418192,10994865.4,6.603999999999999,True,True,6.61
2024-07-31,5.71,5.88,5.69,5.87,15631472.0,99258624.0,2131939037.0,0.007332044551328322,5.754,5.885,6.064500000000001,6.538833333333333,28.08988719858604,11170906.3,6.593833333333333,True,True,6.5
2024-08-01,5.87,5.9,5.79,5.86,12366351.0,78870173.0,2131939037.0,0.005800518113032704,5.773999999999999,5.845000000000001,6.0385,6.53,26.966291710642636,11013050.75,6.582166666666667,True,True,6.38
2024-08-02,5.83,5.93,5.81,5.84,12136970.0,77848611.0,2131939037.0,0.005692925449256174,5.790000000000001,5.816,6.0145,6.517166666666666,27.58620645263575,11078483.45,6.570666666666667,True,True,6.32
2024-08-05,5.81,5.9,5.75,5.76,11471100.0,72931215.0,2131939037.0,0.005380594754783319,5.808,5.7909999999999995,5.996,6.5008333333333335,25.53191451335448,10896605.95,6.559833333333333,True,True,6.27
2024-08-06,5.8,5.85,5.73,5.78,9935028.0,62813080.0,2131939037.0,0.00466009009994032,5.822,5.779,5.9745,6.483666666666666,24.73118242340159,10868742.35,6.547833333333333,True,True,6.27
2024-08-07,5.78,5.79,5.71,5.74,7073418.0,44364843.0,2131939037.0,0.0033178331449634224,5.796,5.775,5.953,6.463166666666667,22.916666332465326,10795644.95,6.538833333333333,True,True,6.27
2024-08-08,5.71,5.8,5.71,5.78,8651842.0,54467827.0,2131939037.0,0.004058203283417808,5.779999999999999,5.777,5.929,6.444,29.88505699035545,10714635.5,6.53,True,True,6.27
2024-08-09,5.79,5.85,5.76,5.76,8877600.0,56334405.0,2131939037.0,0.004164096555261866,5.764,5.776999999999999,5.903499999999999,6.425,33.76623315230228,10737532.25,6.517166666666666,True,True,6.27
2024-08-12,5.78,5.78,5.74,5.75,5968400.0,37560161.0,2131939037.0,0.0027995171983897587,5.7620000000000005,5.785,5.8795,6.405,38.80596933838274,10682655.75,6.5008333333333335,True,True,6.26
2024-08-13,5.76,5.79,5.74,5.78,7136200.0,44966764.0,2131939037.0,0.0033472814541835325,5.762,5.792,5.8575,6.384333333333333,49.99999879310348,10757425.75,6.483666666666666,True,True,6.26
2024-08-14,5.78,5.8,5.67,5.67,8471155.0,52968119.0,2131939037.0,0.003973450859983479,5.748,5.772,5.8285,6.362,43.283581185119225,10915464.0,6.463166666666667,True,True,6.26
2024-08-15,5.67,5.79,5.65,5.75,7540557.0,47270334.0,2131939037.0,0.003536947759355654,5.742,5.761,5.803,6.343333333333334,49.333332412444484,10970036.35,6.444,True,True,6.26
2024-08-16,5.75,5.77,5.68,5.69,6926758.0,43264054.0,2131939037.0,0.0032490413092426526,5.728,5.746,5.781000000000001,6.3245000000000005,51.388887889660545,10663636.45,6.425,True,True,6.13
2024-08-19,5.7,5.76,5.68,5.74,7643974.0,47855263.0,2131939037.0,0.0035854561820662417,5.726000000000001,5.744000000000001,5.7675,6.306,52.05479352223684,10372829.6,6.405,True,True,6.01
2024-08-20,5.76,5.76,5.63,5.65,10913422.0,67627961.0,2131939037.0,0.005119012228115602,5.7,5.731,5.755,6.284166666666667,33.33333262626269,10276171.75,6.384333333333333,True,True,5.9
2024-08-21,5.65,5.68,5.57,5.61,10104100.0,62067668.0,2131939037.0,0.004739394431380263,5.688000000000001,5.718,5.746499999999999,6.262666666666666,31.88405732409163,10113092.45,6.362,True,True,5.87
2024-08-22,5.6,5.61,5.49,5.49,10789156.0,65256825.0,2131939037.0,0.005060724445095847,5.636,5.689,5.7330000000000005,6.239833333333334,27.84810077231218,10015527.2,6.343333333333334,True,True,5.87
2024-08-23,5.49,5.53,5.42,5.43,10148810.0,60505966.0,2131939037.0,0.004760365950370278,5.5840000000000005,5.656000000000001,5.7165,6.216333333333334,28.57142805194809,9644684.95,6.3245000000000005,True,True,5.87
2024-08-26,5.43,5.5,5.39,5.46,8514081.0,50721824.0,2131939037.0,0.0039935855820627765,5.5280000000000005,5.627000000000001,5.706,6.192166666666667,29.48717895792244,9494939.0,6.306,True,True,5.87
2024-08-27,5.47,5.48,5.29,5.31,12685000.0,74328848.0,2131939037.0,0.00594998251819149,5.46,5.58,5.686,6.167,25.84269622269916,9649269.7,6.284166666666667,True,True,5.87
2024-08-28,5.31,5.33,5.23,5.27,9812117.0,56591512.0,2131939037.0,0.004602437888565197,5.3919999999999995,5.54,5.656000000000001,6.14,21.3483142709254,9358301.95,6.262666666666666,True,True,5.87
2024-08-29,5.26,5.32,5.22,5.29,11885310.0,68548996.0,2131939037.0,0.005574882674283524,5.351999999999999,5.494,5.6274999999999995,6.1160000000000005,23.595505246812323,9334249.9,6.239833333333334,True,True,5.86
2024-08-30,5.29,5.45,5.11,5.36,24739043.0,143265099.0,2131939037.0,0.011604010513739656,5.338,5.461,5.6034999999999995,6.0915,29.473683776177353,9964353.55,6.216333333333334,True,True,5.84
2024-09-02,5.32,5.36,5.2,5.22,22750604.0,131848141.0,2131939037.0,0.01067132014807232,5.29,5.409000000000001,5.5765,6.0655,23.58490534887865,10528328.75,6.192166666666667,True,True,5.78
2024-09-03,5.23,5.28,5.15,5.26,13600068.0,77660980.0,2131939037.0,0.00637920117037568,5.279999999999999,5.37,5.5505,6.0409999999999995,29.292928878685885,10711580.75,6.167,True,True,5.78
2024-09-04,5.25,5.31,5.2,5.28,13259700.0,76088952.0,2131939037.0,0.006219549325696783,5.282,5.337000000000001,5.5275,6.013166666666667,24.731182423401634,11020894.85,6.14,True,True,5.78
2024-09-05,5.28,5.34,5.26,5.32,10702297.0,61959960.0,2131939037.0,0.005019982660976999,5.287999999999999,5.32,5.5045,5.987333333333334,29.670329213863113,11123417.6,6.1160000000000005,True,True,5.78
2024-09-06,5.32,5.33,5.22,5.22,10177675.0,58572190.0,2131939037.0,0.004773905268098902,5.26,5.299,5.4775,5.960999999999999,22.916666332465354,11188421.35,6.0915,True,True,5.78
2024-09-09,5.21,5.22,5.13,5.15,9176200.0,51878502.0,2131939037.0,0.004304156845362929,5.246,5.268,5.4475,5.932666666666667,23.40425497057501,11348811.35,6.0655,True,True,5.78
2024-09-10,5.19,5.19,5.0,5.07,13230560.0,73116888.0,2131939037.0,0.0062058810174129755,5.208,5.244,5.412000000000001,5.902500000000001,22.44897927113712,11653529.35,6.0409999999999995,True,True,5.78
2024-09-11,5.05,5.11,5.01,5.09,11762324.0,65013452.0,2131939037.0,0.0055171952836660775,5.17,5.226000000000001,5.383,5.8755,27.272726838843028,11818087.8,6.013166666666667,True,True,5.75
2024-09-12,5.09,5.22,5.07,5.1,12489872.0,70253168.0,2131939037.0,0.005858456448912052,5.126,5.207,5.3505,5.849333333333333,30.12048141965458,12065553.55,5.987333333333334,True,True,5.75
2024-09-13,5.1,5.24,5.09,5.21,16532901.0,94083173.0,2131939037.0,0.007754865741031975,5.1240000000000006,5.192,5.3265,5.825,36.263735705832666,12545860.7,5.960999999999999,True,True,5.74
2024-09-18,5.21,5.31,5.15,5.25,14511335.0,82803591.0,2131939037.0,0.0068066369385589515,5.144,5.195,5.302,5.803166666666667,46.249999190625054,12889228.75,5.932666666666667,True,True,5.74
2024-09-19,5.26,5.36,5.23,5.31,12143631.0,70315034.0,2131939037.0,0.005696049835031001,5.192,5.2,5.285,5.781666666666666,52.4390234949435,12950739.2,5.902500000000001,True,True,5.65
2024-09-20,5.31,5.32,5.23,5.25,7636521.0,43880658.0,2131939037.0,0.0035819603034924867,5.223999999999999,5.197,5.267,5.759833333333333,47.674417828555995,12827360.25,5.8755,False,True,5.61
2024-09-23,5.28,5.32,5.21,5.29,9034157.0,51963573.0,2131939037.0,0.004237530643799549,5.262,5.194,5.257,5.7396666666666665,45.78313175787487,12739610.3,5.849333333333333,True,False,5.49
2024-09-24,5.31,5.61,5.3,5.6,24941380.0,149702936.0,2131939037.0,0.01169891801179116,5.34,5.232,5.2655,5.723666666666666,68.99999903400003,13479238.8,5.825,False,True,5.46
2024-09-25,5.7,5.99,5.68,5.87,32811987.0,211382181.0,2131939037.0,0.015390677890195225,5.464,5.304,5.286,5.710999999999999,74.79674711613461,14694134.1,5.803166666666667,False,False,5.6
2024-09-26,5.87,6.16,5.85,6.16,37097568.0,243598289.0,2131939037.0,0.01740085779010012,5.6339999999999995,5.412999999999999,5.3285,5.7035,79.33333259288891,15914762.5,5.781666666666666,False,False,5.87
2024-09-27,6.22,6.33,6.09,6.3,33215230.0,225537877.0,2131939037.0,0.015579821666354712,5.844,5.534,5.38,5.700166666666666,80.62499929453126,17084918.15,5.759833333333333,False,False,6.16
2024-09-30,6.54,6.84,6.44,6.79,74279118.0,540213868.0,2132158487.0,0.03483752190697258,6.144,5.703,5.455,5.706999999999999,89.44723555162753,20204608.55,5.7396666666666665,False,False,6.3
2024-10-08,7.47,7.47,6.84,7.14,88626710.0,696075656.0,2132158487.0,0.04156666145615657,6.452,5.896,5.544,5.720666666666667,93.83259854023949,23398991.9,5.723666666666666,False,False,6.79
2024-10-09,7.0,7.0,6.42,6.42,72810175.0,525751061.0,2132158487.0,0.03414857546656662,6.562,6.013,5.604,5.725499999999999,73.1958759365147,25901970.45,5.710999999999999,False,False,7.14
2024-10-10,6.42,6.82,6.38,6.63,51620377.0,372867434.0,2132158487.0,0.02421038460073911,6.656000000000001,6.145,5.6725,5.7325,74.8387093394381,27802985.9,5.7035,False,False,7.14
2024-10-11,6.63,6.71,6.41,6.44,34225750.0,244127211.0,2132158487.0,0.016052160385204985,6.684,6.264,5.7305,5.736999999999999,70.42682896769038,28851288.4,5.700166666666666,False,False,7.14
2024-10-14,6.43,6.63,6.43,6.59,30146338.0,215623282.0,2132158487.0,0.014138882350353162,6.644,6.394,5.7940000000000005,5.742500000000001,70.78313223163741,29823490.45,5.706999999999999,False,False,7.14
2024-10-15,6.58,6.67,6.45,6.52,26442838.0,189738799.0,2132158487.0,0.012401910158754536,6.5200000000000005,6.486,5.859,5.746666666666667,68.95522359242594,30636748.6,5.720666666666667,False,False,7.14
2024-10-16,6.46,6.62,6.45,6.53,20850031.0,149154943.0,2132158487.0,0.009778837327114698,6.542,6.552,5.928,5.751666666666667,68.48484819430672,31220440.15,5.725499999999999,False,False,7.14
2024-10-17,6.56,6.56,6.39,6.39,24477829.0,172733509.0,2132158487.0,0.011480304653356662,6.494,6.575,5.994000000000001,5.754499999999999,66.8639050484927,31782803.6,5.7325,False,False,7.14
2024-10-18,6.39,6.57,6.3,6.46,29330279.0,206230424.0,2132158487.0,0.013756143916519279,6.498,6.590999999999999,6.0625,5.757999999999999,67.15542494422992,32661201.35,5.736999999999999,False,False,7.14
2024-10-21,6.46,6.51,6.39,6.41,28848089.0,202557395.0,2132158487.0,0.013529992810520374,6.462000000000001,6.553,6.127999999999999,5.7604999999999995,62.85714257777779,33479112.2,5.742500000000001,False,False,7.14
2024-10-22,6.42,6.48,6.38,6.44,19329186.0,135663608.0,2132158487.0,0.00906554841858714,6.446000000000001,6.483,6.189500000000001,5.765666666666666,59.79381414532187,33618926.45,5.746666666666667,False,False,7.14
2024-10-23,6.45,6.48,6.41,6.44,21773715.0,153119549.0,2132158487.0,0.010212052777857127,6.428,6.484999999999999,6.2490000000000006,5.772833333333334,55.343511154652994,33982045.45,5.751666666666667,False,False,7.14
2024-10-24,6.41,6.43,6.23,6.3,26157568.0,180495561.0,2132158487.0,0.012268116164668578,6.409999999999999,6.452,6.2985,5.7795000000000005,49.99999973282443,34682742.3,5.754499999999999,False,False,7.14
2024-10-25,6.29,6.37,6.29,6.32,21202125.0,146580965.0,2132158487.0,0.009943972330983668,6.382,6.4399999999999995,6.351999999999999,5.7885,39.06976718745269,35361022.5,5.757999999999999,False,False,7.14
2024-10-28,6.33,6.35,6.28,6.3,30531673.0,210513872.0,2132158487.0,0.014319607658696528,6.359999999999999,6.411,6.402500000000001,5.7975,26.923076715976364,36435898.3,5.7604999999999995,True,False,7.14
2024-10-29,6.3,6.38,6.11,6.22,46622789.0,318125402.0,2132158487.0,0.021866474412790684,6.316000000000001,6.380999999999999,6.4334999999999996,5.805166666666667,41.525423236139055,37519968.75,5.765666666666666,True,True,7.14
2024-10-30,6.15,6.23,6.13,6.16,26235906.0,176793471.0,2132158487.0,0.012304857335870268,6.26,6.344,6.447999999999999,5.8133333333333335,27.184465649919943,37191164.7,5.772833333333334,True,True,7.14
2024-10-31,6.06,6.07,5.93,5.98,53464332.0,349619110.0,2132158487.0,0.025075214776939796,6.196,6.303,6.439,5.817833333333334,27.45098001537876,38009502.9,5.7795000000000005,True,True,7.14
2024-11-01,5.98,6.02,5.9,5.91,36430320.0,237172602.0,2132158487.0,0.017086121984889766,6.114,6.248,6.419499999999999,5.8185,13.829787028067145,38170257.4,5.7885,True,True,7.14
2024-11-04,5.92,6.06,5.9,6.05,29798459.0,194990948.0,2132158487.0,0.013975724216414687,6.064,6.212,6.3825,5.821666666666667,26.7326728967749,35946224.45,5.7975,True,True,7.14
2024-11-05,6.03,6.17,6.03,6.17,35061152.0,234908334.0,2132158487.0,0.016443970846337936,6.054,6.1850000000000005,6.3340000000000005,5.827166666666667,33.9285710044643,33267946.55,5.805166666666667,True,True,7.14
2024-11-06,6.16,6.19,6.1,6.16,31530255.0,211931639.0,2132158487.0,0.01478795089213272,6.054,6.156999999999999,6.321,5.833833333333333,38.38383784103667,31203950.55,5.8133333333333335,True,True,6.63
2024-11-07,6.12,6.3,6.09,6.3,32860868.0,223561676.0,2132158487.0,0.01541201941617204,6.118,6.157,6.304499999999999,5.8425,42.452829627981494,30265975.1,5.817833333333334,True,True,6.63
2024-11-08,6.37,6.38,6.18,6.23,34384203.0,235054662.0,2132158487.0,0.016126476155334694,6.182,6.148,6.294,5.850666666666667,41.66666612654323,30273897.75,5.8185,True,True,6.59
2024-11-11,6.19,6.24,6.14,6.23,22431368.0,151765103.0,2132158487.0,0.010520497484950798,6.218,6.141,6.276,5.8581666666666665,39.99999946666668,29888149.25,5.821666666666667,True,True,6.59
2024-11-12,6.23,6.33,6.19,6.22,32823164.0,224905958.0,2132158487.0,0.015394335927711925,6.228,6.141,6.261,5.865833333333333,39.62264098611603,30207165.55,5.827166666666667,True,True,6.53
2024-11-13,6.22,6.34,6.19,6.25,24659248.0,168512485.0,2132158487.0,0.011565391667809918,6.246,6.15,6.247,5.8741666666666665,47.36842035457065,30397626.4,5.833833333333333,True,True,6.53
2024-11-14,6.26,6.27,6.09,6.1,22229154.0,149906174.0,2132158487.0,0.010425657443165481,6.206,6.162000000000001,6.2325,5.879499999999999,39.814814298696824,30285192.65,5.8425,False,True,6.46
2024-11-15,6.1,6.2,6.08,6.12,17704956.0,119126888.0,2132158487.0,0.008303771088288711,6.183999999999999,6.183,6.2155000000000005,5.887,41.66666612654323,29703926.5,5.850666666666667,True,False,6.46
2024-11-18,6.29,6.52,6.29,6.36,76729772.0,537140335.0,2132158487.0,0.035986898942001584,6.209999999999999,6.214,6.213,5.897166666666666,55.645160662070786,32098010.65,5.8581666666666665,True,True,6.44
2024-11-19,6.31,6.39,6.19,6.3,40763838.0,279121162.0,2132158487.0,0.019118577839565637,6.226,6.227,6.2059999999999995,5.907333333333333,55.645160662070744,33169743.25,5.865833333333333,False,True,6.44
2024-11-20,6.26,6.3,6.21,6.28,28797843.0,196549988.0,2132158487.0,0.013506427020122355,6.232,6.239,6.1979999999999995,5.916333333333332,63.88888806069958,33520949.65,5.8741666666666665,False,False,6.44
2024-11-21,6.28,6.29,6.19,6.22,19794317.0,134714468.0,2132158487.0,0.009283698712214914,6.256,6.231,6.194,5.925833333333333,64.48598046466938,33202787.1,5.879499999999999,False,False,6.36
2024-11-22,6.25,6.3,6.04,6.05,28546551.0,192876030.0,2132158487.0,0.013388568989618453,6.242,6.213,6.1805,5.933166666666667,49.99999936363638,33570008.4,5.887,False,False,6.36
2024-11-25,6.04,6.11,5.98,6.07,19188152.0,126802615.0,2132158487.0,0.00899940230381195,6.184,6.197,6.169,5.942833333333334,44.99999937000003,33002832.35,5.897166666666666,True,False,6.36
2024-11-26,6.07,6.12,6.03,6.07,14319243.0,95061982.0,2132158487.0,0.0067158436332505145,6.138,6.182,6.161499999999999,5.9535,45.45454481175393,31387655.05,5.907333333333333,True,True,6.36
2024-11-27,6.07,6.09,5.9,6.09,22684600.0,148514322.0,2132158487.0,0.010639265391531844,6.1,6.1659999999999995,6.1579999999999995,5.9639999999999995,37.9310338723742,31210089.75,5.916333333333332,True,True,6.36
2024-11-28,6.09,6.12,6.02,6.07,19928396.0,132391230.0,2132158487.0,0.009346582874352716,6.07,6.162999999999999,6.1625,5.976666666666666,40.24390175193339,29533292.95,5.925833333333333,True,True,6.36
2024-11-29,6.05,6.14,6.05,6.12,22856202.0,152531507.0,2132158487.0,0.010719748151629781,6.0840000000000005,6.163,6.173,5.990833333333333,43.67816021667328,28854587.05,5.933166666666667,True,True,6.36
2024-12-02,6.14,6.22,6.12,6.19,22826160.0,154168501.0,2132158487.0,0.010705658204666096,6.108,6.146,6.180000000000001,6.0058333333333325,48.38709604578569,28505972.1,5.942833333333334,True,True,6.36
2024-12-03,6.19,6.43,6.14,6.38,61656977.0,427376666.0,2132158487.0,0.028917633175924412,6.17,6.154,6.1905,6.022833333333333,55.96330203349886,29835763.35,5.9535,False,True,6.36
2024-12-04,6.33,6.33,6.19,6.22,34620804.0,236395419.0,2132158487.0,0.016237443985091526,6.196,6.148000000000001,6.1935,6.0395,55.454544748760334,29990290.8,5.9639999999999995,False,False,6.38
2024-12-05,6.21,6.22,6.15,6.18,22999005.0,155330560.0,2132158487.0,0.010786723942065007,6.218,6.144,6.1875,6.054833333333334,52.67857077008928,29497197.65,5.976666666666666,False,False,6.38
2024-12-06,6.18,6.3,6.16,6.28,34557291.0,236177839.0,2132158487.0,0.01620765586174739,6.25,6.167,6.1899999999999995,6.0714999999999995,45.91836669096211,29505852.05,5.990833333333333,True,False,6.38
2024-12-09,6.28,6.3,6.2,6.25,23530813.0,160945605.0,2132158487.0,0.011036146301257576,6.2620000000000005,6.1850000000000005,6.191,6.087,47.36842035457065,29560824.3,6.0058333333333325,False,True,6.38
2024-12-10,6.39,6.42,6.23,6.25,39085170.0,269152504.0,2132158487.0,0.0183312686361293,6.236,6.203,6.1925,6.104166666666667,48.38709604578564,29873924.6,6.022833333333333,False,False,6.38
2024-12-11,6.24,6.31,6.23,6.27,26296296.0,180277522.0,2132158487.0,0.012333180746333517,6.246,6.220999999999999,6.1935,6.122833333333333,52.80898793334176,29955777.0,6.0395,False,False,6.38
2024-12-12,6.28,6.3,6.23,6.3,32079885.0,220249090.0,2132158487.0,0.015045731917019543,6.2700000000000005,6.244000000000001,6.2035,6.143333333333333,66.66666542222225,30448313.55,6.054833333333334,False,False,6.38
2024-12-13,6.29,6.29,6.13,6.17,51723175.0,350229913.0,2132158487.0,0.0242585977146454,6.247999999999999,6.249,6.206,6.161333333333333,55.813952579772845,32149224.5,6.0714999999999995,False,False,6.38
2024-12-16,6.16,6.24,6.07,6.09,41183835.0,276442949.0,2132158487.0,0.019315559913159495,6.215999999999999,6.239,6.1925,6.177833333333334,51.0638290267089,30371927.65,6.087,True,False,6.38
2024-12-17,6.08,6.12,6.01,6.09,34511045.0,228700990.0,2132158487.0,0.01618596610449812,6.183999999999999,6.209999999999999,6.182,6.1925,49.999999239130446,30059288.0,6.104166666666667,True,True,6.38
2024-12-18,6.1,6.21,6.09,6.1,22289520.0,149489383.0,2132158487.0,0.010453969597429837,6.15,6.1979999999999995,6.173,6.206666666666667,51.6483508537616,29733871.85,6.122833333333333,True,True,6.38
2024-12-19,6.07,6.12,6.0,6.11,19574810.0,129551193.0,2132158487.0,0.009180748110119265,6.112,6.191,6.1675,6.22,49.42528656097241,29722896.5,6.143333333333333,True,True,6.38
2024-12-20,6.09,6.13,6.05,6.07,13884017.0,92384953.0,2132158487.0,0.006511719032451081,6.0920000000000005,6.17,6.1685,6.233666666666667,42.857142142857164,28989769.8,6.161333333333333,True,True,6.38
2024-12-23,6.08,6.13,6.0,6.01,20967563.0,138751024.0,2132158487.0,0.00983396080912441,6.076,6.146,6.1655,6.245666666666667,23.9436614997025,29078740.35,6.177833333333334,True,True,6.38
2024-12-24,6.01,6.12,5.99,6.1,21849256.0,144742018.0,2132158487.0,0.010247482132879553,6.078,6.130999999999999,6.167,6.2540000000000004,40.62499911132816,29455241.0,6.1925,True,True,6.38
2024-12-25,6.11,6.14,6.08,6.12,17261349.0,115224702.0,2132158487.0,0.008095715729034359,6.081999999999999,6.1160000000000005,6.1685,6.258166666666667,45.16128930280965,29184078.45,6.206666666666667,True,True,6.38
2024-12-26,6.15,6.16,6.07,6.13,20041560.0,133995121.0,2132158487.0,0.009399657728163995,6.086,6.098999999999999,6.1715,6.257666666666666,35.8490556568174,29189736.65,6.22,True,True,6.38
2024-12-27,6.11,6.19,6.11,6.12,16713923.0,112152510.0,2132158487.0,0.007838968398412496,6.095999999999999,6.093999999999999,6.1715,6.254666666666666,37.25490093810078,28882622.7,6.233666666666667,True,True,6.38
2024-12-30,6.11,6.14,6.09,6.14,19637900.0,131187821.0,2132158487.0,0.00921033784295792,6.122,6.099,6.169,6.243833333333333,39.62264046279815,28723209.7,6.245666666666667,True,True,6.38
2024-12-31,6.12,6.17,6.06,6.08,27653844.0,184854586.0,2132158487.0,0.01296988200858823,6.118,6.098000000000001,6.154,6.226166666666667,33.333332514619954,27023053.05,6.2540000000000004,True,True,6.38
2025-01-02,6.06,6.11,5.83,5.87,33376444.0,217174538.0,2132158487.0,0.015653828832846984,6.068,6.075,6.1365,6.2170000000000005,21.333332935111144,26960835.05,6.258166666666667,True,True,6.3
2025-01-03,5.86,5.92,5.76,5.77,22584622.0,143931890.0,2132158487.0,0.01059237488099542,5.9959999999999996,6.041,6.1160000000000005,6.202666666666667,22.22222179012347,26940115.9,6.257666666666666,True,True,6.3
2025-01-06,5.78,5.85,5.7,5.85,19512864.0,123223366.0,2132158487.0,0.009151694922761152,5.942,6.019,6.0945,6.1928333333333345,33.3333326851852,26187894.55,6.254666666666666,True,True,6.3
2025-01-07,5.83,5.86,5.74,5.78,16112199.0,101727626.0,2132158487.0,0.00755675485581293,5.87,5.9959999999999996,6.071,6.179333333333333,30.37974629706781,25816963.85,6.243833333333333,True,True,6.3
2025-01-08,5.76,5.79,5.65,5.76,17295430.0,108189388.0,2132158487.0,0.008111700000469993,5.805999999999999,5.962000000000001,6.0465,6.166666666666667,28.749999496875034,24727476.85,6.226166666666667,True,True,6.3
2025-01-09,5.73,5.74,5.67,5.69,11478813.0,71466157.0,2132158487.0,0.005383658424074739,5.77,5.919,6.0175,6.152666666666666,25.581394932395895,23986602.7,6.2170000000000005,True,True,6.3
2025-01-10,5.68,5.71,5.62,5.62,11001300.0,68075761.0,2132158487.0,0.00515970086983501,5.74,5.868,5.9835,6.139833333333333,24.7191007347557,22932673.45,6.202666666666667,True,True,6.3
2025-01-13,5.6,5.65,5.56,5.65,10309231.0,63343418.0,2132158487.0,0.004835114773529497,5.7,5.821,5.9575,6.126333333333334,29.069766968631725,20861976.25,6.1928333333333345,True,True,6.17
2025-01-14,5.65,5.79,5.65,5.76,15697013.0,98138525.0,2132158487.0,0.007362029181088732,5.696,5.7829999999999995,5.941000000000001,6.1155,30.68181769369835,19587635.15,6.179333333333333,True,True,6.14
2025-01-15,5.76,5.84,5.74,5.83,17472619.0,110801218.0,2132158487.0,0.008194803109868446,5.71,5.758,5.928,6.105333333333333,34.40860163255867,18735713.85,6.166666666666667,True,True,6.14
2025-01-16,5.84,5.93,5.82,5.91,16539497.0,106496282.0,2132158487.0,0.007757161158911542,5.754,5.7620000000000005,5.9185,6.096500000000001,38.99999945400001,18448212.7,6.152666666666666,True,True,6.14
2025-01-17,5.9,5.95,5.85,5.93,13128065.0,84876971.0,2132158487.0,0.006157171279735173,5.816,5.7780000000000005,5.9094999999999995,6.090333333333333,40.59405884325064,18125875.45,6.139833333333333,True,True,6.14
2025-01-20,5.95,6.01,5.92,5.98,13084114.0,85383334.0,2132158487.0,0.006136557896504999,5.882,5.791,5.905,6.084666666666666,42.30769173816572,18085880.3,6.126333333333334,False,True,6.14
2025-01-21,6.02,6.03,5.94,5.97,11404646.0,74600376.0,2132158487.0,0.00534887348643891,5.9239999999999995,5.8100000000000005,5.9030000000000005,6.079166666666667,44.44444381593715,17607734.45,6.1155,False,False,6.14
2025-01-22,5.98,5.98,5.9,5.94,9283676.0,60169011.0,2132158487.0,0.004354120979562998,5.946,5.828,5.8950000000000005,6.0745000000000005,54.32098671543976,16979455.45,6.105333333333333,False,False,6.14
2025-01-23,5.99,6.01,5.94,5.96,12611404.0,82411513.0,2132158487.0,0.005914852989068631,5.956,5.8549999999999995,5.887,6.071166666666667,63.01369742165515,16746958.2,6.096500000000001,False,False,6.14
2025-01-24,5.99,5.99,5.93,5.97,11368943.0,72310375.0,2132158487.0,0.005332128483561457,5.964,5.890000000000001,5.879,6.071000000000001,59.09090783746561,16313327.35,6.090333333333333,False,False,6.14
2025-01-27,5.99,6.06,5.99,5.99,12082856.0,77668708.0,2132158487.0,0.005666959596892293,5.966,5.9239999999999995,5.8725000000000005,6.072333333333333,67.2131132115023,16081774.0,6.084666666666666,False,False,6.14
2025-02-05,6.01,6.03,5.91,5.96,11669197.0,74052382.0,2132158487.0,0.00547295009782263,5.964,5.944,5.8635,6.070833333333334,66.12903076482834,15683338.85,6.079166666666667,False,False,6.14
2025-02-06,5.92,6.01,5.89,5.96,11178199.0,70760262.0,2132158487.0,0.005242667966830179,5.968,5.957,5.8575,6.067333333333334,74.54545264793387,14859556.6,6.0745000000000005,False,False,6.08
2025-02-07,5.95,6.01,5.91,5.98,12906827.0,82187766.0,2132158487.0,0.0060534088242944015,5.9719999999999995,5.964,5.8629999999999995,6.064333333333334,85.99999759200003,13836075.75,6.071166666666667,False,False,5.99
2025-02-10,5.97,6.03,5.96,5.97,12130547.0,77270941.0,2132158487.0,0.005689327071116548,5.9719999999999995,5.968,5.872999999999999,6.058833333333333,83.33333090277769,13313372.0,6.071000000000001,False,False,5.99
2025-02-11,5.97,6.0,5.92,5.99,14643758.0,93101111.0,2132158487.0,0.006868043857567141,5.9719999999999995,5.968999999999999,5.880000000000001,6.054833333333333,79.48717663379354,13069916.7,6.072333333333333,False,False,5.99
2025-02-12,5.96,6.0,5.95,6.0,9466625.0,60336638.0,2132158487.0,0.00443992557669565,5.9799999999999995,5.9719999999999995,5.891,6.051,75.75757254361798,12737638.0,6.070833333333334,False,False,5.99
2025-02-13,5.99,6.08,5.99,6.01,14858073.0,95477803.0,2132158487.0,0.006968559368635714,5.99,5.979,5.903499999999999,6.047499999999999,69.23076550295859,12615770.15,6.067333333333334,False,False,6.0
2025-02-14,6.0,6.07,5.99,6.06,13708200.0,88218079.0,2132158487.0,0.0064292594024226496,6.006,5.988999999999999,5.922,6.0443333333333324,72.41378960761,12727239.5,6.064333333333334,False,False,6.01
2025-02-17,6.06,6.12,6.0,6.08,19462150.0,125664345.0,2132158487.0,0.00912790963648473,6.0280000000000005,6.0,5.944999999999999,6.0440000000000005,69.23076550295859,13150282.0,6.058833333333333,False,False,6.06
2025-02-18,6.09,6.17,6.02,6.04,21474258.0,139933852.0,2132158487.0,0.010071604963200843,6.037999999999999,6.005000000000001,5.9645,6.042666666666666,62.06896252080872,13708533.35,6.054833333333333,False,False,6.08
2025-02-19,6.05,6.06,5.98,5.99,15558042.0,99771522.0,2132158487.0,0.007296850630410009,6.036,6.008,5.976,6.0365,58.064513506763845,13701584.8,6.051,False,False,6.08
2025-02-20,5.99,6.01,5.94,5.95,10494600.0,66699355.0,2132158487.0,0.004922054370717142,6.024,6.007,5.982,6.030666666666666,48.48484642791565,13352683.85,6.047499999999999,False,False,6.08
2025-02-21,5.96,5.99,5.93,5.93,14663893.0,92976829.0,2132158487.0,0.00687748733942966,5.997999999999999,6.002,5.9830000000000005,6.0248333333333335,44.11764524221464,13258903.65,6.0443333333333324,True,False,6.08
2025-02-24,5.93,5.97,5.9,5.92,12331162.0,78059148.0,2132158487.0,0.005783417168650653,5.966,5.997,5.9825,6.019833333333334,39.39393772268145,13219058.5,6.0440000000000005,True,True,6.08
2025-02-25,5.92,5.96,5.87,5.93,11047333.0,69716887.0,2132158487.0,0.005181290728319109,5.944,5.9910000000000005,5.9799999999999995,6.017833333333333,45.16128828303857,13117219.45,6.042666666666666,True,True,6.08
2025-02-26,5.93,6.04,5.93,6.04,16635270.0,106373023.0,2132158487.0,0.007802079489600343,5.954,5.994999999999999,5.983499999999999,6.017333333333332,59.52380753968257,13378750.65,6.0365,True,True,6.08
2025-02-27,6.03,6.05,5.95,5.99,12031693.0,76824649.0,2132158487.0,0.005642963725894922,5.962000000000001,5.993,5.986,6.016,51.11110952098768,13516151.5,6.030666666666666,False,True,6.08
2025-02-28,5.97,6.0,5.91,5.92,9937603.0,63132025.0,2132158487.0,0.004660818161778609,5.96,5.979000000000001,5.984,6.013166666666667,45.09803797770095,13382461.45,6.0248333333333335,False,False,6.08
2025-03-03,5.94,5.95,5.89,5.93,11355053.0,71712974.0,2132158487.0,0.005325613958452423,5.962,5.964,5.982,6.010833333333334,43.99999876799998,13381766.95,6.019833333333334,True,False,6.08
2025-03-04,5.91,5.99,5.89,5.97,8569698.0,54406643.0,2132158487.0,0.004019259380693496,5.97,5.957,5.981,6.008333333333334,47.16981007475971,13206109.05,6.017833333333333,True,True,6.08
2025-03-05,5.97,6.08,5.89,6.0,16543178.0,105227722.0,2132158487.0,0.007758887578416679,5.962,5.958,5.983,6.005166666666667,49.09090784132237,13449808.1,6.017333333333332,True,True,6.08
2025-03-06,5.99,6.05,5.96,6.03,15897156.0,101906371.0,2132158487.0,0.007455897906711285,5.970000000000001,5.965999999999999,5.9864999999999995,5.999333333333334,47.1698100747598,13685755.95,6.016,False,True,6.08
2025-03-07,6.01,6.02,5.96,5.96,9328000.0,59544716.0,2132158487.0,0.004374909302884294,5.978,5.968999999999999,5.9855,5.995,39.65517145659932,13506814.6,6.013166666666667,False,False,6.08
2025-03-10,5.99,6.01,5.95,6.0,12036368.0,76836417.0,2132158487.0,0.005645156339637523,5.992,5.976999999999999,5.987,5.992,46.55172301426875,13502105.65,6.010833333333334,True,False,6.08
2025-03-11,5.97,6.07,5.96,6.05,17621135.0,113229374.0,2132158487.0,0.008264458344648373,6.008,5.989,5.99,5.988166666666667,55.17241246135552,13650974.5,6.008333333333334,False,True,6.08
2025-03-12,6.06,6.07,5.97,6.0,13939902.0,89310034.0,2132158487.0,0.0065379295605805495,6.008,5.985,5.99,5.984,54.23728684860673,13874638.35,6.005166666666667,False,False,6.08
2025-03-13,5.99,6.02,5.97,6.0,13099217.0,83703601.0,2132158487.0,0.00614364132866639,6.002,5.986,5.9895000000000005,5.979833333333334,56.14034949830722,13786695.55,5.999333333333334,False,False,6.08
2025-03-14,6.0,6.09,5.99,6.08,21637752.0,139609220.0,2132158487.0,0.010148285004106264,6.026,6.002,5.9905,5.976666666666666,62.49999863281253,14183173.15,5.995,False,False,6.08
2025-03-17,6.1,6.41,6.06,6.26,52093526.0,346167001.0,2132158487.0,0.024432295402813553,6.078,6.035,5.9995,5.976,70.37036915409237,15814741.95,5.992,False,False,6.08
2025-03-18,6.26,6.27,6.17,6.19,16971816.0,112421250.0,2132158487.0,0.007959922352620122,6.106,6.057,6.007,5.976333333333333,59.74025865407325,15589619.85,5.988166666666667,False,False,6.26
2025-03-19,6.19,6.21,6.11,6.14,14869180.0,97378521.0,2132158487.0,0.006973768643681505,6.134,6.071,6.0145,5.977166666666666,59.74025865407319,15555176.75,5.984,False,False,6.26
2025-03-20,6.14,6.15,6.09,6.1,11597800.0,75574737.0,2132158487.0,0.005439464313142309,6.154000000000001,6.077999999999999,6.022,5.977333333333333,62.16216098612125,15610336.75,5.979833333333334,False,False,6.26
2025-03-21,6.1,6.14,6.06,6.08,12282259.0,79814514.0,2132158487.0,0.005760481256382326,6.154,6.090000000000001,6.0295,5.977,59.99999888000005,15491255.05,5.976666666666666,False,False,6.26
2025-03-24,6.1,6.12,6.02,6.07,11436765.0,74003443.0,2132158487.0,0.005363937563615083,6.116,6.0969999999999995,6.037000000000001,5.976333333333334,56.94444333719142,15446535.2,5.976,False,False,6.26
2025-03-25,6.08,6.14,6.04,6.14,10996401.0,71526790.0,2132158487.0,0.005157403198236079,6.106,6.106,6.0475,5.9775,59.21052522506927,15443988.6,5.976333333333333,False,False,6.26
2025-03-26,6.14,6.16,6.11,6.14,12184387.0,79705890.0,2132158487.0,0.0057145784772987184,6.106,6.119999999999999,6.0525,5.979666666666666,57.53424547194596,15221444.45,5.977166666666666,False,False,6.26
2025-03-27,6.12,6.14,6.07,6.09,8411690.0,54719131.0,2132158487.0,0.003945152319251585,6.103999999999999,6.129,6.057499999999999,5.979500000000001,59.154928411029594,15040444.3,5.977333333333333,False,False,6.26
2025-03-28,6.08,6.1,6.01,6.05,9983145.0,64345088.0,2132158487.0,0.0046821777371936985,6.098,6.1259999999999994,6.064,5.9783333333333335,53.52112570521723,15042721.4,5.977,False,False,6.26
2025-03-31,6.02,6.07,5.97,5.99,9613548.0,61561414.0,2132158487.0,0.004508833681274088,6.082,6.099,6.067,5.976,45.83333244212966,14955646.15,5.976333333333334,True,False,6.26
2025-04-01,6.0,6.06,5.99,6.03,9163693.0,58942211.0,2132158487.0,0.0042978479582413895,6.06,6.083,6.07,5.974500000000001,52.11267502876418,14985345.9,5.9775,True,True,6.26
2025-04-02,6.04,6.05,6.0,6.03,6625314.0,42560436.0,2132158487.0,0.0031073271712188624,6.037999999999999,6.072,6.0715,5.972666666666667,52.11267502876418,14489452.7,5.979666666666666,True,True,6.26
2025-04-03,5.99,6.08,5.98,6.04,9328620.0,60009089.0,2132158487.0,0.00437520008802235,6.0280000000000005,6.066000000000001,6.072,5.9719999999999995,46.87499897460938,14161025.9,5.979500000000001,True,True,6.26
2025-04-07,5.85,5.89,5.44,5.47,34341139.0,206305258.0,2132158487.0,0.016106278782455255,5.912000000000001,6.005,6.047499999999999,5.965333333333333,11.650485278537033,15411682.85,5.9783333333333335,True,True,6.26
2025-04-08,5.49,5.78,5.49,5.72,26838269.0,162941882.0,2132158487.0,0.012587370574765345,5.858,5.970000000000001,6.033499999999999,5.9645,30.57851204289321,16151777.9,5.976,True,True,6.26
2025-04-09,5.68,5.77,5.58,5.76,18218942.0,110377713.0,2132158487.0,0.008544834781787025,5.803999999999999,5.932,6.019,5.962999999999999,34.16666626805555,16181668.25,5.974500000000001,True,True,6.26
2025-04-10,6.04,6.19,5.89,5.92,41233304.0,264680729.0,2132158487.0,0.01933876128411837,5.782,5.91,6.015,5.965333333333334,43.18181772382921,17546338.35,5.972666666666667,True,True,6.26
2025-04-11,5.89,5.97,5.79,5.8,25341911.0,157927622.0,2132158487.0,0.011885566272166146,5.734,5.880999999999999,6.005,5.966,40.14084467466772,18158473.05,5.9719999999999995,True,True,6.26
2025-04-14,5.83,5.83,5.73,5.78,23072899.0,142295002.0,2132158487.0,0.010821380840438434,5.795999999999999,5.854,5.99,5.9675,39.86013946990072,18230230.4,5.965333333333333,True,True,6.26
2025-04-15,5.76,5.78,5.7,5.73,14900216.0,90939659.0,2132158487.0,0.006988324784882654,5.798,5.828,5.9635,5.969333333333334,35.46099255570647,16370564.9,5.9645,True,True,6.26
2025-04-16,5.7,5.78,5.67,5.75,16941815.0,103407380.0,2132158487.0,0.007945851634996212,5.796000000000001,5.8,5.9415,5.971,36.363636007628735,16369064.85,5.962999999999999,True,True,6.19
2025-04-17,5.72,5.81,5.7,5.79,14027126.0,86322188.0,2132158487.0,0.006578838339422186,5.7700000000000005,5.776,5.9239999999999995,5.9715,39.43661932949812,16326962.15,5.965333333333334,True,True,6.14
2025-04-18,5.79,5.83,5.76,5.8,10615407.0,65582071.0,2132158487.0,0.004978713854867394,5.7700000000000005,5.752,5.909000000000001,5.971,41.007193831582214,16277842.5,5.966,True,True,6.14
2025-04-21,5.78,5.83,5.75,5.8,9463196.0,58517220.0,2132158487.0,0.004438317347278884,5.773999999999999,5.785,5.8950000000000005,5.969166666666666,42.85714240601502,16136889.35,5.9675,True,True,6.14
2025-04-22,5.82,5.94,5.8,5.93,23023846.0,144665755.0,2132158487.0,0.01079837457692703,5.814,5.806,5.888,5.969166666666667,46.47887278119419,16716243.4,5.969333333333334,True,True,6.14
2025-04-23,5.9,5.93,5.83,5.83,18506382.0,115612011.0,2132158487.0,0.00867964652385618,5.83,5.813000000000001,5.8725,5.966666666666667,43.42105223164819,17091742.45,5.971,False,True,6.14
2025-04-24,5.82,5.85,5.76,5.8,12442404.0,77068510.0,2132158487.0,0.005835590588533957,5.831999999999999,5.801,5.8555,5.963833333333333,42.207791824085,17104643.3,5.9715,True,False,6.14
2025-04-25,5.8,5.85,5.79,5.82,8618398.0,53529085.0,2132158487.0,0.0040421000842795225,5.836,5.803,5.8420000000000005,5.961833333333333,67.67676671972254,17114978.7,5.971,True,True,6.09
2025-04-28,5.83,5.84,5.76,5.77,11570075.0,71325977.0,2132158487.0,0.005426461058380037,5.83,5.8020000000000005,5.827999999999999,5.958666666666667,53.16455601986862,17194325.2,5.969166666666666,True,True,6.05
2025-04-29,5.76,5.83,5.75,5.76,8442270.0,52083671.0,2132158487.0,0.003959494592673776,5.796,5.805,5.8165,5.955166666666666,49.99999907894738,17135761.3,5.969166666666667,True,True,6.04
2025-04-30,5.79,5.94,5.79,5.88,22423003.0,140618352.0,2132158487.0,0.010516574230628475,5.805999999999999,5.818,5.808999999999999,5.953333333333334,47.22222130401236,17798726.8,5.966666666666667,True,True,6.04
2025-05-06,5.89,5.98,5.87,5.93,18783270.0,118767784.0,2132158487.0,0.008809509290478931,5.831999999999999,5.832,5.804,5.9528333333333325,59.99999870769234,18406624.6,5.963833333333333,False,True,6.04
2025-05-07,5.94,5.99,5.9,5.94,16237301.0,102667444.0,2132158487.0,0.007615428730556651,5.856,5.846,5.799,5.9525,62.49999863281253,18752058.65,5.961833333333333,False,False,6.04
2025-05-08,5.94,5.94,5.9,5.93,11134900.0,70309213.0,2132158487.0,0.00522236037700325,5.888,5.859,5.822,5.951666666666666,66.66666511111106,17591746.7,5.958666666666667,False,False,5.94
2025-05-09,5.94,5.94,5.86,5.89,11779502.0,74044807.0,2132158487.0,0.0055246840569408385,5.914,5.8549999999999995,5.8305,5.950333333333334,61.290321196670114,16838808.35,5.955166666666666,False,False,5.94
2025-05-12,5.93,6.01,5.9,6.0,22498126.0,142979159.0,2132158487.0,0.010551807540186857,5.938000000000001,5.872,5.842499999999999,5.950500000000001,65.21738998109637,17052767.55,5.953333333333334,False,False,5.94
2025-05-13,6.06,6.08,5.95,5.97,17281400.0,110200086.0,2132158487.0,0.008105119814200753,5.946,5.889,5.845000000000001,5.95,61.9718297639357,15855172.35,5.9528333333333325,False,False,6.0
2025-05-14,5.96,6.04,5.92,6.03,18653861.0,119087373.0,2132158487.0,0.008748815397042293,5.964,5.91,5.8565,5.950333333333334,64.93506375442738,15520769.85,5.9525,False,False,6.0
2025-05-15,6.03,6.06,5.99,5.99,13885521.0,88989071.0,2132158487.0,0.0065124244209150105,5.976,5.932,5.867,5.949166666666667,54.41176358564018,15061400.95,5.951666666666666,False,False,6.03
2025-05-16,5.95,5.99,5.91,5.92,13073643.0,82694956.0,2132158487.0,0.006131646910729859,5.982,5.9479999999999995,5.8765,5.9464999999999995,56.92307569704139,14970072.3,5.950333333333334,False,False,6.03
2025-05-19,5.93,6.0,5.9,5.98,14964076.0,94903474.0,2132158487.0,0.007018275654102443,5.978,5.958,5.888,5.9455,63.23529281574393,14871185.35,5.950500000000001,False,False,6.03
2025-05-20,5.99,6.01,5.94,5.96,13891968.0,88523639.0,2132158487.0,0.006515448117342508,5.976000000000001,5.961,5.8965000000000005,5.944999999999999,60.29411640570928,14864427.45,5.95,False,False,6.03
2025-05-21,5.95,5.99,5.93,5.94,9434193.0,59820876.0,2132158487.0,0.004424714699925588,5.958,5.961,5.903499999999999,5.944833333333333,63.07692171834323,14805366.75,5.950333333333334,False,False,6.03
2025-05-22,5.93,5.94,5.88,5.89,12491314.0,78664835.0,2132158487.0,0.005858529783860293,5.938000000000001,5.957,5.9079999999999995,5.944166666666666,59.42028864944335,14956772.65,5.949166666666667,False,False,6.03
2025-05-23,5.89,5.92,5.83,5.83,13926422.0,87247384.0,2132158487.0,0.0065316073288692635,5.92,5.951,5.9030000000000005,5.942666666666667,46.0317450088184,14501901.45,5.9464999999999995,True,False,6.03
2025-05-26,5.83,5.86,5.79,5.82,12860153.0,79842633.0,2132158487.0,0.006031518331498216,5.888,5.933,5.902500000000001,5.940833333333333,40.677965136455164,14219590.0,5.9455,True,True,6.03
2025-05-27,5.83,5.86,5.79,5.85,12726938.0,78920132.0,2132158487.0,0.005969039392520543,5.866,5.921,5.904999999999999,5.937666666666667,42.62294984144046,14233816.7,5.944999999999999,True,True,6.03
2025-05-28,5.85,5.87,5.83,5.86,9238400.0,57676438.0,2132158487.0,0.0043328861603523,5.85,5.904,5.907,5.9355,44.26229406611135,14264816.8,5.944833333333333,True,True,6.03
2025-05-29,5.86,5.9,5.84,5.87,14100803.0,88325058.0,2132158487.0,0.006613393462997294,5.846,5.892,5.912000000000001,5.934666666666667,48.27586090368616,14391353.2,5.944166666666666,True,True,6.03
2025-05-30,5.87,5.9,5.83,5.87,13710962.0,85798106.0,2132158487.0,0.006430554803311861,5.854,5.8870000000000005,5.9174999999999995,5.933666666666666,36.170211688546935,14654787.8,5.942666666666667,True,True,6.03
2025-06-03,5.85,5.85,5.72,5.8,20311833.0,125287330.0,2132158487.0,0.009526418004967,5.85,5.869,5.913500000000001,5.930833333333334,33.33333241830074,14549229.3,5.940833333333333,True,True,6.03
2025-06-04,5.8,5.87,5.78,5.86,14846875.0,92073643.0,2132158487.0,0.00696330741383579,5.852,5.859,5.91,5.9285000000000005,33.33333241830074,14352409.55,5.937666666666667,True,True,6.03
2025-06-05,5.86,6.08,5.79,5.95,30075937.0,189361348.0,2132158487.0,0.01410586369792688,5.87,5.86,5.910500000000001,5.9271666666666665,46.428570267857175,15044341.35,5.9355,True,True,6.03
2025-06-06,5.86,5.92,5.82,5.83,28967901.0,180584669.0,2132158487.0,0.013586185631424875,5.862,5.854,5.9055,5.925,42.62294984144052,15935991.4,5.934666666666667,False,True,6.03
2025-06-09,5.83,5.88,5.82,5.83,18887280.0,117689964.0,2132158487.0,0.008858290842429294,5.854,5.854000000000001,5.902500000000001,5.922166666666667,36.363635438016544,16291380.3,5.933666666666666,True,False,6.03
2025-06-10,5.83,5.86,5.79,5.82,16055507.0,99642651.0,2132158487.0,0.007530165837995701,5.858,5.854000000000001,5.8935,5.918333333333334,37.03703607681762,15969249.35,5.930833333333334,True,True,6.03
2025-06-11,5.82,5.87,5.81,5.84,20019113.0,124933017.0,2132158487.0,0.009389129899141499,5.854,5.853,5.8870000000000005,5.915666666666667,40.7407396844993,16106135.0,5.9285000000000005,True,True,6.03
2025-06-12,5.85,5.97,5.83,5.96,35037718.0,220523265.0,2132158487.0,0.016432980106135985,5.856,5.863,5.8835,5.915,55.73770363880683,16925327.85,5.9271666666666665,True,True,6.03
2025-06-13,6.0,6.08,5.93,5.93,64898364.0,415540559.0,2132158487.0,0.030437870540905996,5.876,5.869000000000001,5.8805,5.9125,58.620688240190255,19475970.0,5.925,False,True,5.99
2025-06-16,5.89,5.93,5.84,5.84,33183408.0,207686952.0,2132158487.0,0.015563293349121472,5.878,5.866,5.8765,5.905500000000001,51.51515042240586,20481458.25,5.922166666666667,False,False,5.98
2025-06-17,5.86,5.87,5.82,5.83,19131735.0,119065802.0,2132158487.0,0.008972942263273696,5.88,5.869000000000001,5.869000000000001,5.899500000000001,48.43749894042975,20689841.2,5.918333333333334,True,False,5.98
2025-06-18,5.83,5.84,5.76,5.77,25511600.0,157329467.0,2132158487.0,0.011965151819410692,5.866,5.86,5.8595,5.893333333333333,43.47825998739757,21270822.8,5.915666666666667,True,True,5.96
2025-06-19,5.78,5.79,5.69,5.7,18373500.0,112238657.0,2132158487.0,0.008617323764638139,5.814,5.835,5.8475,5.886666666666667,38.666665944888905,21717788.15,5.915,True,True,5.96
2025-06-20,5.72,5.75,5.69,5.69,16299156.0,99305321.0,2132158487.0,0.0076444392381606295,5.766,5.821,5.8375,5.880166666666667,38.15789403393355,21908180.25,5.9125,True,True,5.96
2025-06-23,5.7,5.79,5.67,5.78,14902493.0,91152664.0,2132158487.0,0.00698939271675258,5.754,5.816,5.835,5.875333333333333,48.717947843524044,21956983.8,5.905500000000001,True,True,5.96
2025-06-24,5.78,5.81,5.76,5.79,15489073.0,95572269.0,2132158487.0,0.007264503597850979,5.746,5.813000000000001,5.8335,5.8695,45.20547858510038,22088429.8,5.899500000000001,True,True,5.96
2025-06-25,5.8,5.86,5.78,5.85,20524899.0,127504400.0,2132158487.0,0.009626347724684877,5.7620000000000005,5.814,5.8335,5.8646666666666665,42.85714199999996,22478327.85,5.893333333333333,True,True,5.96
2025-06-26,5.85,5.92,5.84,5.85,21014322.0,131509639.0,2132158487.0,0.009855891167625008,5.792,5.803,5.833,5.860666666666666,51.7241366825208,23067123.95,5.886666666666667,False,True,5.96
2025-06-27,5.88,5.9,5.83,5.85,20825819.0,126734762.0,2132158487.0,0.009767481698465317,5.824,5.795,5.832,5.857333333333333,51.7241366825208,23403374.75,5.880166666666667,False,False,5.96
2025-06-30,5.86,5.89,5.83,5.83,19892855.0,120825829.0,2132158487.0,0.009329913850817788,5.834,5.7940000000000005,5.83,5.854666666666668,50.84745642056882,23712469.4,5.875333333333333,False,False,5.96
2025-07-01,5.85,5.87,5.83,5.85,14227034.0,86360661.0,2132158487.0,0.006672596848097249,5.846,5.795999999999999,5.8325,5.851666666666666,50.84745642056882,23408229.45,5.8695,False,False,5.96
2025-07-02,5.87,5.92,5.86,5.9,19494332.0,119022265.0,2132158487.0,0.009143003261182996,5.856,5.809,5.8345,5.849500000000001,44.230768039940884,23640602.3,5.8646666666666665,False,False,5.96
2025-07-03,5.9,5.91,5.87,5.88,11911738.0,72814943.0,2132158487.0,0.005586703836805354,5.862,5.827,5.831,5.8468333333333335,45.098037977700926,22732392.35,5.860666666666666,False,False,5.96
2025-07-04,5.9,5.92,5.87,5.89,17246662.0,105520984.0,2132158487.0,0.008088827404320436,5.869999999999999,5.8469999999999995,5.834,5.853833333333333,55.81395167117366,22146330.4,5.857333333333333,False,False,5.96
2025-07-07,5.9,5.92,5.89,5.91,11950700.0,73203307.0,2132158487.0,0.005604977337690751,5.886,5.86,5.837999999999999,5.857,59.09090721074387,21799501.4,5.854666666666668,False,False,5.96
2025-07-08,5.92,5.97,5.91,5.96,15315900.0,94462722.0,2132158487.0,0.0071832840257338715,5.9079999999999995,5.877,5.845000000000001,5.860333333333333,72.09302090859943,21762521.05,5.851666666666666,False,False,5.96
2025-07-09,5.97,6.04,5.95,6.0,18429238.0,114857397.0,2132158487.0,0.008643465348549392,5.928,5.892,5.853,5.861666666666666,87.49999693750013,21683027.3,5.849500000000001,False,False,5.96
2025-07-10,6.02,6.1,5.99,6.09,27438820.0,172366384.0,2132158487.0,0.012869033970644041,5.97,5.9159999999999995,5.8595,5.866499999999999,91.66666399305562,21303082.4,5.8468333333333335,False,False,6.0
2025-07-11,6.09,6.12,6.07,6.09,22492505.0,142294795.0,2132158487.0,0.010549171244604576,6.01,5.94,5.8675,5.871666666666667,89.74358652202508,19182789.45,5.853833333333333,False,False,6.09
2025-07-14,6.09,6.13,6.08,6.12,18667718.0,118346855.0,2132158487.0,0.00875531444487785,6.0520000000000005,5.968999999999999,5.8815,5.878166666666667,90.24389935752538,18457004.95,5.857,False,False,6.09
2025-07-15,6.11,6.13,6.03,6.08,18171900.0,114286187.0,2132158487.0,0.008522771693941155,6.076,5.992,5.894,5.883666666666667,79.48717663379367,18409013.2,5.860333333333333,False,False,6.12
2025-07-16,6.08,6.09,6.04,6.06,11430751.0,71930976.0,2132158487.0,0.005361116947775937,6.087999999999999,6.008,5.9085,5.888166666666667,75.60975351576445,17704970.75,5.861666666666666,False,False,6.12
2025-07-17,6.08,6.09,6.03,6.06,12569581.0,78885956.0,2132158487.0,0.005895237655473591,6.082,6.026,5.9265,5.8925,75.60975351576445,17414774.8,5.866499999999999,False,False,6.12
2025-07-18,6.07,6.08,6.04,6.06,10007900.0,62828616.0,2132158487.0,0.004693788037343024,6.076,6.043,5.945,5.896833333333333,79.4871766337935,17100212.0,5.871666666666667,False,False,6.12
2025-07-21,6.06,6.13,6.05,6.12,17987717.0,114028934.0,2132158487.0,0.008436388340582114,6.076,6.063999999999999,5.962,5.9,81.39534618712814,17254473.2,5.878166666666667,False,False,6.12
2025-07-22,6.13,6.14,6.08,6.14,20114275.0,127613271.0,2132158487.0,0.009433761665766828,6.087999999999999,6.081999999999999,5.9795,5.905166666666667,79.99999719999992,17485733.3,5.883666666666667,False,False,6.12
2025-07-23,6.15,6.2,6.11,6.13,19310222.0,123380679.0,2132158487.0,0.009056654145428918,6.101999999999999,6.095,5.993499999999999,5.910666666666667,82.05127910585148,17424999.45,5.888166666666667,False,False,6.14
2025-07-24,6.13,6.19,6.1,6.19,22277393.0,142291057.0,2132158487.0,0.010448281933931115,6.128,6.1049999999999995,6.0105,5.916833333333333,84.09090641528933,17488153.0,5.8925,False,False,6.14
2025-07-25,6.2,6.36,6.18,6.25,40369930.0,262860588.0,2132158487.0,0.018933831723176215,6.1659999999999995,6.1209999999999996,6.0305,5.924833333333334,85.41666417534725,18465358.55,5.896833333333333,False,False,6.19
2025-07-28,6.25,6.26,6.19,6.22,15381290.0,99187593.0,2132158487.0,0.007213952477633057,6.186,6.130999999999999,6.05,5.932500000000001,78.26086718336484,18239780.3,5.9,False,False,6.25
2025-07-29,6.22,6.24,6.12,6.18,16155462.0,103223279.0,2132158487.0,0.007577045561341519,6.194,6.141,6.0665,5.9375,69.56521527410209,18336201.7,5.905166666666667,False,False,6.25
2025-07-30,6.15,6.21,6.13,6.17,12276308.0,78687017.0,2132158487.0,0.005757690188065274,6.202,6.151999999999999,6.08,5.9415000000000004,60.526313559556854,17975300.5,5.910666666666667,False,False,6.25
2025-07-31,6.15,6.16,6.06,6.08,20625026.0,130453053.0,2132158487.0,0.009673308117456092,6.180000000000001,6.154,6.09,5.943833333333333,48.93616875509287,18410964.9,5.916833333333333,False,False,6.25
2025-08-01,6.08,6.14,6.05,6.08,15644128.0,98656495.0,2132158487.0,0.007337225677820825,6.145999999999999,6.156000000000001,6.0995,5.9463333333333335,45.454544008264506,18330838.2,5.924833333333334,True,False,6.25
2025-08-04,6.06,6.09,6.03,6.08,15266152.0,95876673.0,2132158487.0,0.007159951801462871,6.118,6.152,6.108,5.9495,49.99999825000006,18496610.8,5.932500000000001,True,True,6.25
2025-08-05,6.08,6.09,6.06,6.09,12132000.0,76469435.0,2132158487.0,0.0056900085401578315,6.1,6.147,6.1145,5.951,53.846151913215095,18337415.8,5.9375,True,True,6.25
2025-08-06,6.09,6.09,6.04,6.06,15835542.0,99464263.0,2132158487.0,0.007427000430104518,6.078,6.14,6.1175,5.9525,49.99999833333339,18207731.0,5.9415000000000004,True,True,6.25
2025-08-07,6.06,6.08,6.03,6.05,17155306.0,107542789.0,2132158487.0,0.008045980683236142,6.072,6.1259999999999994,6.115499999999999,5.9528333333333325,48.83720771227698,17693555.3,5.943833333333333,True,True,6.25
2025-08-08,6.04,6.08,6.04,6.06,15151602.0,95100113.0,2132158487.0,0.007106226902165552,6.068,6.107,6.114,5.954,42.10526160664817,17326510.15,5.9463333333333335,True,True,6.25
2025-08-11,6.06,6.08,6.04,6.06,15403588.0,96759183.0,2132158487.0,0.007224410424420762,6.063999999999999,6.091,6.111,5.956333333333333,38.888887376543245,17163303.65,5.9495,True,True,6.25
2025-08-12,6.06,6.08,6.03,6.05,21021888.0,131846036.0,2132158487.0,0.009859439684325868,6.055999999999999,6.078,6.1095,5.9575,38.888887376543245,17305803.05,5.951,True,True,6.25
2025-08-13,6.06,6.06,6.02,6.05,19585139.0,122675781.0,2132158487.0,0.009185592496717623,6.054,6.066,6.109,5.9590000000000005,26.666665422222096,17713522.45,5.9525,True,True,6.25
2025-08-14,6.05,6.08,5.98,5.99,24185751.0,151235291.0,2132158487.0,0.011343317650851533,6.042,6.057,6.1055,5.959833333333334,6.666666355555449,18294330.95,5.9528333333333325,True,True,6.25
2025-08-15,5.97,6.06,5.97,6.05,18707100.0,117052596.0,2132158487.0,0.008773784929243864,6.04,6.053999999999999,6.105,5.9625,24.24242321395768,18729290.95,5.954,True,True,6.25
2025-08-18,6.07,6.09,6.05,6.06,21537784.0,135430031.0,2132158487.0,0.010101399183652712,6.04,6.052,6.102,5.966333333333333,29.999998599999927,18906794.3,5.956333333333333,True,True,6.25
2025-08-19,6.06,6.08,6.03,6.06,16840256.0,105632658.0,2132158487.0,0.007898219622357745,6.042,6.049,6.098,5.970333333333333,31.034481260404192,18743093.35,5.9575,True,True,6.25
2025-08-20,6.05,6.09,6.04,6.09,16871431.0,106127835.0,2132158487.0,0.007912840955710812,6.05,6.052,6.096,5.974333333333334,52.17390986767503,18621153.8,5.9590000000000005,True,True,6.25
2025-08-21,6.09,6.12,6.08,6.11,21583879.0,136528668.0,2132158487.0,0.010123018120650615,6.074,6.058,6.092,5.9785,55.99999686400025,18586478.1,5.959833333333334,True,True,6.25
2025-08-22,6.11,6.12,6.08,6.12,21658656.0,136932614.0,2132158487.0,0.01015808915334163,6.087999999999999,6.064,6.0855,5.982666666666666,57.69230458579903,17650914.4,5.9625,False,True,6.25
2025-08-25,6.13,6.22,6.11,6.22,39020437.0,250388919.0,2132158487.0,0.018300908322674794,6.12,6.08,6.0855,5.9885,68.57142582857159,18832871.75,5.966333333333333,False,False,6.22
2025-08-26,6.2,6.25,6.16,6.25,30248189.0,195250553.0,2132158487.0,0.014186651313411488,6.1579999999999995,6.1,6.089,5.9959999999999996,77.14285405714313,19537508.1,5.970333333333333,False,False,6.22
2025-08-27,6.25,6.32,6.15,6.16,32612096.0,210938037.0,2132158487.0,0.01529534328655185,6.172000000000001,6.111,6.0885,6.001,62.79069563007045,20554297.5,5.974333333333334,False,False,6.25
2025-08-28,6.16,6.2,6.08,6.16,29962588.0,190789342.0,2132158487.0,0.014052702077582472,6.182,6.128,6.092499999999999,6.004499999999999,61.90475984127,21021175.6,5.9785,False,False,6.25
2025-08-29,6.03,6.08,5.95,5.98,56454174.0,350668641.0,2132158487.0,0.02647747545232082,6.154,6.121,6.0875,6.007000000000001,43.3333323222223,23061677.9,5.982666666666666,False,False,6.25
2025-09-01,5.98,5.99,5.88,5.9,39890830.0,244682193.0,2132158487.0,0.01870912985278472,6.09,6.105,6.0785,6.008166666666667,38.80596933838276,24292911.8,5.9885,True,False,6.25
2025-09-02,5.9,5.92,5.85,5.87,21477089.0,130994168.0,2132158487.0,0.01007293272566187,6.014,6.086,6.0675,6.0089999999999995,37.142856400000014,24760166.25,5.9959999999999996,True,True,6.25
2025-09-03,5.88,5.9,5.84,5.85,17663800.0,107438711.0,2132158487.0,0.008284468583221224,5.952,6.062,6.057,6.009166666666667,39.39393855831035,24851579.15,6.001,True,True,6.25
2025-09-04,5.85,5.88,5.82,5.86,21808691.0,132170464.0,2132158487.0,0.010228456811709795,5.892,6.037000000000001,6.0475,6.007499999999999,34.426228718086634,25084248.4,6.004499999999999,True,True,6.25
2025-09-05,5.86,5.89,5.83,5.88,15112997.0,91867448.0,2132158487.0,0.007088120837238681,5.872,6.013,6.0385,6.006666666666667,35.483870166493304,25082318.15,6.007000000000001,True,True,6.25
2025-09-08,5.91,5.93,5.89,5.93,16106546.0,98883567.0,2132158487.0,0.00755410355196546,5.878,5.984,6.032,6.008166666666666,40.29850662062824,25117466.05,6.008166666666667,True,True,6.25
2025-09-09,5.93,5.94,5.88,5.9,13437302.0,82329220.0,2132158487.0,0.00630220599544015,5.884,5.949,6.0245,6.009333333333333,35.820894773891794,24738236.75,6.0089999999999995,True,True,6.25
2025-09-10,5.9,5.91,5.88,5.89,9258325.0,56659038.0,2132158487.0,0.00434223115047451,5.8919999999999995,5.922000000000001,6.0165,6.011333333333334,33.3333326262626,24221896.05,6.009166666666667,True,True,6.25
2025-09-11,5.89,5.92,5.86,5.91,13924956.0,85075022.0,2132158487.0,0.006530919762720247,5.901999999999999,5.897,6.0125,6.014833333333334,34.32835749164627,23708856.3,6.007499999999999,True,True,6.25
2025-09-12,5.92,5.93,5.9,5.91,19049763.0,116770956.0,2132158487.0,0.008934496715956369,5.9079999999999995,5.890000000000001,6.0055,6.0184999999999995,22.80701698368739,23725989.45,6.006666666666667,True,True,6.25
2025-09-15,5.91,5.93,5.89,5.93,12146029.0,74415217.0,2132158487.0,0.005696588257418783,5.9079999999999995,5.893,5.999,6.021,21.428570892857152,23256401.7,6.008166666666666,True,True,6.25
2025-09-16,5.93,5.96,5.92,5.95,19697610.0,121447364.0,2132158487.0,0.00923834232778588,5.918000000000001,5.901,5.9935,6.023666666666666,28.57142775510212,23399269.4,6.009333333333333,True,True,6.25
2025-09-17,5.94,5.96,5.92,5.95,14812909.0,91266736.0,2132158487.0,0.006947377078353182,5.930000000000001,5.911,5.9865,6.025333333333333,28.57142775510212,23296343.3,6.011333333333334,True,True,6.25
2025-09-18,5.96,5.96,5.86,5.88,20089733.0,123133359.0,2132158487.0,0.009422251264382675,5.924,5.912999999999999,5.975,6.025833333333334,36.84210390581722,23221636.0,6.014833333333334,True,True,6.25
2025-09-19,5.88,5.9,5.86,5.9,11348988.0,69211492.0,2132158487.0,0.005322769423190632,5.922,5.915000000000001,5.964,6.026666666666667,49.9999978125001,22706152.6,6.0184999999999995,True,True,6.25
2025-09-22,6.0,6.19,5.97,6.09,67308704.0,423578776.0,2132158487.0,0.03156833997584533,5.954000000000001,5.930999999999999,5.9575000000000005,6.031,72.91666453993054,24120565.95,6.021,True,True,6.25
2025-09-23,6.01,6.09,5.9,5.96,40089622.0,248114396.0,2132158487.0,0.018802364948211282,5.9559999999999995,5.936999999999999,5.943,6.0328333333333335,59.32203249066365,24612637.6,6.023666666666666,False,True,6.25
2025-09-24,6.01,6.04,5.9,5.94,31167025.0,192574967.0,2132158487.0,0.014617593011977632,5.954,5.942,5.932,6.0335,56.666665344444496,24540384.05,6.025333333333333,False,False,6.16
2025-09-25,5.93,5.95,5.88,5.9,19459534.0,119251271.0,2132158487.0,0.009126682710805446,5.958,5.941000000000001,5.9190000000000005,6.033833333333333,51.61290206035387,24015231.35,6.025833333333334,False,False,6.16
2025-09-26,5.99,6.02,5.9,5.91,28454406.0,175341884.0,2132158487.0,0.013345352220995569,5.960000000000001,5.941,5.9155,6.034166666666667,48.27586090368616,22615242.95,6.026666666666667,True,False,6.09
2025-09-29,5.96,6.04,5.92,5.99,36750172.0,228132690.0,2132158487.0,0.017236135223563237,5.9399999999999995,5.947,5.92,6.0355,57.14285587301589,22458210.05,6.031,True,True,6.09
2025-09-30,5.97,5.97,5.92,5.96,22566268.0,139114804.0,2132158487.0,0.010583766702892383,5.94,5.948,5.9245,6.0355,55.384614191716025,22512669.0,6.0328333333333335,False,True,6.09
2025-10-09,5.97,6.06,5.95,6.02,39241207.0,244832995.0,2132158487.0,0.018404451282237163,5.956,5.955,5.933,6.035833333333333,57.971013316530126,23591539.35,6.0335,False,False,6.09
2025-10-10,6.0,6.08,5.98,6.07,31606633.0,198052847.0,2132158487.0,0.014823772807091521,5.99,5.974,5.9435,6.0355,60.81080966033604,24081436.45,6.033833333333333,False,False,6.09
2025-10-13,5.96,6.04,5.91,6.0,31576896.0,195351895.0,2132158487.0,0.014809825907655429,6.008,5.984,5.9495000000000005,6.034,54.43037878224647,24904631.4,6.034166666666667,False,False,6.09
2025-10-14,6.01,6.07,5.99,6.07,34825405.0,218011639.0,2132158487.0,0.01633340354965836,6.024,5.982,5.9565,6.033166666666667,57.1428561904762,25840574.35,6.0355,False,False,6.09
2025-10-15,6.05,6.09,6.04,6.05,22961846.0,144345840.0,2132158487.0,0.010769296063121409,6.042,5.9910000000000005,5.964,6.032666666666667,55.81395257977284,26316801.55,6.0355,False,False,6.09
2025-10-16,6.05,6.07,6.02,6.02,17396956.0,108878838.0,2132158487.0,0.008159316535834984,6.042,5.999,5.9705,6.032,58.53658436644853,26723733.1,6.035833333333333,False,False,6.09
2025-10-17,6.03,6.08,5.99,5.99,23953090.0,149945922.0,2132158487.0,0.01123419771374622,6.026,6.008,5.9745,6.030833333333334,55.42168581216433,27225139.8,6.0355,False,False,6.09
2025-10-20,6.02,6.13,5.98,6.09,41223903.0,259760291.0,2132158487.0,0.01933435213721052,6.044,6.026000000000001,5.9835,6.031333333333333,49.99999905405407,28333846.8,6.034,False,False,6.09
2025-10-21,6.07,6.09,6.05,6.09,24251204.0,152642785.0,2132158487.0,0.011374015650272812,6.048,6.036,5.9915,6.030833333333333,60.65573631281915,28939105.55,6.033166666666667,False,False,6.09
2025-10-22,6.09,6.1,6.05,6.07,18504819.0,116611426.0,2132158487.0,0.008678913463903305,6.052,6.047,5.9975000000000005,6.0296666666666665,60.65573631281915,28879466.0,6.032666666666667,False,False,6.09
2025-10-23,6.08,6.16,6.05,6.15,36329063.0,230575093.0,2132158487.0,0.01703863161275403,6.078,6.0600000000000005,6.0075,6.03,69.23076773964499,29955273.7,6.032,False,False,6.09
2025-10-24,6.18,6.28,6.11,6.13,45799856.0,293896880.0,2132158487.0,0.021480512015990678,6.106,6.066000000000001,6.0200000000000005,6.029,66.66666525252523,31240779.85,6.030833333333334,False,False,6.15
2025-10-27,6.15,6.35,6.11,6.24,64965164.0,420706127.0,2132158487.0,0.030469200294490115,6.136,6.090000000000001,6.037,6.028833333333334,68.11594064692292,33921588.65,6.031333333333333,False,False,6.15
2025-10-28,6.36,6.72,6.29,6.57,164920096.0,1117192103.0,2132158487.0,0.07734889174774558,6.232,6.140000000000001,6.061,6.034666666666666,80.80807966534027,38802158.25,6.030833333333333,False,False,6.24
2025-10-29,6.51,6.52,6.17,6.3,99718262.0,649813234.0,2132158487.0,0.046768691261926815,6.2780000000000005,6.165,6.078,6.036666666666666,61.66666594722222,41783590.25,6.0296666666666665,False,False,6.57
2025-10-30,6.22,6.27,6.15,6.2,62317931.0,400777963.0,2132158487.0,0.02922762607937409,6.288,6.183000000000001,6.091,6.037166666666667,55.19999938176001,43341135.55,6.03,False,False,6.57
2025-10-31,6.19,6.3,6.16,6.25,44936238.0,290215069.0,2132158487.0,0.021075468017026446,6.311999999999999,6.2090000000000005,6.1085,6.04,60.162600941238686,44614970.75,6.029,False,False,6.57
2025-11-03,6.22,6.26,6.13,6.2,45949415.0,294809249.0,2132158487.0,0.02155065642641414,6.304,6.22,6.123,6.042,55.371900185779666,45489721.2,6.028833333333334,False,False,6.57
2025-11-04,6.18,6.6,6.17,6.48,132481489.0,884585098.0,2132158487.0,0.06213491623992959,6.286,6.259,6.147499999999999,6.048666666666667,64.6258497246518,50276287.05,6.034666666666666,False,False,6.57
2025-11-05,6.38,6.44,6.31,6.4,68854290.0,455415635.0,2132158487.0,0.03229323261840619,6.306,6.292,6.1695,6.0538333333333325,62.499999424342136,52590688.15,6.036666666666666,False,False,6.57
2025-11-06,6.41,6.44,6.26,6.27,44292130.0,289091460.0,2132158487.0,0.02077337602718273,6.32,6.304,6.182,6.057333333333333,58.64197480185945,52843234.3,6.037166666666667,False,False,6.57
2025-11-07,6.24,6.34,6.22,6.32,36588271.0,238633785.0,2132158487.0,0.017160202312859307,6.3340000000000005,6.323,6.1945,6.061833333333334,57.32484025315429,53092316.2,6.04,False,False,6.57
2025-11-10,6.3,6.47,6.27,6.42,47466111.0,314759996.0,2132158487.0,0.022261999419558157,6.378,6.340999999999999,6.2155000000000005,6.067833333333334,59.88023901896805,53886776.95,6.042,False,False,6.57
2025-11-11,6.4,6.47,6.36,6.44,38096814.0,254063017.0,2132158487.0,0.017867721481437886,6.37,6.328,6.234,6.074166666666667,61.0778437993474,54050347.4,6.048666666666667,False,False,6.57
2025-11-12,6.43,6.53,6.4,6.5,38509244.0,258119156.0,2132158487.0,0.018061154569322595,6.39,6.348000000000001,6.256500000000001,6.081666666666666,60.60606009182734,54827717.3,6.0538333333333325,False,False,6.57
2025-11-13,6.46,6.58,6.44,6.57,54976267.0,372606387.0,2132158487.0,0.025784324821628516,6.45,6.385,6.284,6.090333333333334,62.94117595224913,56706682.85,6.057333333333333,False,False,6.57
2025-11-14,6.57,6.68,6.54,6.59,63007147.0,433219920.0,2132158487.0,0.029550874095036258,6.5040000000000004,6.419,6.314,6.100333333333333,60.869564688090726,58659385.7,6.061833333333334,False,False,6.57
2025-11-17,6.6,6.76,6.55,6.69,74164731.0,511791916.0,2132158487.0,0.034783873456026064,6.558,6.468000000000001,6.343999999999999,6.111000000000001,54.34782553560178,60306427.1,6.067833333333334,False,False,6.59
2025-11-18,6.63,6.65,6.39,6.44,58381739.0,391149773.0,2132158487.0,0.027381519411413247,6.558,6.464,6.3614999999999995,6.117333333333334,55.14705825583913,62012953.85,6.074166666666667,False,False,6.69
2025-11-19,6.4,6.48,6.28,6.34,34314394.0,225917609.0,2132158487.0,0.01609373515581443,6.526000000000001,6.458,6.375,6.122000000000001,55.14705825583909,62803432.6,6.081666666666666,False,False,6.69
2025-11-20,6.46,6.81,6.41,6.46,95858524.0,655491332.0,2132158487.0,0.0449584421535546,6.5040000000000004,6.477000000000001,6.3905,6.128166666666667,57.342656781260686,65779905.65,6.090333333333334,True,False,6.69
2025-11-21,6.5,6.61,6.23,6.32,79567742.0,527178620.0,2132158487.0,0.03731793039079088,6.45,6.476999999999999,6.4,6.131666666666666,53.94736792416898,67468299.95,6.100333333333333,False,True,6.69
2025-11-24,6.3,6.35,6.09,6.18,54003574.0,345973078.0,2132158487.0,0.025328123743739318,6.348000000000001,6.453,6.397,6.132666666666667,39.13043438563327,66920220.45,6.111000000000001,True,False,6.69
2025-11-25,6.2,6.45,6.17,6.31,52015347.0,340733225.0,2132158487.0,0.024395628803929526,6.322,6.4399999999999995,6.3839999999999995,6.134166666666667,46.8531463944447,61274983.0,6.117333333333334,True,True,6.69
2025-11-26,6.31,6.54,6.28,6.44,64171681.0,428488183.0,2132158487.0,0.030097050191747778,6.3420000000000005,6.434,6.391,6.137333333333333,55.94405539635193,59497653.95,6.122000000000001,True,True,6.69
2025-11-27,6.36,6.36,6.21,6.24,45912786.0,298912108.0,2132158487.0,0.02153347712186275,6.298,6.400999999999999,6.393,6.1386666666666665,47.46835400977409,58677396.7,6.128166666666667,False,True,6.69
2025-11-28,6.26,6.45,6.2,6.41,46973481.0,308907826.0,2132158487.0,0.022030951867041015,6.316000000000001,6.383,6.401000000000001,6.142833333333333,49.69696927529846,58779258.85,6.131666666666666,True,False,6.69
2025-12-01,6.37,6.39,6.3,6.39,37499953.0,246655052.0,2132158487.0,0.017587788726138913,6.358,6.353,6.410500000000001,6.149666666666667,48.484848073461876,58356785.75,6.132666666666667,False,True,6.69
2025-12-02,6.36,6.52,6.33,6.44,53343955.0,356052280.0,2132158487.0,0.025018756966353035,6.384,6.353,6.408500000000001,6.158666666666667,48.170731296103526,54399909.05,6.134166666666667,True,False,6.69
2025-12-03,6.42,6.62,6.38,6.53,66050584.0,446116361.0,2132158487.0,0.03097827126956909,6.402000000000001,6.372000000000001,6.415000000000001,6.169666666666667,48.79518031136595,54259723.75,6.137333333333333,False,True,6.69
2025-12-04,6.63,6.78,6.52,6.58,79092276.0,541836852.0,2132158487.0,0.037094932896515026,6.470000000000001,6.384,6.4305,6.181833333333333,49.70414160008404,55999731.05,6.1386666666666665,False,False,6.69
2025-12-05,6.49,6.75,6.36,6.69,111259757.0,761558489.0,2132158487.0,0.05218174806345904,6.526000000000001,6.421000000000001,6.449,6.195666666666667,49.9999995882353,59733305.35,6.142833333333333,False,False,6.69
2025-12-08,6.67,7.11,6.63,6.93,183934443.0,1306372923.0,2132158487.0,0.08626677806620292,6.634,6.496,6.474500000000001,6.213166666666666,64.4970408858233,66556721.95,6.149666666666667,False,False,6.69
2025-12-09,6.77,7.09,6.74,6.91,158629950.0,1132552674.0,2132158487.0,0.07439876114612676,6.728,6.556,6.498,6.229500000000001,67.70186276532542,72583378.75,6.158666666666667,False,False,6.93
2025-12-10,6.97,7.17,6.87,6.98,141676275.0,1032117719.0,2132158487.0,0.0664473470728445,6.8180000000000005,6.610000000000001,6.522,6.2475000000000005,66.66666606837607,77741730.3,6.169666666666667,False,False,6.93
2025-12-11,6.87,6.91,6.52,6.54,128988597.0,889788156.0,2132158487.0,0.060496720945678935,6.81,6.640000000000001,6.5205,6.258333333333334,55.91397807376575,81442346.8,6.181833333333333,False,False,6.98
2025-12-12,6.52,6.54,6.2,6.25,129246262.0,844724336.0,2132158487.0,0.06061756796599708,6.7219999999999995,6.6240000000000006,6.5035,6.263999999999999,51.7412931719512,84754302.55,6.195666666666667,False,False,6.98
2025-12-15,6.14,6.45,6.11,6.27,78539647.0,508641845.0,2132158487.0,0.03683574531577492,6.590000000000001,6.612,6.4825,6.27,48.94736806038782,84973048.35,6.213166666666666,True,False,6.98
2025-12-16,6.2,6.26,6.07,6.08,57987466.0,368907633.0,2132158487.0,0.027196602106999,6.4239999999999995,6.5760000000000005,6.464500000000001,6.2725,40.81632623906705,84953334.7,6.229500000000001,True,True,6.98
2025-12-17,6.05,6.09,5.98,6.07,41687164.0,260495567.0,2132158487.0,0.019551625385341255,6.242,6.529999999999999,6.4510000000000005,6.274500000000001,45.1977397554981,85321973.2,6.2475000000000005,True,True,6.98
2025-12-18,6.03,6.07,5.98,5.99,39064805.0,243956991.0,2132158487.0,0.018321717282360726,6.132,6.470999999999999,6.427499999999999,6.275166666666667,37.4999996875,82482287.25,6.258333333333334,True,True,6.98
2025-12-19,6.0,6.16,5.99,6.11,45794609.0,288841897.0,2132158487.0,0.021478051129507805,6.104,6.412999999999999,6.417,6.279,42.13483112927663,80793630.6,6.263999999999999,True,True,6.98
2025-12-22,6.09,6.39,6.08,6.25,76107034.0,492487737.0,2132158487.0,0.035694829659255065,6.1,6.345000000000001,6.4205,6.284833333333334,44.919785759958806,81898803.6,6.27,True,True,6.98
2025-12-23,6.27,6.44,6.22,6.32,86020665.0,564377964.0,2132158487.0,0.04034440475437322,6.148000000000001,6.286,6.421000000000001,6.288666666666668,44.32432398889701,83599069.5,6.2725,True,True,6.98
2025-12-24,6.37,6.95,6.34,6.95,272127321.0,1913750579.0,2132158487.0,0.1276299687191124,6.324,6.283,6.4465,6.305166666666667,57.61316839235212,93996851.5,6.274500000000001,True,True,6.98
2025-12-25,7.45,7.65,7.1,7.65,385087662.0,2970681724.0,2132158487.0,0.18060930477162976,6.656000000000001,6.394,6.517,6.333666666666667,65.89403942963028,110955595.3,6.275166666666667,False,True,6.98
2025-12-26,7.52,8.41,7.19,8.41,401111575.0,3248830237.0,2132158487.0,0.18812465276180007,7.116,6.610000000000001,6.617,6.375500000000001,70.90395452184877,128662500.0,6.279,False,False,7.65
2025-12-29,7.81,7.91,7.57,7.57,233190863.0,1849635005.0,2132158487.0,0.1093684472433873,7.380000000000001,6.74,6.676,6.4031666666666665,57.56880715459558,138447045.5,6.284833333333334,False,False,8.41
2025-12-30,7.23,7.49,6.9,7.13,303003108.0,2227887573.0,2132158487.0,0.14211096869554612,7.542,6.845000000000001,6.710500000000001,6.422166666666667,51.58562352596221,150930003.15,6.288666666666668,False,False,8.41
2025-12-31,7.11,7.3,6.86,6.93,156346586.0,1131834641.0,2132158487.0,0.07332784450746133,7.538000000000001,6.931,6.730500000000001,6.4383333333333335,54.342984240355946,155444803.25,6.305166666666667,False,False,8.41
2026-01-05,6.94,6.95,6.76,6.78,126051248.0,890987459.0,2132158487.0,0.05911907992231724,7.364,7.01,6.7405,6.451,56.09195384246269,157792751.85,6.333666666666667,False,False,8.41
2026-01-06,6.79,6.91,6.76,6.9,112103514.0,793326874.0,2132158487.0,0.05257747708883144,7.062,7.089,6.751,6.464833333333334,57.078651505819984,157834939.7,6.375500000000001,False,False,8.41
2026-01-07,6.89,7.07,6.8,6.98,131168684.0,942106891.0,2132158487.0,0.0615191998154685,6.944,7.162000000000001,6.7535,6.481166666666667,60.36866339973243,155196651.75,6.4031666666666665,False,False,8.41
2026-01-08,6.9,6.91,6.82,6.85,90429628.0,643260123.0,2132158487.0,0.04241224493927594,6.888,7.215000000000001,6.7505,6.494166666666667,58.74439443443463,151786635.65,6.422166666666667,False,False,8.41
2026-01-09,6.81,6.85,6.79,6.83,83954642.0,593819924.0,2132158487.0,0.03937542284585339,6.868,7.203,6.743,6.5071666666666665,59.54545435599173,148900554.0,6.4383333333333335,False,False,8.41
2026-01-12,6.81,6.95,6.8,6.95,104662714.0,749167810.0,2132158487.0,0.04908768022552725,6.901999999999999,7.133,6.7635000000000005,6.522666666666667,59.54545435599173,147684259.85,6.451,False,False,8.41
2026-01-13,6.93,6.93,6.78,6.79,98668363.0,700842934.0,2132158487.0,0.046276279930217025,6.880000000000001,6.971000000000001,6.7905,6.536,56.10859710734833,146155364.9,6.464833333333334,False,False,8.41
2026-01-14,6.8,6.83,6.63,6.65,103598994.0,723551566.0,2132158487.0,0.04858878673028024,6.814,6.879,6.8095,6.545333333333334,53.67483279477781,147408332.25,6.481166666666667,True,False,8.41
2026-01-15,6.65,6.76,6.62,6.72,57108602.0,395808525.0,2132158487.0,0.026784407607688313,6.787999999999999,6.837999999999999,6.841499999999999,6.555833333333334,47.073791180907605,147364389.05,6.494166666666667,True,True,8.41
2026-01-16,6.72,6.73,6.62,6.63,48704153.0,336247443.0,2132158487.0,0.02284265137744425,6.748,6.808,6.8694999999999995,6.565166666666666,34.63855407080126,147715238.5,6.5071666666666665,True,True,8.41
2026-01-19,6.61,6.71,6.6,6.7,37991065.0,262600675.0,2132158487.0,0.017818124324076104,6.698,6.8,6.905000000000001,6.574333333333333,17.490494203472664,147661551.5,6.522666666666667,True,True,8.41
2026-01-20,6.72,6.75,6.63,6.66,37515670.0,259329078.0,2132158487.0,0.017595160129388637,6.672,6.776000000000001,6.9325,6.583166666666667,25.136611829555974,147247604.55,6.536,True,True,8.41
2026-01-21,6.64,6.68,6.58,6.67,31619203.0,217643194.0,2132158487.0,0.014829668241261466,6.676,6.745,6.9535,6.590333333333334,33.57142823571428,145023213.0,6.545333333333334,True,True,8.41
2026-01-22,6.65,6.73,6.65,6.71,34347318.0,238571835.0,2132158487.0,0.016109176784661786,6.6739999999999995,6.731,6.973000000000001,6.592666666666667,41.129031793704485,142439545.65,6.555833333333334,True,True,8.41
2026-01-23,6.73,6.88,6.72,6.86,70160121.0,496270666.0,2132158487.0,0.03290567817907244,6.720000000000001,6.734,6.968500000000001,6.602,53.22580585067639,132341185.65,6.565166666666666,True,True,8.41
2026-01-26,6.87,6.87,6.69,6.69,51288667.0,358959598.0,2132158487.0,0.02405480986179617,6.718000000000001,6.708,6.920500000000001,6.610166666666667,41.86046466197946,115651235.9,6.574333333333333,True,True,8.41
2026-01-27,6.67,6.68,6.51,6.65,40834327.0,280351979.0,2132158487.0,0.019151637764721192,6.715999999999999,6.694,6.832499999999999,6.616833333333333,36.79999958784,97637373.5,6.583166666666667,True,True,8.41
2026-01-28,6.63,6.68,6.62,6.65,32994633.0,227431029.0,2132158487.0,0.015474756309707665,6.712000000000001,6.694,6.786499999999999,6.624333333333334,41.07142805803574,87627562.0,6.590333333333334,True,True,7.57
2026-01-29,6.65,6.7,6.57,6.67,39134526.0,269806361.0,2132158487.0,0.018354417009151722,6.703999999999999,6.689,6.7635000000000005,6.6274999999999995,42.85714232142856,74434132.9,6.592666666666667,True,True,7.13
2026-01-30,6.68,6.76,6.58,6.74,53355647.0,369429816.0,2132158487.0,0.02502424061124683,6.68,6.7,6.754,6.633166666666667,40.18691536204036,69284585.95,6.602,True,True,6.98
2026-02-02,6.67,6.71,6.57,6.57,34012468.0,234178034.0,2132158487.0,0.015952129359697077,6.656000000000001,6.687,6.7435,6.638166666666666,39.81481429869686,64682646.95,6.610166666666667,True,True,6.98
2026-02-03,6.59,6.63,6.52,6.58,28829890.0,196302824.0,2132158487.0,0.013521457328701851,6.642,6.678999999999999,6.727500000000001,6.6425,46.31578879113573,60518965.75,6.616833333333333,True,True,6.98
2026-02-04,6.59,6.63,6.53,6.62,25007339.0,168155294.0,2132158487.0,0.011728649231505276,6.636,6.674000000000001,6.7095,6.645833333333334,44.56521671313803,55210898.5,6.624333333333334,True,True,6.98
2026-02-05,6.61,6.72,6.59,6.67,35354552.0,241494699.0,2132158487.0,0.016581577877798726,6.636,6.67,6.700500000000001,6.649666666666667,52.272726441115715,52457144.7,6.6274999999999995,True,True,6.95
2026-02-06,6.62,6.62,6.54,6.56,30149195.0,202580249.0,2132158487.0,0.014140222307029656,6.6,6.640000000000001,6.687,6.650666666666667,42.391303702741,49766872.35,6.633166666666667,True,True,6.95
2026-02-09,6.59,6.66,6.59,6.63,25169933.0,170433719.0,2132158487.0,0.011804907164952227,6.611999999999999,6.634,6.671000000000001,6.651666666666666,48.42105191800554,45792233.3,6.638166666666666,True,True,6.95
2026-02-10,6.61,6.62,6.56,6.57,21743468.0,146120197.0,2132158487.0,0.010197866684194569,6.609999999999999,6.626,6.659999999999999,6.651333333333333,44.999999370000026,41945988.55,6.6425,True,True,6.86
2026-02-11,6.56,6.59,6.51,6.51,21495042.0,143867929.0,2132158487.0,0.010081352831441747,6.587999999999999,6.612,6.6530000000000005,6.648333333333334,40.19607787966167,37840790.95,6.645833333333334,True,True,6.86
2026-02-12,6.54,6.55,6.46,6.49,25417442.0,168518560.0,2132158487.0,0.0119209909371057,6.552,6.593999999999999,6.641500000000001,6.649166666666667,29.21348268652946,36256232.95,6.649666666666667,True,True,6.86
2026-02-13,6.47,6.5,6.37,6.41,22011500.0,145071146.0,2132158487.0,0.010323575913425989,6.522,6.561,6.6305,6.650333333333333,32.49999943124999,34921600.3,6.650666666666667,True,True,6.86
2026-02-24,6.44,6.51,6.42,6.5,17067048.0,112966638.0,2132158487.0,0.008004586949825554,6.4959999999999996,6.553999999999999,6.6205,6.651,41.17646991003459,33875399.45,6.651666666666666,True,True,6.86
2026-02-25,6.52,6.6,6.5,6.53,23485216.0,157347650.0,2132158487.0,0.011014760930386691,6.4879999999999995,6.5489999999999995,6.614,6.6545,43.18181749483472,33173876.75,6.651333333333333,True,True,6.86
2026-02-26,6.53,6.56,6.51,6.53,17979575.0,119932051.0,2132158487.0,0.008432569675107833,6.492,6.540000000000001,6.606999999999999,6.660333333333333,41.86046443482967,32491895.35,6.648333333333334,True,True,6.86
2026-02-27,6.51,6.61,6.51,6.59,25299825.0,169648694.0,2132158487.0,0.011865827589391576,6.5120000000000005,6.532000000000001,6.601000000000001,6.665,41.17646991003459,32039520.7,6.649166666666667,True,True,6.86
2026-03-02,6.55,6.63,6.49,6.62,40518292.0,271904895.0,2132158487.0,0.019003414730679916,6.553999999999999,6.537999999999999,6.589,6.668,53.52112570521723,30557429.25,6.650333333333333,True,True,6.86
2026-03-03,6.62,6.8,6.6,6.69,81716743.0,559594825.0,2132158487.0,0.038325829668964945,6.5920000000000005,6.544,6.589,6.6754999999999995,57.14285610389614,32078833.05,6.651,False,True,6.74
2026-03-04,6.66,6.66,6.41,6.51,55909251.0,371411095.0,2132158487.0,0.026221902049441786,6.587999999999999,6.538000000000001,6.582000000000001,6.677166666666667,43.95604327979713,32832579.25,6.6545,False,False,6.74
2026-03-05,6.53,6.58,6.46,6.47,29642956.0,197277348.0,2132158487.0,0.01390279202073218,6.5760000000000005,6.534000000000001,6.573,6.6785,38.88888828395064,32664995.4,6.660333333333333,True,False,6.74
2026-03-06,6.47,6.53,6.43,6.52,17503869.0,116051416.0,2132158487.0,0.008209459618843052,6.562,6.537000000000001,6.5655,6.679833333333333,47.619046825396836,31583462.55,6.665,True,True,6.74
2026-03-09,6.5,6.5,6.38,6.42,28024559.0,184029584.0,2132158487.0,0.013143750415772915,6.522,6.537999999999999,6.5495,6.678,37.931033872374165,30316908.15,6.668,True,True,6.74
2026-03-10,6.44,6.48,6.41,6.46,22262783.0,146474307.0,2132158487.0,0.010441429722855307,6.475999999999999,6.534000000000001,6.544,6.676,43.52941104775086,29729423.9,6.6754999999999995,True,True,6.69
2026-03-11,6.46,6.46,6.39,6.41,27599608.0,180724452.0,2132158487.0,0.012944444875124332,6.456,6.522,6.535499999999999,6.671333333333334,44.047618313492094,29667909.8,6.677166666666667,True,True,6.69
2026-03-12,6.4,6.41,6.25,6.29,51820561.0,334952415.0,2132158487.0,0.024304272555701438,6.42,6.497999999999999,6.519,6.660666666666668,39.36170154142147,31008570.9,6.6785,True,True,6.69
2026-03-13,6.28,6.4,6.24,6.31,50176009.0,323719039.0,2132158487.0,0.023532964038990783,6.377999999999999,6.470000000000001,6.501,6.650666666666667,44.31818111311981,31749643.75,6.679833333333333,True,True,6.69
2026-03-16,6.31,6.34,6.23,6.27,29986000.0,192248790.0,2132158487.0,0.014063682499602104,6.348,6.435,6.4864999999999995,6.638833333333333,36.14457770358542,31741484.0,6.678,True,True,6.69
2026-03-17,6.28,6.35,6.26,6.26,29050286.0,187397357.0,2132158487.0,0.013624824879164811,6.308,6.3919999999999995,6.468000000000001,6.634166666666667,33.33333275720162,31935501.65,6.676,True,True,6.69
2026-03-18,6.27,6.35,6.2,6.33,41033611.0,263281774.0,2132158487.0,0.01924510361222505,6.292,6.3740000000000006,6.456,6.6354999999999995,38.63636302169421,32900008.8,6.671333333333334,True,True,6.69
2026-03-19,6.28,6.29,6.19,6.21,26566300.0,169325064.0,2132158487.0,0.01245981485990727,6.276,6.348000000000001,6.441,6.634500000000001,29.78723359891356,33153571.7,6.660666666666668,True,True,6.69
2026-03-20,6.2,6.23,6.08,6.09,27113500.0,170412141.0,2132158487.0,0.012716456194656228,6.232,6.305,6.420999999999999,6.634666666666666,24.271844330285603,33238374.6,6.650666666666667,True,True,6.69
2026-03-23,6.04,6.04,5.82,5.84,33308385.0,202297900.0,2132158487.0,0.015621908597829295,6.146,6.247,6.3925,6.630833333333333,14.876032885731831,33803218.85,6.638833333333333,True,True,6.69
2026-03-24,5.9,5.97,5.85,5.97,20542002.0,124303016.0,2132158487.0,0.009634369173420644,6.087999999999999,6.198,6.366,6.6305,26.724137608501763,33976966.55,6.634166666666667,True,True,6.69
2026-03-25,5.98,6.21,5.97,6.2,29313945.0,182229392.0,2132158487.0,0.013748483135156359,6.062,6.177,6.3495,6.632000000000001,39.9999995851852,34268403.0,6.6354999999999995,True,True,6.69
2026-03-26,6.11,6.16,6.1,6.1,20523630.0,128406409.0,2132158487.0,0.009625752553168436,6.04,6.1579999999999995,6.328,6.629499999999999,34.99999965000001,34395605.75,6.634500000000001,True,True,6.69
2026-03-27,6.07,6.12,6.05,6.11,14269322.0,88790564.0,2132158487.0,0.0066924302705458315,6.044,6.138,6.304,6.626,38.1679385233961,33844080.6,6.634666666666666,True,True,6.69
2026-03-30,6.03,6.26,6.01,6.23,25329238.0,159590867.0,2132158487.0,0.01187962253014262,6.122,6.134,6.2844999999999995,6.614,41.726618284767895,33084627.9,6.630833333333333,True,True,6.69
2026-03-31,6.22,6.33,6.2,6.26,28829382.0,185208460.0,2132158487.0,0.01352121907249196,6.180000000000001,6.134,6.263,6.590833333333333,44.52554699024988,30440259.85,6.6305,True,True,6.69
2026-04-01,6.27,6.31,6.18,6.22,28019292.0,178232876.0,2132158487.0,0.0131412801491243,6.184,6.122999999999999,6.2485,6.554333333333333,47.28682119223604,29045761.9,6.632000000000001,True,True,6.52
2026-04-02,6.21,6.31,6.2,6.27,24323710.0,155884173.0,2132158487.0,0.011408021565143624,6.218,6.129,6.2385,6.532666666666667,48.48484797061525,28779799.6,6.629499999999999,True,True,6.52
2026-04-03,6.27,6.27,6.17,6.21,19710662.0,124957748.0,2132158487.0,0.00924446382395025,6.238,6.141,6.223000000000001,6.517333333333334,47.76119353085322,28890139.25,6.626,False,True,6.52
2026-04-07,6.2,6.23,6.14,6.2,15842808.0,100117829.0,2132158487.0,0.007430408244319222,6.232,6.177,6.212000000000001,6.505166666666667,47.76119353085322,28281051.7,6.614,True,False,6.46
2026-04-08,6.25,6.35,6.23,6.35,30544968.0,196722582.0,2132158487.0,0.014325843123874684,6.25,6.215,6.2065,6.498,50.70422485221186,28695160.95,6.590833333333333,True,True,6.46
2026-04-09,6.32,6.34,6.21,6.22,21237558.0,135840818.0,2132158487.0,0.00996059070162358,6.25,6.2170000000000005,6.197,6.486666666666666,50.34964985671671,28377058.45,6.554333333333333,False,True,6.41
2026-04-10,6.26,6.31,6.22,6.23,17188728.0,109913703.0,2132158487.0,0.00806165587821052,6.242,6.2299999999999995,6.194000000000001,6.474166666666667,55.30302971648304,26645466.8,6.532666666666667,False,False,6.35
2026-04-13,6.35,6.36,6.21,6.21,27317945.0,175317405.0,2132158487.0,0.01281234259393026,6.242,6.24,6.189,6.4635,66.97247620402322,25502563.6,6.517333333333334,False,False,6.35
2026-04-14,6.21,6.23,6.16,6.21,22606267.0,142917949.0,2132158487.0,0.010602526565371593,6.244,6.2379999999999995,6.186,6.453166666666666,62.49999908854168,25133576.95,6.505166666666667,False,False,6.35
2026-04-15,6.21,6.23,6.18,6.21,15076766.0,95658782.0,2132158487.0,0.0070711281979855935,6.215999999999999,6.233,6.1835,6.440833333333333,50.68493053480954,24434900.95,6.498,False,False,6.35
2026-04-16,6.21,6.23,6.2,6.22,10646846.0,67643782.0,2132158487.0,0.004993459006408279,6.215999999999999,6.233,6.178,6.431333333333333,59.374998701171926,22915562.7,6.486666666666666,False,False,6.35
2026-04-17,6.21,6.22,6.13,6.14,16643801.0,104770074.0,2132158487.0,0.007806080599298339,6.1979999999999995,6.220000000000001,6.1745,6.422833333333333,52.11267502876411,22419437.75,6.474166666666667,False,False,6.35
2026-04-20,6.14,6.18,6.13,6.13,15191070.0,95343214.0,2132158487.0,0.007124737721244265,6.182,6.212000000000001,6.1765,6.413,41.66666569444441,21823316.25,6.4635,True,False,6.35
2026-04-21,6.12,6.13,6.07,6.13,11792493.0,73538271.0,2132158487.0,0.00553077694359969,6.1659999999999995,6.205,6.191000000000001,6.404666666666667,38.5964902800862,20747521.65,6.453166666666666,True,True,6.35
2026-04-22,6.13,6.15,6.1,6.11,11832589.0,73996630.0,2132158487.0,0.0055495822998827575,6.146,6.180999999999999,6.198,6.394833333333334,39.999998981818244,20312051.0,6.440833333333333,True,True,6.35
2026-04-23,6.07,6.08,5.94,5.96,27937503.0,170519920.0,2132158487.0,0.013102920430323527,6.093999999999999,6.154999999999999,6.186,6.383166666666667,26.15384559053257,20243228.9,6.431333333333333,True,True,6.35
2026-04-24,5.94,5.97,5.88,5.92,16739480.0,101239324.0,2132158487.0,0.007850954843208144,6.05,6.1240000000000006,6.1770000000000005,6.370666666666667,26.984126384479737,20054021.4,6.422833333333333,True,True,6.35
2026-04-27,5.92,5.95,5.89,5.93,16411068.0,99307629.0,2132158487.0,0.007696926893596349,6.01,6.096,6.167999999999999,6.357666666666666,28.571427936507902,20161108.7,6.413,True,True,6.35
2026-04-28,5.92,5.97,5.85,5.97,23021749.0,139102700.0,2132158487.0,0.010797391066548798,5.978,6.072,6.155,6.342833333333333,13.461538099112488,20045734.25,6.404666666666667,True,True,6.35
2026-04-29,5.94,5.97,5.92,5.96,15172892.0,92337012.0,2132158487.0,0.007116212088599772,5.9479999999999995,6.047,6.14,6.330666666666667,17.49999938750007,19362909.75,6.394833333333334,True,True,6.35
2026-04-30,6.02,6.08,5.98,6.06,21793391.0,134429382.0,2132158487.0,0.010221280984915827,5.968,6.031000000000001,6.132,6.320833333333334,32.65306029154512,19051614.7,6.383166666666667,True,True,6.35
2026-05-06,6.05,6.12,6.02,6.11,21359898.0,132454570.0,2132158487.0,0.010017969175478088,6.006,6.0280000000000005,6.1240000000000006,6.311833333333333,40.384614297337336,18903424.1,6.370666666666667,True,True,6.35
2026-05-07,6.12,6.12,6.06,6.1,17887801.0,111273872.0,2132158487.0,0.008389526908559495,6.04,6.025,6.118499999999999,6.302333333333334,39.62264046279815,18812281.05,6.357666666666666,True,True,6.35
2026-05-08,6.08,6.18,6.08,6.15,18446739.0,115806069.0,2132158487.0,0.00865167346258346,6.0760000000000005,6.027,6.116,6.2925,44.82758512485143,18942477.6,6.342833333333333,True,True,6.35
2026-05-11,6.16,6.21,6.12,6.2,19959936.0,125885527.0,2132158487.0,0.009361375395730608,6.1240000000000006,6.036,6.1085,6.286333333333333,48.38709568158175,18413226.0,6.330666666666667,False,True,6.35
2026-05-12,6.21,6.23,6.14,6.21,19917723.0,125912404.0,2132158487.0,0.009341577148903565,6.154000000000001,6.061,6.108,6.280166666666667,56.36363492892567,18347234.25,6.320833333333334,False,False,6.23
2026-05-13,6.21,6.23,6.15,6.2,19403174.0,122831760.0,2132158487.0,0.009100249403739564,6.172000000000001,6.089,6.1065,6.273166666666667,56.36363492892567,18457956.55,6.311833333333333,False,False,6.23
2026-05-14,6.2,6.21,6.12,6.14,21085480.0,132781417.0,2132158487.0,0.009889264859324691,6.18,6.11,6.103,6.264333333333334,50.81967096479441,18146333.3,6.302333333333334,False,False,6.22
2026-05-15,6.16,6.16,6.0,6.01,18734100.0,115902821.0,2132158487.0,0.008786448152997926,6.152,6.114,6.092999999999999,6.255166666666667,43.05555471836419,17952724.95,6.2925,False,False,6.22
2026-05-18,6.01,6.04,5.95,6.01,16548200.0,101359931.0,2132158487.0,0.007761242938034934,6.114,6.119,6.083,6.244833333333333,54.38596357648508,18026296.65,6.286333333333333,True,False,6.22
2026-05-19,6.01,6.06,6.01,6.06,10826100.0,66775114.0,2132158487.0,0.005077530617919774,6.084,6.119,6.075,6.2363333333333335,62.06896401902496,18035259.35,6.280166666666667,True,True,6.22
2026-05-20,6.03,6.06,5.97,5.98,10661380.0,65346182.0,2132158487.0,0.005000275572854262,6.04,6.106,6.067,6.2275,53.84615268639061,17736138.3,6.273166666666667,True,True,6.21
2026-05-21,5.99,6.05,5.88,5.9,17454680.0,106540411.0,2132158487.0,0.00818638957020459,5.992,6.086,6.0555,6.217666666666667,44.92753532031092,17849318.8,6.264333333333334,True,True,6.21
2026-05-22,5.94,5.94,5.86,5.91,11923768.0,71870269.0,2132158487.0,0.005592346006500219,5.9719999999999995,6.061999999999999,6.0445,6.209333333333333,46.37681065322415,17855882.55,6.255166666666667,True,True,6.21
2026-05-25,5.92,5.93,5.85,5.9,17779888.0,106968588.0,2132158487.0,0.008338914817264238,5.950000000000001,6.032,6.034,6.199333333333333,36.66666581111121,18153247.5,6.244833333333333,True,True,6.21
2026-05-26,5.9,5.9,5.84,5.89,13572000.0,81421354.0,2132158487.0,0.006365380473707722,5.9159999999999995,6.0,6.0305,6.188666666666667,30.35714209821427,17434972.35,6.2363333333333335,True,True,6.21
2026-05-27,5.89,5.9,5.73,5.74,20047701.0,118504833.0,2132158487.0,0.009402537908055612,5.868,5.954,6.0215000000000005,6.1754999999999995,24.285713800000025,17600383.4,6.2275,True,True,6.21
2026-05-28,5.75,5.78,5.72,5.75,11091300.0,65227678.0,2132158487.0,0.005201911615681879,5.838,5.915,6.0125,6.1615,19.6969692791551,17334395.0,6.217666666666667,True,True,6.21
2026-05-29,5.76,5.85,5.75,5.8,15790035.0,93672533.0,2132158487.0,0.007405657269979481,5.816000000000001,5.894,6.004,6.147833333333334,19.6969692791551,16972809.3,6.209333333333333,True,True,6.21
2026-06-01,5.78,5.94,5.75,5.91,19902542.0,119481543.0,2132158487.0,0.009334457134095774,5.818,5.884,6.0015,6.134833333333334,30.26315733725761,17209291.8,6.199333333333333,True,True,6.21
2026-06-02,5.9,5.91,5.81,5.82,15399028.0,91932727.0,2132158487.0,0.007222271746631187,5.804,5.86,5.9895,6.123333333333333,27.380951924603167,16889573.65,6.188666666666667,True,True,6.21
2026-06-03,5.83,5.84,5.74,5.74,11745945.0,69216923.0,2132158487.0,0.00550894554584769,5.804,5.836,5.971,6.111166666666667,26.74418561114115,16408876.0,6.1754999999999995,True,True,6.21
2026-06-04,5.76,5.77,5.61,5.64,16373442.0,94883471.0,2132158487.0,0.007679279987782634,5.782,5.81,5.948,6.096500000000001,27.710842906082135,16333158.05,6.1615,True,True,6.21
2026-06-05,5.64,5.72,5.61,5.61,16289381.0,94039382.0,2132158487.0,0.007639854682153373,5.744,5.78,5.921,6.083,26.74418561114115,16225290.15,6.147833333333334,True,True,6.21
2026-06-08,5.58,5.59,5.43,5.45,19193619.0,107914805.0,2132158487.0,0.009001966372118003,5.651999999999999,5.735,5.8835,6.066166666666667,18.55670076309916,16186974.3,6.134833333333334,True,True,6.21
2026-06-09,5.47,5.53,5.45,5.49,11718248.0,65748613.0,2132158487.0,0.00549595542331746,5.586,5.695,5.8475,6.050833333333333,23.655913622384077,15777000.55,6.123333333333333,True,True,6.21
2026-06-10,5.49,5.5,5.43,5.48,14280476.0,79816843.0,2132158487.0,0.00669766158898112,5.534000000000001,5.669,5.8115000000000006,6.037333333333333,25.581394932395895,15520865.65,6.111166666666667,True,True,6.2
2026-06-11,5.46,5.48,5.35,5.4,12808462.0,70709000.0,2132158487.0,0.006007274824125211,5.486,5.634,5.7745,6.022166666666666,22.580644821366647,15107014.75,6.096500000000001,True,True,6.14
2026-06-12,5.42,5.52,5.4,5.48,13948024.0,77881796.0,2132158487.0,0.006541738845889086,5.460000000000001,5.602,5.747999999999999,6.009,28.999999594000002,14867710.95,6.083,True,True,6.06
2026-06-15,5.53,5.65,5.53,5.59,17118735.0,97757840.0,2132158487.0,0.008028828581165411,5.4879999999999995,5.57,5.727,5.997833333333333,36.36363590082645,14896237.7,6.066166666666667,True,True,6.06
2026-06-16,5.64,5.64,5.51,5.55,13220500.0,74996698.0,2132158487.0,0.006200524060761343,5.5,5.543,5.7015,5.9848333333333334,40.40403983267012,15015957.7,6.050833333333333,True,True,6.06
2026-06-17,5.57,5.57,5.51,5.52,10322641.0,58458509.0,2132158487.0,0.0048414041746606806,5.508,5.521,5.6785,5.973333333333333,38.613860850896955,14999020.75,6.037333333333333,True,True,5.98
2026-06-18,5.55,5.58,5.51,5.54,11426100.0,63381414.0,2132158487.0,0.005358935590232228,5.536,5.511000000000001,5.660500000000001,5.964166666666667,36.7346933527697,14697591.75,6.022166666666666,True,True,5.91
2026-06-22,5.54,5.63,5.42,5.62,15307000.0,84313077.0,2132158487.0,0.0071791098519779035,5.563999999999999,5.512,5.646,5.9605,34.73684159335181,14866753.35,6.009,True,True,5.91
2026-06-23,5.62,5.68,5.6,5.63,10954270.0,61767545.0,2132158487.0,0.005137643410088586,5.572,5.53,5.6325,5.954833333333334,39.08045914123397,14525472.45,5.997833333333333,True,True,5.91
2026-06-24,5.62,5.66,5.56,5.59,9104217.0,50925812.0,2132158487.0,0.00426995322135263,5.58,5.54,5.617500000000001,5.9446666666666665,40.96385473073014,14302083.3,5.9848333333333334,True,True,5.91
2026-06-25,5.57,5.64,5.56,5.64,10076144.0,56428132.0,2132158487.0,0.004725795038893842,5.604,5.556,5.612500000000001,5.936999999999999,49.99999910256412,13803505.45,5.973333333333333,True,True,5.91
2026-06-26,5.62,5.62,5.46,5.49,12521489.0,69189211.0,2132158487.0,0.005872682108926174,5.593999999999999,5.5649999999999995,5.5995,5.926666666666666,43.333332659259256,13875014.9,5.964166666666667,False,True,5.91
2026-06-29,5.43,5.6,5.4,5.59,14305863.0,79046608.0,2132158487.0,0.006709568302367947,5.588,5.576,5.589,5.916,58.333332361111125,13800806.3,5.9605,True,False,5.91
2026-06-30,5.6,5.6,5.38,5.42,16680365.0,90984586.0,2132158487.0,0.00782322941831106,5.546,5.558999999999999,5.564500000000001,5.902,46.39175190774789,13639697.45,5.954833333333334,False,True,5.91
2026-07-01,5.38,5.52,5.37,5.51,13090099.0,71607272.0,2132158487.0,0.006139364911103815,5.53,5.555,5.549,5.890166666666667,51.428570742857126,13524251.0,5.9446666666666665,True,False,5.82
2026-07-02,5.52,5.6,5.47,5.52,12107055.0,67061047.0,2132158487.0,0.005678309128433941,5.506,5.555,5.537999999999999,5.877666666666667,56.12244817784255,13542306.5,5.936999999999999,True,True,5.74
2026-07-03,5.54,5.58,5.53,5.57,9248412.0,51463213.0,2132158487.0,0.004337581871323621,5.522,5.558,5.5344999999999995,5.867,54.73684129861497,13186055.0,5.926666666666666,True,True,5.64
2026-07-06,5.58,5.77,5.56,5.74,15546433.0,87777529.0,2132158487.0,0.00729140591320405,5.552,5.57,5.5409999999999995,5.859333333333334,57.425741778257056,13148907.6,5.916,False,True,5.64
2026-07-07,5.75,5.75,5.59,5.71,15921900.0,90353068.0,2132158487.0,0.00746750304776945,5.61,5.578,5.554,5.848666666666667,57.99999918800002,12985321.65,5.902,False,False,5.74
2026-07-08,5.68,5.98,5.64,5.93,30588006.0,179469396.0,2132158487.0,0.014346028302538656,5.694,5.612,5.576,5.843833333333333,67.22688996539794,13928809.55,5.890166666666667,False,False,5.74
2026-07-09,5.92,6.08,5.85,6.07,29995982.0,179706397.0,2132158487.0,0.014068364140324809,5.804,5.654999999999999,5.6055,5.841166666666666,70.2290068830488,14714584.85,5.877666666666667,False,False,5.93
2026-07-10,6.04,6.04,5.89,5.95,20181084.0,120163229.0,2132158487.0,0.009465095640425534,5.88,5.701,5.633000000000001,5.836833333333333,62.22222157695475,15083215.95,5.867,False,False,6.07
2026-07-13,5.93,5.99,5.78,5.81,19576686.0,115105360.0,2132158487.0,0.009181627969666028,5.894,5.723000000000001,5.6495,5.830166666666667,56.08108055058437,15364649.05,5.859333333333334,False,False,6.07
2026-07-14,5.81,5.87,5.76,5.81,14819705.0,86047846.0,2132158487.0,0.006950564458672907,5.914,5.762,5.6605,5.823499999999999,57.6388883285108,15249697.55,5.848666666666667,False,False,6.07
2026-07-15,5.78,5.94,5.77,5.91,17024448.0,100090214.0,2132158487.0,0.00798460719679137,5.91,5.8020000000000005,5.6785,5.818333333333333,59.06040212963382,15439894.95,5.843833333333333,False,False,6.07
2026-07-16,5.91,5.96,5.85,5.92,13627884.0,80616936.0,2132158487.0,0.006391590532828904,5.88,5.8420000000000005,5.6985,5.8146666666666675,65.92592524224963,15605157.1,5.841166666666666,False,False,6.07
2026-07-17,5.91,6.0,5.88,5.91,19788700.0,117632159.0,2132158487.0,0.009281064292665783,5.872,5.8759999999999994,5.7170000000000005,5.810999999999999,62.69841200176367,16023287.1,5.836833333333333,False,False,6.07
2026-07-20,5.91,5.97,5.79,5.79,36781429.0,215837714.0,2132158487.0,0.017250795015595854,5.867999999999999,5.880999999999999,5.725499999999999,5.8053333333333335,65.2892554429342,17097008.55,5.830166666666667,False,False,6.07
2026-07-21,5.79,5.92,5.77,5.83,28353556.0,165461981.0,2132158487.0,0.013298052735232716,5.872,5.892999999999999,5.7355,5.800666666666667,63.79310267835909,17966972.85,5.823499999999999,False,False,6.07
2026-07-22,5.83,5.83,5.7,5.77,21337458.0,122999951.0,2132158487.0,0.010007444629513603,5.843999999999999,5.877000000000001,5.7444999999999995,5.797499999999999,60.330577814356936,18578634.9,5.818333333333333,False,False,6.07
2026-07-23,5.76,5.84,5.75,5.83,12680744.0,73498450.0,2132158487.0,0.005947374023702207,5.8260000000000005,5.853,5.754,5.796,60.65573700886856,18708864.9,5.8146666666666675,False,False,6.07
2026-07-24,5.84,5.85,5.71,5.71,12271281.0,70824357.0,2132158487.0,0.005755332483405583,5.786,5.829,5.765,5.792333333333334,48.7179481349989,18696354.5,5.810999999999999,False,False,6.07
2026-07-27,5.71,5.77,5.69,5.74,10552824.0,60554406.0,2132158487.0,0.004949361909230343,5.776000000000001,5.822,5.772499999999999,5.7885,51.28205066841991,18508702.55,5.8053333333333335,True,False,6.07
2026-07-28,5.73,5.75,5.67,5.74,13647924.0,77910910.0,2132158487.0,0.00640098945890414,5.758,5.815,5.7885,5.784833333333334,39.999999410526385,18357080.5,5.800666666666667,True,True,6.07
2026-07-29,5.77,5.85,5.74,5.83,16091177.0,93570684.0,2132158487.0,0.007546895363599676,5.7700000000000005,5.807,5.8045,5.781000000000001,36.666666096296325,18507134.4,5.797499999999999,True,True,6.07
2026-07-30,5.82,5.9,5.82,5.86,15644600.0,91772372.0,2132158487.0,0.0073374470497323775,5.776000000000001,5.801,5.8215,5.776833333333333,44.444443676268904,18684011.65,5.796,False,True,6.07
2026-07-31,5.88,5.91,5.82,5.9,14109103.0,82775127.0,2132158487.0,0.0066172862317809495,5.814,5.8,5.838,5.773499999999999,56.33802705812345,18927046.2,5.792333333333334,False,False,6.07
2026-08-03,5.89,5.95,5.88,5.94,16011200.0,94811989.0,2132158487.0,0.007509385487815288,5.854,5.815,5.848000000000001,5.77,58.66666557155561,18950284.55,5.7885,False,False,6.07
2026-08-04,5.94,5.95,5.8,5.81,19384976.0,113299007.0,2132158487.0,0.009091714390929326,5.868,5.813000000000001,5.853,5.7635,43.58974280736357,19123438.35,5.784833333333334,False,False,6.07
2026-08-05,5.81,5.82,5.76,5.77,13285313.0,76819688.0,2132158487.0,0.006230921894878821,5.856,5.813000000000001,5.845000000000001,5.756166666666666,40.74074003657981,18258303.7,5.781000000000001,True,False,6.07
2026-08-06,5.78,5.78,5.67,5.72,18270001.0,104421159.0,2132158487.0,0.008568781875922528,5.828,5.8020000000000005,5.8275,5.748166666666666,38.823528772318355,17672004.65,5.776833333333333,True,True,6.07
2026-08-07,5.73,5.74,5.67,5.73,12386719.0,70634465.0,2132158487.0,0.005809473862061924,5.7940000000000005,5.804,5.8165,5.741333333333333,45.94594507669838,17282286.4,5.773499999999999,True,True,5.95
