日期,开盘,最高,最低,收盘,成交量,amount,outstanding_share,turnover,MA5,MA10,MA20,MA60,RSI14,Vol_MA20,MA60_prev5,MA20_prev5,MA20_break_1,MA20_break_2,High_20,成交额估算,Amount_MA20
2021-04-12,13.03,13.04,12.53,12.59,1325100.0,16923061.0,202000000.0,0.00655990099009901,12.854000000000003,12.605,12.397000000000002,10.884666666666668,54.37788000891928,3681110.7,10.5555,12.146,False,False,13.03,16683009.0,45865357.628
2021-04-13,12.59,12.81,12.45,12.58,1131100.0,14276197.0,202000000.0,0.00559950495049505,12.794,12.620999999999999,12.434999999999999,10.951333333333334,59.14786946664909,3541831.75,10.624500000000001,12.173,False,False,13.03,14229238.0,44262062.239
2021-04-14,12.46,12.76,12.23,12.29,1619600.0,20190586.0,202000000.0,0.008017821782178218,12.672,12.595,12.4345,11.008333333333333,38.06451595712799,3368996.75,10.690166666666666,12.246500000000001,False,False,13.03,19904884.0,42135381.938999996
2021-04-15,11.8,12.71,11.8,12.35,1578000.0,19613629.0,202000000.0,0.007811881188118812,12.54,12.595,12.46,11.065333333333335,43.35664314440803,3259333.4,10.757166666666667,12.314,True,False,13.03,19488300.0,40877206.875
2021-04-16,12.38,12.69,12.38,12.46,664000.0,8325788.0,202000000.0,0.003287128712871287,12.453999999999999,12.645,12.4875,11.125499999999999,49.632352685715844,3143268.4,10.822833333333334,12.374500000000001,True,True,13.03,8273440.000000001,39513132.725
2021-04-19,12.59,12.59,12.26,12.28,1107100.0,13728904.0,202000000.0,0.005480693069306931,12.392,12.623,12.5155,11.184166666666668,47.53521103327712,3109333.4,10.884666666666668,12.397000000000002,True,True,13.03,13595188.0,39146413.325
2021-04-20,12.28,13.44,12.14,13.09,3574500.0,46242091.0,202000000.0,0.017695544554455444,12.494,12.644,12.5595,11.256166666666667,57.6704543160834,3107250.8,10.951333333333334,12.434999999999999,True,True,13.03,46790205.0,39278262.779
2021-04-21,12.94,13.39,12.77,13.14,1749000.0,23130223.0,202000000.0,0.00865841584158416,12.664000000000001,12.668,12.624,11.325833333333332,61.721067992850166,3065448.2,11.008333333333333,12.4345,False,True,13.09,22981860.0,38895712.469
2021-04-22,12.97,13.33,12.89,12.98,1189500.0,15629619.0,202000000.0,0.005888613861386139,12.790000000000001,12.665000000000001,12.621500000000001,11.385833333333332,66.24203792121382,2680362.8,11.065333333333335,12.46,False,False,13.14,15439710.0,33875075.957
2021-04-23,13.14,13.14,12.74,12.74,962658.0,12480670.0,202000000.0,0.004765633663366337,12.846,12.65,12.622,11.445500000000001,54.225351845367975,2242277.0,11.125499999999999,12.4875,False,False,13.14,12264262.92,28298725.052000005
2021-04-26,12.58,13.34,12.58,12.99,1441366.0,18881917.0,202000000.0,0.007135475247524752,12.988,12.690000000000001,12.647499999999999,11.507833333333334,52.02952002641575,2036234.2,11.184166666666668,12.5155,False,False,13.14,18723344.34,25764065.741
2021-04-27,12.9,13.24,12.35,12.76,2762000.0,35811398.0,202000000.0,0.013673267326732673,12.922,12.708,12.6645,11.557833333333333,47.60273949779508,1993259.5,11.256166666666667,12.5595,False,False,13.14,35243120.0,25277273.967
2021-04-28,13.0,13.14,12.65,13.04,1384700.0,18022231.0,202000000.0,0.006854950495049505,12.901999999999997,12.783,12.689,11.612833333333333,50.485436664467265,1866274.5,11.325833333333332,12.624,False,False,13.14,18056488.0,23717537.367000002
2021-04-29,12.95,13.19,12.73,13.0,1528900.0,19984157.0,202000000.0,0.007568811881188119,12.906,12.847999999999999,12.7215,11.660666666666666,51.82724228385999,1818879.5,11.385833333333332,12.621500000000001,False,False,13.14,19875700.0,23181898.367000002
2021-04-30,13.07,13.43,12.95,13.26,1670400.0,22127813.0,202000000.0,0.00826930693069307,13.01,12.928,12.7865,11.712333333333333,61.27946099060185,1805984.5,11.445500000000001,12.622,False,False,13.14,22149504.0,23136250.167000003
2021-05-06,13.51,13.54,13.08,13.16,1666000.0,22131261.0,202000000.0,0.008247524752475248,13.044,13.016,12.8195,11.760666666666667,59.47712391088896,1694424.5,11.507833333333334,12.647499999999999,False,False,13.26,21924560.0,21796728.167000003
2021-05-07,13.09,13.46,13.06,13.14,1290000.0,17116387.0,202000000.0,0.006386138613861386,13.12,13.021,12.8325,11.815333333333333,65.23297458306035,1631106.2,11.557833333333333,12.6645,False,False,13.26,16950600.0,20997958.463
2021-05-10,13.14,13.44,12.85,13.31,2619600.0,34971505.0,202000000.0,0.012968316831683169,13.174000000000001,13.038,12.853,11.869333333333334,66.55172381664686,1649236.2,11.612833333333333,12.689,False,False,13.26,34866876.0,21285537.263
2021-05-11,13.32,13.59,12.74,12.74,2688600.0,35282136.0,202000000.0,0.01330990099009901,13.122,13.014,12.839500000000001,11.916833333333333,54.166666440972215,1656921.2,11.660666666666666,12.7215,False,False,13.31,34252764.0,21349223.013
2021-05-12,12.74,12.96,12.11,12.81,2604458.0,32765848.0,202000000.0,0.012893356435643565,13.032,13.021,12.8355,11.956,58.15384590333729,1727829.1,11.712333333333333,12.7865,True,False,13.31,33363106.98,22252808.012000002
2021-05-13,12.81,12.89,12.4,12.71,1478900.0,18771153.0,202000000.0,0.007321287128712871,12.942000000000002,12.993,12.8415,11.994666666666667,42.51968480500963,1735519.1,11.760666666666667,12.8195,True,True,13.31,18796819.0,22358498.512000002
2021-05-14,12.64,13.99,12.45,13.99,4871082.0,65431919.0,202000000.0,0.024114267326732674,13.112,13.116,12.912,12.054833333333333,61.27320932153185,1922518.2,11.815333333333333,12.8325,True,True,13.31,68146437.18,25054358.470999997
2021-05-17,13.89,13.91,13.32,13.39,4315495.0,58999825.0,202000000.0,0.021363836633663365,13.128,13.151,12.967000000000002,12.1075,54.869358487370306,2057312.95,11.869333333333334,12.853,False,True,13.99,57784478.050000004,26948338.1735
2021-05-18,13.56,13.63,13.22,13.62,2205600.0,29679625.0,202000000.0,0.01091881188118812,13.303999999999998,13.213,13.0305,12.158500000000002,60.47619027460317,2088692.95,11.916833333333333,12.839500000000001,False,False,13.99,30040272.0,27475936.773500003
2021-05-19,13.54,13.71,13.43,13.63,1610305.0,21943417.0,202000000.0,0.00797180693069307,13.468,13.25,13.089000000000002,12.211000000000002,58.080807875471905,2136008.2,11.956,12.8355,False,False,13.99,21948457.150000002,28159687.631
2021-05-20,13.63,13.73,13.25,13.36,1445700.0,19579183.0,202000000.0,0.0071569306930693065,13.597999999999999,13.27,13.143,12.2615,57.499999798750004,2152938.2,11.994666666666667,12.8415,False,False,13.99,19314552.0,28445655.831
2021-05-21,13.36,13.44,13.19,13.44,938900.0,12569247.0,202000000.0,0.004648019801980198,13.488,13.3,13.160499999999999,12.316833333333333,55.26315769113574,2021158.2,12.054833333333333,12.912,False,False,13.99,12618816.0,26737086.381
2021-05-24,13.47,13.47,13.04,13.21,1213900.0,16089878.0,202000000.0,0.006009405940594059,13.452000000000002,13.290000000000001,13.163999999999998,12.367333333333335,52.63157876269622,1994403.2,12.1075,12.967000000000002,False,False,13.99,16035619.000000002,26389774.331
2021-05-25,13.21,13.79,12.99,13.59,1520775.0,20508246.0,202000000.0,0.007528589108910891,13.446000000000002,13.375,13.1945,12.424833333333334,54.01459835615465,2010966.95,12.158500000000002,13.0305,False,False,13.99,20667332.25,26651155.4435
2021-05-26,13.82,13.97,13.46,13.79,2148725.0,29709669.0,202000000.0,0.010637252475247525,13.478,13.472999999999999,13.247,12.488666666666667,57.48218508200698,2070270.3,12.211000000000002,13.089000000000002,False,False,13.99,29630917.75,27519488.185000002
2021-05-27,13.79,14.69,13.6,14.23,2871700.0,40943196.0,202000000.0,0.014216336633663366,13.652000000000001,13.625,13.309000000000001,12.559166666666668,61.77105812855403,2141787.0,12.2615,13.143,False,False,13.99,40864291.0,28626535.518
2021-05-28,14.01,14.3,13.96,14.13,1152200.0,16285420.0,202000000.0,0.005703960396039604,13.790000000000001,13.639,13.377500000000001,12.626166666666668,58.991227889062024,2061297.0,12.316833333333333,13.160499999999999,False,False,14.23,16280586.0,27678408.818
2021-05-31,14.04,14.82,13.85,14.73,2910600.0,42063093.0,202000000.0,0.01440891089108911,14.094,13.773,13.462,12.701666666666664,71.67755969422967,2137592.0,12.367333333333335,13.163999999999998,False,False,14.23,42873138.0,28919241.318
2021-06-01,14.73,14.74,13.35,14.04,3909558.0,55039985.0,202000000.0,0.019354247524752476,14.184000000000001,13.815000000000001,13.514,12.768,61.80422248267579,2256624.9,12.424833333333334,13.1945,False,False,14.73,54890194.32,30669966.034
2021-06-02,13.94,14.35,13.74,14.09,1575125.0,22271946.0,202000000.0,0.007797648514851485,14.244,13.860999999999999,13.5555,12.818499999999998,63.37209285131602,2251861.15,12.488666666666667,13.247,False,False,14.73,22193511.25,30672166.396500003
2021-06-03,14.07,14.34,14.02,14.24,1680400.0,23969773.0,202000000.0,0.00831881188118812,14.246,13.949000000000002,13.6095,12.858333333333333,53.101736788232174,2252581.15,12.559166666666668,13.309000000000001,False,False,14.73,23928896.0,30772383.196500003
2021-06-04,14.24,14.35,14.08,14.2,870200.0,12376107.0,202000000.0,0.004307920792079208,14.26,14.025,13.6625,12.889333333333333,61.671469491815365,2231591.15,12.626166666666668,13.377500000000001,False,False,14.73,12356840.0,30542695.196500003
2021-06-07,14.13,14.56,14.01,14.31,1522900.0,21812893.0,202000000.0,0.007539108910891089,14.175999999999998,14.135,13.7125,12.937333333333333,60.29850721069282,2176756.15,12.701666666666664,13.462,False,False,14.73,21792699.0,29888986.3465
2021-06-08,14.3,14.6,14.18,14.42,1634900.0,23691698.0,202000000.0,0.008093564356435644,14.252,14.218,13.7965,12.983333333333333,61.44927511295944,2124071.15,12.768,13.514,False,False,14.73,23575258.0,29355111.046500005
2021-06-09,14.32,14.79,14.28,14.69,2209200.0,32161360.0,202000000.0,0.010936633663366337,14.372,14.308000000000002,13.8905,13.0335,69.27536203772317,2104308.25,12.818499999999998,13.5555,False,False,14.73,32453148.0,29309613.097500004
2021-06-10,14.67,15.4,14.36,14.42,2293400.0,33880929.0,202000000.0,0.011353465346534653,14.408000000000001,14.326999999999998,13.975999999999999,13.071500000000002,63.461538217455626,2145033.25,12.858333333333333,13.6095,False,False,14.73,33070828.0,30023313.547500003
2021-06-11,14.61,14.7,14.34,14.41,885200.0,12848230.0,202000000.0,0.004382178217821782,14.45,14.354999999999999,13.997,13.114666666666666,67.54385937262745,1945739.15,12.889333333333333,13.6625,False,False,14.73,12755732.0,27253778.2885
2021-06-15,14.34,15.18,14.25,14.84,2003900.0,29802775.0,202000000.0,0.00992029702970297,14.556000000000001,14.366,14.0695,13.157000000000002,68.01152710312351,1830159.4,12.937333333333333,13.7125,False,False,14.73,29737876.0,25851448.186
2021-06-16,15.03,15.17,14.24,14.56,2325597.0,33938259.0,202000000.0,0.011512856435643565,14.584,14.418000000000001,14.116499999999998,13.202333333333334,60.84507018258284,1836159.25,12.983333333333333,13.7965,False,False,14.84,33860692.32,26042469.202
2021-06-17,14.54,14.74,14.25,14.44,1836700.0,26581669.0,202000000.0,0.009092574257425743,14.534,14.453,14.157,13.2445,53.25077376299973,1847479.0,13.0335,13.8905,False,False,14.84,26521948.0,26271143.7445
2021-06-18,14.35,14.44,14.18,14.44,778500.0,11178081.0,202000000.0,0.003853960396039604,14.538,14.472999999999999,14.210999999999999,13.289833333333332,54.952076431524226,1814119.0,13.071500000000002,13.975999999999999,False,False,14.84,11241540.0,25867493.1445
2021-06-21,14.46,14.75,14.12,14.52,1808500.0,26251153.0,202000000.0,0.008952970297029702,14.559999999999999,14.505,14.265,13.328333333333331,45.97701124763287,1857599.0,13.114666666666666,13.997,False,False,14.84,26259420.0,26549523.344499998
2021-06-22,14.4,14.79,14.39,14.7,1044100.0,15306939.0,202000000.0,0.005168811881188119,14.532,14.544,14.339500000000001,13.375833333333333,65.71428527619047,1849109.0,13.157000000000002,14.0695,False,False,14.84,15348270.0,26515155.8945
2021-06-23,14.7,15.03,14.44,14.49,1539000.0,22706301.0,202000000.0,0.007618811881188119,14.518,14.550999999999998,14.3845,13.400166666666667,58.84955715756913,1850020.25,13.202333333333334,14.116499999999998,False,False,14.84,22300110.0,26596794.781999998
2021-06-24,14.48,14.53,13.95,14.35,2143000.0,30620106.0,202000000.0,0.01060891089108911,14.5,14.517,14.4125,13.427166666666666,52.44444411812345,1849734.0,13.2445,14.157,False,False,14.84,30752050.0,26652851.3945
2021-06-25,14.35,15.13,14.12,14.84,4892600.0,71730512.0,202000000.0,0.02422079207920792,14.580000000000002,14.559000000000001,14.443000000000001,13.4665,61.851851531138564,1950779.0,13.289833333333332,14.210999999999999,True,False,14.84,72606184.0,28239946.0445
2021-06-28,14.93,15.03,14.61,14.68,1432800.0,21237087.0,202000000.0,0.007093069306930693,14.612,14.586000000000002,14.470500000000001,13.504166666666666,56.727272438479325,1964809.0,13.328333333333331,14.265,False,True,14.84,21033504.0,28477591.9445
2021-06-29,14.7,14.7,14.3,14.44,997900.0,14495923.0,202000000.0,0.0049400990099009905,14.559999999999999,14.546000000000001,14.456,13.535666666666666,50.34722197747877,1869174.0,13.375833333333333,14.339500000000001,False,False,14.84,14409676.0,27054418.844499998
2021-06-30,14.5,14.54,14.26,14.36,694900.0,10042689.0,202000000.0,0.00344009900990099,14.534,14.526,14.472,13.569166666666666,43.86617077541769,1708441.1,13.400166666666667,14.3845,True,False,14.84,9978764.0,24808847.3285
2021-07-01,14.33,14.44,13.84,13.9,1393600.0,19802864.0,202000000.0,0.006899009900990099,14.443999999999999,14.472,14.4625,13.601499999999998,40.9722220230517,1699364.85,13.427166666666666,14.4125,True,True,14.84,19371040.0,24667723.766
2021-07-02,13.9,14.44,13.64,14.04,919100.0,13064534.0,202000000.0,0.00455,14.283999999999997,14.431999999999999,14.452499999999997,13.627166666666666,43.85382039403537,1661299.85,13.4665,14.443000000000001,True,True,14.84,12904164.0,24116487.166
2021-07-05,14.0,14.44,14.0,14.04,1129100.0,16112023.0,202000000.0,0.00558960396039604,14.156,14.384,14.4445,13.6465,34.49612384381946,1674244.85,13.504166666666666,14.470500000000001,True,True,14.84,15852563.999999998,24291273.366
2021-07-06,14.02,15.09,13.5,14.52,3694700.0,53370240.0,202000000.0,0.018290594059405942,14.172,14.366,14.454999999999998,13.673499999999999,49.280575291392765,1782834.85,13.535666666666666,14.456,True,True,14.84,53647044.0,25883990.616
2021-07-07,14.46,14.62,13.96,14.0,1703100.0,24258978.0,202000000.0,0.008431188118811881,14.1,14.316999999999998,14.433999999999997,13.69,43.081760816621184,1786244.85,13.569166666666666,14.472,False,True,14.84,23843400.0,25897397.716
2021-07-08,13.35,14.32,12.75,12.75,2805600.0,36950338.0,202000000.0,0.013889108910891089,13.87,14.157,14.336999999999998,13.687666666666667,30.92550780294421,1816064.85,13.601499999999998,14.4625,True,False,14.84,35771400.0,26063310.316
2021-07-09,12.89,12.89,12.38,12.75,1663400.0,21047681.0,202000000.0,0.008234653465346535,13.612,13.947999999999999,14.253499999999999,13.690333333333333,29.655172318351177,1784564.85,13.627166666666666,14.452499999999997,True,True,14.84,21208350.0,25470186.416
2021-07-12,12.75,13.04,12.67,12.88,1594700.0,20626826.0,202000000.0,0.007894554455445544,13.38,13.768,14.177000000000001,13.695333333333332,28.837209208437002,1820039.85,13.6465,14.4445,True,True,14.84,20539736.0,25859386.616
2021-07-13,12.92,13.23,12.86,13.06,1163900.0,15244112.0,202000000.0,0.005761881188118812,13.088,13.63,14.088,13.708166666666667,33.25526921180942,1778039.85,13.673499999999999,14.454999999999998,True,True,14.84,15200534.0,25132519.516
2021-07-14,13.04,13.26,12.95,13.06,678000.0,8903246.0,202000000.0,0.0033564356435643564,12.9,13.5,14.013,13.719999999999999,34.38256646940535,1695660.0,13.69,14.433999999999997,True,True,14.84,8854680.0,23882218.9
2021-07-15,13.1,13.34,12.75,12.96,1300200.0,17000210.0,202000000.0,0.0064366336633663365,12.942000000000002,13.406,13.939000000000002,13.728333333333333,24.866310067345367,1668835.0,13.687666666666667,14.336999999999998,True,True,14.84,16850592.0,23398651.1
2021-07-16,12.96,12.96,12.64,12.77,1087400.0,13932206.0,202000000.0,0.005383168316831683,12.946000000000002,13.279,13.855500000000001,13.7365,24.668434921655674,1684280.0,13.690333333333333,14.253499999999999,True,True,14.84,13886098.0,23530879.0
2021-07-19,12.68,13.07,12.59,12.93,1018704.0,13110339.0,202000000.0,0.005043089108910891,12.956,13.168000000000001,13.776,13.733833333333335,29.539295280880722,1644790.2,13.695333333333332,14.177000000000001,True,True,14.84,13171842.719999999,22876500.136
2021-07-20,12.86,12.89,12.54,12.56,720100.0,9178153.0,202000000.0,0.0035648514851485146,12.856,12.972,13.669,13.724166666666667,27.386934577030885,1628590.2,13.708166666666667,14.088,True,True,14.84,9044456.0,22561309.436
2021-07-21,12.64,13.05,12.64,12.92,1013479.0,13132893.0,202000000.0,0.005017222772277227,12.828,12.863999999999999,13.5905,13.723166666666666,37.37113388577425,1602314.15,13.719999999999999,14.013,True,True,14.84,13094148.68,22101011.369999997
2021-07-22,12.92,12.92,12.69,12.77,431300.0,5535039.0,202000000.0,0.002135148514851485,12.79,12.866,13.511500000000002,13.723666666666668,33.67609242378785,1516729.15,13.728333333333333,13.939000000000002,True,True,14.84,5507701.0,20838793.919999998
2021-07-23,12.74,12.82,12.58,12.6,534079.0,6798537.0,202000000.0,0.0026439554455445543,12.756,12.850999999999999,13.3995,13.717166666666666,32.26600974095466,1298803.1,13.7365,13.855500000000001,True,True,14.84,6729395.399999999,17544954.490000002
2021-07-26,12.55,12.55,11.5,12.02,1377900.0,16576408.0,202000000.0,0.006821287128712872,12.574000000000002,12.765,13.266499999999999,13.704833333333333,19.951923009777175,1296058.1,13.733833333333335,13.776,True,True,14.68,16562358.0,17321397.19
2021-07-27,12.03,12.43,11.91,12.15,1004900.0,12368099.0,202000000.0,0.004974752475247525,12.492,12.674,13.152000000000001,13.690000000000001,25.464190886870398,1296408.1,13.724166666666667,13.669,True,True,14.52,12209535.0,17211390.14
2021-07-28,12.22,12.76,11.65,12.17,1078800.0,13023322.0,202000000.0,0.005340594059405941,12.341999999999999,12.584999999999999,13.0425,13.676166666666667,38.58267695269391,1315603.1,13.723166666666666,13.5905,True,True,14.52,13128996.0,17368901.740000002
2021-07-29,12.2,12.33,11.96,12.11,524900.0,6394502.0,202000000.0,0.0025985148514851486,12.209999999999999,12.5,12.953,13.657,37.69230748934911,1272168.1,13.723666666666668,13.511500000000002,True,True,14.52,6356539.0,16718176.690000001
2021-07-30,12.19,12.2,11.98,12.11,628800.0,7643686.0,202000000.0,0.003112871287128713,12.112,12.434,12.8565,13.6395,34.41295527053383,1257653.1,13.717166666666666,13.3995,True,True,14.52,7614768.0,16453706.89
2021-08-02,11.89,12.31,11.86,12.22,756400.0,9222234.0,202000000.0,0.0037445544554455448,12.152000000000001,12.363,12.7655,13.624166666666667,32.49999981041668,1239018.1,13.704833333333333,13.266499999999999,True,True,14.52,9243208.0,16123239.09
2021-08-03,12.47,12.47,12.04,12.16,348400.0,4267656.0,202000000.0,0.0017247524752475247,12.154,12.323,12.647499999999999,13.605,31.707316892722602,1071703.1,13.690000000000001,13.152000000000001,True,True,14.52,4236544.0,13652714.09
2021-08-04,12.16,12.28,12.1,12.15,381315.0,4661085.0,202000000.0,0.0018876980198019803,12.15,12.245999999999999,12.555,13.595166666666668,32.91139221065001,1005613.85,13.676166666666667,13.0425,True,True,14.0,4632977.25,12692192.9525
2021-08-05,12.15,12.15,11.96,12.02,418100.0,5056593.0,202000000.0,0.00206980198019802,12.132,12.171000000000001,12.5185,13.581999999999999,33.76623356158994,886238.85,13.657,12.953,True,True,13.06,5025562.0,11154901.0525
2021-08-06,12.0,12.41,11.68,12.14,972500.0,11775729.0,202000000.0,0.004814356435643564,12.138,12.125,12.488,13.572499999999998,32.59911874167949,851693.85,13.6395,12.8565,True,True,13.06,11806150.0,10684791.0525
2021-08-09,12.2,12.22,12.1,12.21,331966.0,4059657.0,202000000.0,0.0016433960396039604,12.136,12.144,12.4545,13.542833333333334,41.1167509768353,788557.15,13.624166666666667,12.7655,True,True,13.06,4053304.8600000003,9860469.4955
2021-08-10,12.21,12.64,12.08,12.59,1053500.0,13153894.0,202000000.0,0.005215346534653466,12.222,12.188,12.431000000000001,13.5295,41.70854242014092,783037.15,13.605,12.647499999999999,True,True,13.06,13263565.0,9763621.0455
2021-08-11,12.6,13.0,12.59,12.91,1320200.0,16998837.0,202000000.0,0.0065356435643564356,12.373999999999999,12.262,12.4235,13.517666666666665,53.24074039566187,815147.15,13.595166666666668,12.555,False,True,13.06,17043782.0,10173076.1455
2021-08-12,13.0,13.03,12.78,12.81,530900.0,6848337.0,202000000.0,0.0026282178217821783,12.532,12.332,12.416,13.503999999999998,55.02392307639478,776682.15,13.581999999999999,12.5185,False,False,12.96,6800829.0,9670587.9955
2021-08-13,12.79,12.99,12.76,12.92,770900.0,9978379.0,202000000.0,0.003816336633663366,12.687999999999999,12.413,12.4235,13.496666666666668,77.77777710562411,760857.15,13.572499999999998,12.488,False,False,12.93,9960028.0,9474284.4955
2021-08-16,12.92,13.13,12.81,12.87,520500.0,6745207.0,202000000.0,0.002576732673267327,12.819999999999999,12.478,12.4205,13.487166666666667,73.3766227095631,735946.95,13.542833333333334,12.4545,False,False,12.93,6698835.0,9150634.1095
2021-08-17,12.84,12.9,12.62,12.69,651466.0,8343263.0,202000000.0,0.003225079207920792,12.839999999999998,12.531,12.427,13.478499999999999,65.29411710934252,732515.25,13.5295,12.431000000000001,False,False,12.92,8267103.54,9111766.486499999
2021-08-18,12.69,12.83,12.63,12.81,347500.0,4452200.0,202000000.0,0.0017202970297029703,12.819999999999999,12.597,12.4215,13.4655,69.88636308044937,699216.3,13.517666666666665,12.4235,False,False,12.92,4451475.0,8679632.802499998
2021-08-19,12.79,12.95,12.73,12.88,342400.0,4416388.0,202000000.0,0.001695049504950495,12.834,12.683,12.427,13.450333333333333,71.03825082265818,694771.3,13.503999999999998,12.416,False,False,12.92,4410112.0,8624753.3525
2021-08-20,12.85,12.87,12.69,12.85,256800.0,3296101.0,202000000.0,0.0012712871287128714,12.819999999999999,12.754,12.4395,13.427333333333333,67.99999945599994,680907.35,13.496666666666668,12.4235,False,False,12.92,3299880.0,8453277.5825
2021-08-23,12.85,13.33,12.85,13.27,1136266.0,15009962.0,202000000.0,0.005625079207920792,12.9,12.86,12.501999999999999,13.413,76.30331702926703,668825.65,13.487166666666667,12.4205,False,False,12.92,15078249.82,8379072.173499999
2021-08-24,13.24,13.67,13.24,13.65,1127320.0,15358786.0,202000000.0,0.005580792079207921,13.092000000000002,12.966,12.577,13.395000000000001,80.24193503089225,674946.65,13.478499999999999,12.427,False,False,13.27,15387918.0,8537991.323499998
2021-08-25,13.77,13.81,13.54,13.72,802700.0,11018389.0,202000000.0,0.003973762376237624,13.274000000000001,13.047,12.6545,13.389666666666667,85.12396644969604,661141.65,13.4655,12.4215,False,False,13.65,11013044.0,8432193.723499998
2021-08-26,13.68,13.78,13.58,13.6,543700.0,7460002.0,202000000.0,0.0026915841584158415,13.418000000000001,13.126,12.729,13.3815,80.16528879243215,662081.65,13.450333333333333,12.427,False,False,13.72,7394320.0,8484082.7735
2021-08-27,13.64,13.72,13.55,13.63,389280.0,5321434.0,202000000.0,0.0019271287128712871,13.574000000000002,13.197,12.805000000000001,13.371333333333334,79.83193230350959,650105.65,13.427333333333333,12.4395,False,False,13.72,5305886.4,8368638.693499999
2021-08-30,13.54,13.69,13.54,13.6,481000.0,6578245.0,202000000.0,0.002381188118811881,13.64,13.270000000000001,12.874,13.361333333333333,74.87684677424826,636335.65,13.413,12.501999999999999,False,False,13.72,6541600.0,8233558.293500001
2021-08-31,13.68,14.43,13.6,14.33,1652820.0,23461188.0,202000000.0,0.008182277227722773,13.776,13.434000000000001,12.982500000000002,13.361666666666668,79.09836020189458,701556.65,13.395000000000001,12.577,False,False,13.72,23684910.6,9205976.6235
2021-09-01,14.33,14.46,13.94,14.14,1041726.0,14839880.0,202000000.0,0.005157059405940594,13.86,13.567000000000002,13.081999999999999,13.357,76.28458455810895,734577.2,13.389666666666667,12.6545,False,False,14.33,14730005.64,9710828.043000001
2021-09-02,14.14,14.42,14.01,14.26,856920.0,12254574.0,202000000.0,0.004242178217821782,13.992,13.705000000000002,13.193999999999999,13.349833333333333,76.3779523349246,756518.2,13.3815,12.729,False,False,14.33,12219679.2,10070533.903
2021-09-03,14.39,14.59,14.05,14.19,814600.0,11649680.0,202000000.0,0.0040326732673267324,14.104,13.839000000000002,13.2965,13.346,75.78124958557125,748623.2,13.371333333333334,12.805000000000001,False,False,14.33,11559174.0,10058185.103
2021-09-06,14.14,14.53,14.09,14.37,1015580.0,14603341.0,202000000.0,0.005027623762376238,14.258000000000001,13.949000000000002,13.404499999999999,13.345333333333334,82.81249954711906,782803.9,13.361333333333333,12.874,False,False,14.33,14593884.6,10585214.09
2021-09-07,14.37,14.58,14.31,14.42,1007300.0,14578069.0,202000000.0,0.0049866336633663366,14.276,14.026,13.496,13.338333333333333,82.32931680618046,780493.9,13.361666666666668,12.982500000000002,False,False,14.37,14525266.0,10648299.14
2021-09-08,14.42,14.94,14.2,14.87,2080467.0,30733262.0,202000000.0,0.010299341584158416,14.422,14.141,13.594,13.3435,84.66898913401879,818507.25,13.357,13.081999999999999,False,False,14.42,30936544.29,11342937.2545
2021-09-09,14.89,14.93,14.71,14.89,660700.0,9850336.0,202000000.0,0.003270792079207921,14.547999999999998,14.270000000000001,13.698000000000002,13.350999999999999,85.66433524499972,824997.25,13.349833333333333,13.193999999999999,False,False,14.87,9837823.0,11494786.9545
2021-09-10,14.94,15.24,14.73,14.74,1256300.0,18813635.0,202000000.0,0.0062193069306930695,14.658000000000001,14.381,13.789000000000001,13.356,78.37837795471142,849267.25,13.346,13.2965,False,False,14.89,18517862.0,11922678.6545
2021-09-13,14.81,15.71,14.72,15.58,2936090.0,45373738.0,202000000.0,0.01453509900990099,14.9,14.578999999999999,13.9245,13.373666666666669,81.63934388755706,970046.75,13.345333333333334,13.404499999999999,False,False,14.89,45744282.2,13874951.014500001
2021-09-14,15.62,15.72,15.36,15.5,1050025.0,16330470.0,202000000.0,0.005198143564356435,15.116,14.696000000000002,14.065000000000001,13.387,79.08496695843475,989974.7,13.338333333333333,13.496,False,False,15.58,16275387.5,14275365.2125
2021-09-15,15.68,15.99,15.48,15.88,1630727.0,25742748.0,202000000.0,0.00807290594059406,15.318000000000001,14.87,14.2185,13.410166666666667,84.33734904195092,1054136.05,13.3435,13.594,False,False,15.58,25895944.76,15347588.7005
2021-09-16,16.08,16.38,15.75,16.12,1421593.0,23009886.0,202000000.0,0.007037589108910891,15.563999999999998,15.056000000000001,14.380500000000001,13.439666666666666,85.26912147485332,1108095.7,13.350999999999999,13.698000000000002,False,False,15.88,22916079.16,16272887.058499997
2021-09-17,16.14,16.33,15.66,16.01,1204493.0,19357538.0,202000000.0,0.005962836633663367,15.818000000000001,15.238,14.538499999999999,13.459166666666668,83.37950106168617,1155480.35,13.356,13.789000000000001,False,False,16.12,19283932.930000003,17072089.705
2021-09-22,16.01,16.23,15.64,16.08,1061980.0,17072427.0,202000000.0,0.005257326732673267,15.918000000000001,15.409,14.678999999999998,13.482499999999998,79.66101657110025,1151766.05,13.373666666666669,13.9245,False,False,16.12,17076638.4,17172009.134
2021-09-23,16.13,17.26,16.03,17.25,2939235.0,49374788.0,202000000.0,0.014550668316831683,16.268,15.692000000000002,14.858999999999998,13.529333333333334,89.56742970637556,1242361.8,13.387,14.065000000000001,False,False,16.12,50701803.75,18937703.4215
2021-09-24,17.13,17.22,15.52,15.52,5151635.0,82149201.0,202000000.0,0.025503143564356436,16.195999999999998,15.757,14.949000000000002,13.548666666666668,61.37184100014336,1459808.55,13.410166666666667,14.2185,False,False,17.25,79953375.2,22384719.9815
2021-09-27,15.52,15.93,15.34,15.73,1920600.0,30159293.0,202000000.0,0.009507920792079207,16.118,15.841,15.055499999999999,13.579166666666667,63.55633787151607,1528653.55,13.439666666666666,14.380500000000001,False,False,17.25,30211038.0,23525555.8815
2021-09-28,15.87,16.54,15.54,16.51,1900480.0,30705294.0,202000000.0,0.009408316831683168,16.218,16.018,15.1995,13.620333333333333,67.03821641106131,1604213.55,13.459166666666668,14.538499999999999,False,False,17.25,31376924.800000004,24829107.8015
2021-09-29,16.52,16.52,15.71,15.99,1753935.0,28150975.0,202000000.0,0.008682846534653465,16.2,16.059,15.318999999999999,13.652833333333332,61.629629501805205,1667860.3,13.482499999999998,14.678999999999998,False,False,17.25,28045420.650000002,25904298.834
2021-09-30,15.99,16.28,15.74,16.08,1053700.0,16974373.0,202000000.0,0.005216336633663366,15.966000000000003,16.117,15.4065,13.678833333333333,59.46791849255854,1637904.3,13.529333333333334,14.858999999999998,False,False,17.25,16943496.0,25567228.104
2021-10-08,16.13,16.61,16.08,16.4,1816671.0,29941990.0,202000000.0,0.008993420792079208,16.142,16.169,15.519499999999999,13.718833333333333,61.285500619133465,1676651.55,13.548666666666668,14.949000000000002,False,False,17.25,29793404.4,26320398.042000003
2021-10-11,16.26,16.49,15.75,15.94,1175400.0,18884254.0,202000000.0,0.005818811881188119,16.184,16.151,15.6035,13.772,58.571428454285716,1692575.55,13.579166666666667,15.055499999999999,False,False,17.25,18735876.0,26646207.882000003
2021-10-12,15.86,16.06,15.42,15.93,1233180.0,19423533.0,202000000.0,0.006104851485148515,16.068,16.143,15.6905,13.825,52.83630458027418,1713504.55,13.620333333333333,15.1995,False,False,17.25,19644557.4,27050477.052000005
2021-10-13,15.96,16.01,15.59,15.79,981600.0,15568801.0,202000000.0,0.004859405940594059,16.028,16.113999999999997,15.761500000000002,13.873500000000002,52.32744771547604,1711805.55,13.652833333333332,15.318999999999999,False,False,17.25,15499464.0,27095756.022000004
2021-10-14,15.74,15.77,15.39,15.45,1110193.0,17325114.0,202000000.0,0.0054960049504950495,15.902000000000001,15.934000000000001,15.812999999999999,13.913333333333332,46.5266557913775,1716950.2,13.678833333333333,15.4065,False,False,17.25,17152481.849999998,27227116.814499997
2021-10-15,15.34,15.89,15.31,15.8,940090.0,14863427.0,202000000.0,0.004653910891089109,15.782,15.961999999999998,15.8595,13.959000000000001,47.46031735485008,1659931.35,13.718833333333333,15.519499999999999,True,False,17.25,14853422.0,26422960.700000003
2021-10-18,15.8,16.03,15.53,15.75,1307400.0,20681675.0,202000000.0,0.006472277227722772,15.744,15.963999999999999,15.9025,14.005500000000001,47.91666655916131,1692266.35,13.772,15.6035,True,True,17.25,20591550.0,26960647.05
2021-10-19,15.68,15.9,15.11,15.19,1818500.0,28364443.0,202000000.0,0.009002475247524752,15.596,15.831999999999999,15.925,14.045833333333333,43.38781566011451,1720376.35,13.825,15.6905,True,True,17.25,27623015.0,27415904.7
2021-10-20,15.12,15.73,15.12,15.72,1684600.0,26329073.0,202000000.0,0.00833960396039604,15.581999999999999,15.804999999999998,15.931999999999999,14.092333333333332,37.43842355925488,1657801.85,13.873500000000002,15.761500000000002,True,True,17.25,26481912.0,26452786.19
2021-10-21,15.77,15.77,15.41,15.41,813400.0,12712102.0,202000000.0,0.004026732673267326,15.574000000000002,15.738,15.9275,14.139833333333334,48.82226966091826,1645970.6,13.913333333333332,15.812999999999999,True,True,17.25,12534494.0,26265741.515
2021-10-22,15.25,15.54,15.25,15.4,545100.0,8422562.0,202000000.0,0.0026985148514851484,15.494,15.638,15.9035,14.181166666666666,46.30872468717626,1591689.25,13.959000000000001,15.8595,True,True,17.25,8394540.0,25390671.277000003
2021-10-25,15.4,15.67,14.89,15.13,1018326.0,15635561.0,202000000.0,0.0050412178217821785,15.370000000000001,15.557000000000002,15.854,14.220499999999998,32.57575746059075,1571525.9,14.005500000000001,15.9025,True,True,17.25,15407272.38,25015230.938
2021-10-26,15.21,15.34,14.79,15.05,774526.0,11711983.0,202000000.0,0.003834287128712871,15.342000000000002,15.469,15.806000000000001,14.261333333333335,36.647727126969286,1550027.55,14.045833333333333,15.925,True,True,17.25,11656616.3,24633865.106500003
2021-10-27,14.85,15.26,14.4,15.08,920100.0,13641187.0,202000000.0,0.004554950495049505,15.213999999999999,15.398000000000001,15.756,14.312333333333333,35.54913280413649,1542933.55,14.092333333333332,15.931999999999999,True,True,17.25,13875108.0,24473788.5865
2021-10-28,15.08,15.31,14.56,14.68,820700.0,12150457.0,202000000.0,0.004062871287128713,15.068000000000001,15.320999999999998,15.627500000000001,14.3545,25.706214587602574,1437006.8,14.139833333333334,15.9275,True,True,17.25,12047876.0,22541092.199
2021-10-29,14.86,15.03,14.42,14.83,734180.0,10918319.0,202000000.0,0.0036345544554455445,14.953999999999999,15.224,15.593,14.398833333333334,32.81733731905801,1216134.05,14.181166666666666,15.9035,True,True,16.51,10887889.4,19087817.909
2021-11-01,14.83,14.99,14.2,14.43,1175300.0,17207971.0,202000000.0,0.005818316831683168,14.814000000000002,15.092000000000002,15.528,14.4375,29.281767842556718,1178869.05,14.220499999999998,15.854,True,True,16.51,16959579.0,18425244.959
2021-11-02,14.87,14.87,14.34,14.7,849600.0,12469330.0,202000000.0,0.004205940594059406,14.744,15.043000000000001,15.4375,14.480666666666668,35.4666665342578,1126325.05,14.261333333333335,15.806000000000001,True,True,16.51,12489120.0,17480854.719
2021-11-03,14.84,14.84,14.08,14.18,1455493.0,20924281.0,202000000.0,0.0072054108910891085,14.563999999999998,14.889000000000001,15.347,14.513333333333332,33.842239065193056,1111402.95,14.312333333333333,15.756,True,True,16.4,20638890.74,17110528.223500002
2021-11-04,14.38,14.38,13.96,14.26,667893.0,9488924.0,202000000.0,0.00330640099009901,14.48,14.773999999999997,15.256,14.548333333333334,28.96174852309713,1092112.6,14.3545,15.627500000000001,True,True,16.4,9524154.18,16739561.132500002
2021-11-05,14.38,14.43,14.02,14.39,777700.0,11187568.0,202000000.0,0.00385,14.392000000000001,14.673000000000002,15.1555,14.585666666666667,31.818181699076348,1040164.05,14.398833333333334,15.593,True,True,16.4,11191103.0,15809446.0625
2021-11-08,14.47,15.83,14.46,15.74,3207500.0,50143308.0,202000000.0,0.01587871287128713,14.654,14.733999999999998,15.145500000000002,14.647666666666668,56.0706400033137,1141769.05,14.4375,15.528,True,True,15.94,50486050.0,17396954.7625
2021-11-09,15.55,15.78,14.69,14.69,2964500.0,44704557.0,202000000.0,0.014675742574257425,14.651999999999997,14.698000000000002,15.0835,14.690166666666668,39.80198008767766,1228335.05,14.480666666666668,15.4375,False,True,15.93,43548505.0,18592152.142500002
2021-11-10,14.63,14.8,14.04,14.36,1558100.0,22308556.0,202000000.0,0.007713366336633664,14.687999999999999,14.626,15.012,14.725999999999999,39.644970304727885,1257160.05,14.513333333333332,15.347,True,False,15.8,22374316.0,18935894.7425
2021-11-11,14.34,15.0,14.21,14.44,1455080.0,21361070.0,202000000.0,0.007203366336633664,14.724,14.601999999999999,14.961500000000001,14.756833333333333,40.66147848847068,1274404.4,14.548333333333334,15.256,True,True,15.8,21011355.2,19128838.41
2021-11-12,14.43,14.64,14.14,14.23,792600.0,11365317.0,202000000.0,0.003923762376237623,14.691999999999998,14.541999999999998,14.883,14.778833333333333,41.14173217008184,1267029.9,14.585666666666667,15.1555,True,True,15.8,11278698.0,18950102.21
2021-11-15,14.32,14.69,14.09,14.47,1394966.0,20188174.0,202000000.0,0.006905772277227723,14.437999999999999,14.545999999999998,14.818999999999999,14.806500000000002,44.46564873616048,1271408.2,14.647666666666668,15.145500000000002,True,True,15.75,20185158.02,18929782.610999998
2021-11-16,14.46,14.64,14.3,14.42,798400.0,11580826.0,202000000.0,0.003952475247524753,14.384,14.518,14.780499999999998,14.8315,43.726235625063254,1220403.2,14.690166666666668,15.0835,True,True,15.74,11512928.0,18124278.261
2021-11-17,14.54,14.64,14.31,14.5,489900.0,7115177.0,202000000.0,0.002425247524752475,14.412,14.55,14.7195,14.858666666666666,48.17813751528464,1160668.2,14.725999999999999,15.012,True,True,15.74,7103550.0,17155360.161
2021-11-18,14.61,15.95,14.52,15.73,3323300.0,51685085.0,202000000.0,0.016451980198019803,14.670000000000002,14.697,14.735499999999998,14.909333333333334,57.475082922815425,1286163.2,14.756833333333333,14.961500000000001,True,True,15.74,52275509.0,19142410.911
2021-11-19,15.4,15.77,14.96,15.31,1984800.0,30396391.0,202000000.0,0.009825742574257426,14.886000000000001,14.788999999999998,14.731,14.950999999999999,57.28476807914127,1358148.2,14.778833333333333,14.883,False,True,15.74,30387288.0,20242048.310999997
2021-11-22,15.17,15.73,15.17,15.35,1225262.0,19083858.0,202000000.0,0.006065653465346535,15.062000000000001,14.75,14.742,14.992166666666666,55.59380365261389,1368495.0,14.806500000000002,14.818999999999999,False,False,15.74,18807771.7,20412073.277
2021-11-23,15.36,15.7,15.25,15.46,1170480.0,18260209.0,202000000.0,0.005794455445544555,15.27,14.827000000000002,14.7625,15.035666666666666,61.8518516914952,1388292.7,14.8315,14.780499999999998,False,False,15.74,18095620.8,20734023.501999997
2021-11-24,15.47,16.07,15.34,15.93,1796373.0,28414218.0,202000000.0,0.008892935643564356,15.556000000000001,14.984,14.805000000000001,15.08,64.4214160791192,1432106.35,14.858666666666666,14.7195,False,False,15.74,28616221.89,21471079.196499996
2021-11-25,16.09,16.41,15.83,16.31,1420466.0,23044545.0,202000000.0,0.007032009900990099,15.672,15.171000000000001,14.886500000000002,15.124333333333334,65.8940395823648,1462094.65,14.909333333333334,14.735499999999998,False,False,15.93,23167800.459999997,22027075.4195
2021-11-26,16.39,16.53,16.01,16.11,978500.0,15953089.0,202000000.0,0.004844059405940594,15.831999999999999,15.359,14.9505,15.164166666666667,53.783230929863954,1474310.65,14.950999999999999,14.731,False,False,16.31,15763635.0,22270862.699500002
2021-11-29,16.1,16.47,15.73,16.47,1039000.0,16840373.0,202000000.0,0.005143564356435644,16.056,15.559000000000001,15.0525,15.211999999999998,71.19047595317461,1467495.65,14.992166666666666,14.742,False,False,16.31,17112330.0,22278500.2495
2021-11-30,16.33,16.37,15.99,16.05,1069900.0,17346080.0,202000000.0,0.005296534653465346,16.174,15.722,15.12,15.252333333333333,69.69696946952041,1478510.65,15.035666666666666,14.7625,False,False,16.47,17171895.0,22512638.9995
2021-12-01,16.06,16.33,15.93,16.05,719900.0,11605615.0,202000000.0,0.003563861386138614,16.198,15.876999999999999,15.213500000000002,15.293166666666668,69.12113991266133,1441731.0,15.08,14.805000000000001,False,False,16.47,11554395.0,22058414.2125
2021-12-02,16.13,16.15,15.65,15.78,1012700.0,16064947.0,202000000.0,0.005013366336633664,16.092000000000002,15.882,15.289499999999999,15.317333333333332,68.14988268053902,1458971.35,15.124333333333334,14.886500000000002,False,False,16.47,15980406.0,22381226.8035
2021-12-03,15.73,15.95,15.65,15.84,393425.0,6248211.0,202000000.0,0.0019476485148514852,16.038,15.934999999999999,15.362,15.345666666666666,66.74816603069087,1439757.6,15.164166666666667,14.9505,False,False,16.47,6231852.0,22133264.2535
2021-12-06,15.84,15.92,15.41,15.52,554100.0,8674620.0,202000000.0,0.002743069306930693,15.847999999999999,15.952000000000002,15.350999999999999,15.366666666666667,62.61467869802627,1307087.6,15.211999999999998,15.0525,False,False,16.47,8599632.0,20038943.3535
2021-12-07,15.52,15.66,15.27,15.4,488100.0,7552783.0,202000000.0,0.0024163366336633664,15.718,15.946000000000002,15.386499999999998,15.386833333333332,60.22727253564051,1183267.6,15.252333333333333,15.12,False,False,16.47,7516740.0,18237355.1035
2021-12-08,15.28,15.63,15.28,15.57,332600.0,5186848.0,202000000.0,0.0016465346534653466,15.622,15.91,15.447000000000003,15.406833333333333,47.60479021962063,1121992.6,15.293166666666668,15.213500000000002,False,False,16.47,5178582.0,17377568.4035
2021-12-09,15.81,15.81,15.31,15.31,384600.0,5956554.0,202000000.0,0.001903960396039604,15.528,15.809999999999999,15.490499999999997,15.421666666666665,49.999999779874216,1068468.6,15.317333333333332,15.289499999999999,False,False,16.47,5888226.0,16621411.943500001
2021-12-10,15.31,15.47,15.18,15.29,638100.0,9794659.0,202000000.0,0.0031589108910891088,15.418000000000001,15.728,15.5435,15.428666666666667,49.05063269407947,1060743.6,15.345666666666666,15.362,True,False,16.47,9756549.0,16545304.4935
2021-12-13,15.29,15.52,15.28,15.33,541300.0,8361639.0,202000000.0,0.0026797029702970297,15.38,15.614,15.586499999999997,15.436,47.8964399124433,1018060.3,15.366666666666667,15.350999999999999,True,True,16.47,8298129.0,15950953.0425
2021-12-14,15.34,15.5,15.34,15.39,347500.0,5381179.0,202000000.0,0.0017202970297029703,15.378,15.547999999999998,15.635000000000002,15.446833333333334,39.92537292576299,995515.3,15.386833333333332,15.386499999999998,True,True,16.47,5348025.0,15642707.892500002
2021-12-15,15.46,15.46,15.22,15.4,405125.0,6256340.0,202000000.0,0.002005569306930693,15.344,15.483,15.680000000000001,15.443833333333334,30.30303011937562,991276.55,15.406833333333333,15.447000000000003,True,True,16.47,6238925.0,15599476.642500002
2021-12-16,15.43,15.79,15.43,15.58,528150.0,8271269.0,202000000.0,0.0026146039603960397,15.398,15.463000000000003,15.6725,15.445166666666665,38.427947363322616,851519.05,15.421666666666665,15.490499999999997,True,True,16.47,8228577.0,13397130.0425
2021-12-17,15.49,15.63,15.24,15.46,473050.0,7315382.0,202000000.0,0.002341831683168317,15.431999999999999,15.425,15.680000000000001,15.438166666666666,25.365853485306417,775931.55,15.428666666666667,15.5435,True,True,16.47,7313353.0,12243433.2925
2021-12-20,15.48,15.48,15.26,15.35,480900.0,7413413.0,202000000.0,0.0023806930693069306,15.436000000000002,15.408000000000001,15.679999999999998,15.425333333333333,29.885057230809906,738713.45,15.436,15.586499999999997,True,True,16.47,7381815.0,11672135.4575
2021-12-21,15.26,15.46,15.23,15.39,439700.0,6787994.0,202000000.0,0.0021767326732673267,15.436000000000002,15.407,15.6765,15.415,31.460673909859906,702174.45,15.446833333333334,15.635000000000002,True,True,16.47,6766983.0,11105703.567499999
2021-12-22,15.38,15.58,15.22,15.28,678350.0,10441406.0,202000000.0,0.003358168316831683,15.412,15.378,15.644,15.401666666666667,34.567900935832995,646273.3,15.443833333333334,15.680000000000001,True,True,16.47,10365188.0,10193151.873
2021-12-23,15.38,15.56,15.23,15.42,619900.0,9621577.0,202000000.0,0.003068811881188119,15.38,15.389,15.5995,15.371166666666669,37.64705851349485,606245.0,15.445166666666665,15.6725,True,True,16.47,9558858.0,9512704.75
2021-12-24,15.51,15.51,15.08,15.12,912000.0,13936282.0,202000000.0,0.0045148514851485145,15.312000000000001,15.372,15.55,15.3645,38.095237777777804,602920.0,15.438166666666666,15.680000000000001,True,True,16.47,13789440.0,9413995.0
2021-12-27,15.23,15.33,14.94,15.11,622900.0,9428409.0,202000000.0,0.0030836633663366337,15.264,15.35,15.482,15.354166666666666,40.76433084668751,582115.0,15.425333333333333,15.679999999999998,True,True,16.47,9412019.0,9028979.45
2021-12-28,15.12,15.42,14.98,15.27,309700.0,4748330.0,202000000.0,0.0015331683168316832,15.24,15.338,15.443000000000001,15.333499999999999,40.38461502218937,544105.0,15.415,15.6765,True,True,16.05,4729119.0,8406840.65
2021-12-29,15.29,15.32,15.03,15.14,268800.0,4096112.0,202000000.0,0.0013306930693069306,15.212,15.312000000000001,15.397499999999999,15.319333333333335,44.05594362462715,521550.0,15.401666666666667,15.644,True,True,16.05,4069632.0,8032602.5
2021-12-30,15.14,15.27,14.95,14.95,392700.0,5930879.0,202000000.0,0.001944059405940594,15.118,15.248999999999999,15.356,15.3005,39.374999655468784,490550.0,15.371166666666669,15.5995,True,True,15.84,5870865.0,7527125.45
2021-12-31,15.13,15.13,14.9,15.0,285578.0,4303146.0,202000000.0,0.0014137524752475248,15.094,15.203,15.313999999999998,15.277166666666666,39.751552449365406,485157.65,15.3645,15.55,True,True,15.84,4283670.0,7429716.35
2022-01-04,15.23,15.23,14.8,15.0,520900.0,7827317.0,202000000.0,0.0025787128712871287,15.072,15.167999999999997,15.288,15.2615,37.419354500728424,483497.65,15.354166666666666,15.482,True,True,15.58,7813500.0,7390409.75
2022-01-05,15.03,15.21,14.72,14.8,411800.0,6163562.0,202000000.0,0.0020386138613861385,14.978,15.109,15.258000000000001,15.242666666666668,32.758620426080114,479682.65,15.333499999999999,15.443000000000001,True,True,15.58,6094640.0,7319304.75
2022-01-06,14.77,15.0,14.64,14.98,594242.0,8892286.0,202000000.0,0.002941792079207921,14.946000000000002,15.078999999999999,15.228500000000002,15.229166666666666,32.758620426080114,492764.75,15.319333333333335,15.397499999999999,True,True,15.58,8901745.16,7505462.908000002
2022-01-07,16.31,16.31,14.39,14.48,1073420.0,16016656.0,202000000.0,0.005313960396039604,14.852,14.985000000000003,15.187000000000001,15.213,26.886792275275937,527205.75,15.3005,15.356,True,True,15.58,15543121.6,7988207.688000001
2022-01-10,14.04,14.69,14.04,14.54,1150555.0,16547290.0,202000000.0,0.005695816831683168,14.76,14.927000000000001,15.1495,15.192,30.434782402856555,552828.5,15.277166666666666,15.313999999999998,True,True,15.58,16729069.7,8336833.723
2022-01-11,14.72,14.73,14.13,14.43,617762.0,8948886.0,202000000.0,0.003058227722772277,14.646,14.859,15.104500000000002,15.169999999999998,27.570093277578806,556651.6,15.2615,15.288,True,True,15.58,8914305.66,8367642.556
2022-01-12,14.06,15.87,14.06,15.87,3195671.0,49108336.0,202000000.0,0.015820153465346536,14.86,14.919,15.128499999999999,15.181333333333333,58.50144068616134,699060.15,15.242666666666668,15.258000000000001,True,True,15.58,50715298.769999996,10636006.2445
2022-01-13,16.23,17.45,16.19,17.41,8303427.0,141042529.0,202000000.0,0.04110607425742574,15.345999999999998,15.145999999999997,15.229,15.209499999999998,70.43121129650166,1093975.25,15.229166666666666,15.228500000000002,False,True,15.87,144562664.07,17552193.198000003
2022-01-14,17.69,17.71,16.69,17.27,3929080.0,67706329.0,202000000.0,0.019450891089108913,15.904,15.378,15.313500000000001,15.2405,72.82377897674462,1264021.75,15.213,15.187000000000001,False,False,17.41,67855211.6,20533524.928
2022-01-17,17.26,17.49,16.68,17.49,4465141.0,76631198.0,202000000.0,0.022104658415841583,16.494,15.627,15.414999999999997,15.275333333333332,74.1869916588175,1463626.3,15.192,15.1495,False,False,17.41,78095316.08999999,24072623.0825
2022-01-18,17.37,17.67,17.09,17.41,2581800.0,44812488.0,202000000.0,0.012781188118811881,17.089999999999996,15.868,15.518,15.313333333333334,72.10743780795372,1568671.3,15.169999999999998,15.104500000000002,False,False,17.49,44949138.0,25950989.232499998
2022-01-19,17.42,18.0,16.89,17.21,4263200.0,74617776.0,202000000.0,0.021104950495049506,17.358,16.109,15.608999999999998,15.349333333333332,71.07942953256376,1759846.3,15.181333333333333,15.128499999999999,False,False,17.49,73369672.0,29281123.682499997
2022-01-20,17.31,18.33,17.23,17.53,5558513.0,98996541.0,202000000.0,0.02751739108910891,17.381999999999998,16.364,15.7215,15.390166666666667,75.59523788525136,2003854.45,15.209499999999998,15.229,False,False,17.49,97440732.89,33634900.927
2022-01-21,17.63,17.72,16.63,17.29,4050053.0,69846102.0,202000000.0,0.020049767326732672,17.386,16.645,15.814999999999998,15.433666666666666,71.89292523776273,2175362.1,15.2405,15.313500000000001,False,False,17.53,70025416.36999999,36658228.8455
2022-01-24,17.19,17.45,16.93,16.99,3058432.0,52745859.0,202000000.0,0.015140752475247524,17.286,16.889999999999997,15.908499999999998,15.469666666666665,67.99276655481034,2282683.7,15.275333333333332,15.414999999999997,False,False,17.53,51962759.67999999,38566894.8295
2022-01-25,17.02,17.37,16.83,17.0,2145800.0,36744176.0,202000000.0,0.010622772277227722,17.204,17.147,16.003,15.5125,70.59925075123792,2358828.7,15.313333333333334,15.518,False,False,17.53,36478600.0,39920223.879499994
2022-01-26,16.99,17.12,16.71,17.01,1916100.0,32575598.0,202000000.0,0.009485643564356435,17.163999999999998,17.261000000000003,16.089999999999996,15.550999999999998,69.63249497585011,2439148.7,15.349333333333332,15.608999999999998,False,False,17.53,32592861.000000004,41313410.9795
2022-01-27,17.13,17.13,16.7,17.01,1821800.0,30910503.0,202000000.0,0.009018811881188119,17.06,17.220999999999997,16.183500000000002,15.598166666666666,77.08779420144987,2516798.7,15.390166666666667,15.7215,False,False,17.53,30988818.000000004,42659370.2795
2022-01-28,17.01,18.01,17.01,17.92,5618800.0,99474951.0,202000000.0,0.027815841584158417,17.186,17.286,16.332,15.659166666666666,80.6159418245248,2778103.7,15.433666666666666,15.814999999999998,False,False,17.53,100688896.00000001,47400271.829500005
2022-02-07,18.01,18.81,17.66,18.76,5285744.0,97300783.0,202000000.0,0.026167049504950496,17.54,17.413,16.520000000000003,15.732000000000001,84.6399998104064,3028112.0,15.469666666666665,15.908499999999998,False,False,17.92,99160557.44000001,52144116.2015
2022-02-08,18.56,19.03,18.52,18.99,2008400.0,37844250.0,202000000.0,0.009942574257425743,17.938000000000002,17.571,16.7195,15.786166666666666,80.95238072751322,3102487.0,15.5125,16.003,False,False,18.76,38139516.0,53660417.001499996
2022-02-09,18.92,19.16,18.72,19.0,2898100.0,54963308.0,202000000.0,0.014347029702970297,18.336000000000002,17.75,16.929499999999997,15.857999999999999,72.64957235980226,3226802.0,15.550999999999998,16.089999999999996,False,False,18.99,55063900.0,56108880.001499996
2022-02-10,18.99,19.39,18.86,19.3,2511200.0,48404050.0,202000000.0,0.012431683168316832,18.794,17.927,17.1455,15.940333333333333,77.65667545308081,3322649.9,15.598166666666666,16.183500000000002,False,False,19.0,48466160.0,58087100.743499994
2022-02-11,19.37,20.11,19.12,19.92,4768566.0,94733236.0,202000000.0,0.023606762376237624,19.194,18.19,17.4175,16.031666666666666,79.85257957790269,3507407.2,15.659166666666666,16.332,False,False,19.3,94989834.72000001,62059436.3995
2022-02-14,19.93,20.06,19.22,19.79,4496044.0,88655927.0,202000000.0,0.022257643564356437,19.4,18.470000000000002,17.68,16.124333333333333,78.88349487758029,3674681.65,15.732000000000001,16.520000000000003,False,False,19.92,88976710.75999999,65671818.4525
2022-02-15,19.79,19.89,19.5,19.7,1595900.0,31483182.0,202000000.0,0.007900495049504951,19.542,18.74,17.9435,16.211499999999997,81.04738126317613,3723588.55,15.786166666666666,16.7195,False,False,19.92,31439230.0,66798064.66949999
2022-02-16,19.69,20.25,19.53,19.86,2525600.0,50224916.0,202000000.0,0.012502970297029703,19.714,19.025,18.143,16.30216666666667,80.25973996788657,3690085.0,15.857999999999999,16.929499999999997,False,False,19.92,50158416.0,66770220.530999996
2022-02-17,19.98,20.09,19.61,19.9,1808900.0,36036695.0,202000000.0,0.008954950495049505,19.834,19.314,18.267500000000002,16.392166666666665,85.75342432861694,3365358.65,15.940333333333333,17.1455,False,False,19.92,35997110.0,61341942.8275
2022-02-18,19.61,20.79,19.49,19.73,4148200.0,83002961.0,202000000.0,0.020535643564356436,19.796,19.494999999999997,18.3905,16.458833333333335,88.92045419179364,3376314.65,16.031666666666666,17.4175,False,False,19.92,81843986.0,62041381.5475
2022-02-21,19.73,20.31,19.71,19.98,4086100.0,82258037.0,202000000.0,0.020228217821782177,19.833999999999996,19.617,18.515,16.53666666666667,89.62765924074807,3357362.6,16.124333333333333,17.68,False,False,19.92,81640278.0,62218629.64299999
2022-02-22,19.91,20.01,19.73,19.9,1916500.0,38240803.0,202000000.0,0.009487623762376237,19.874000000000002,19.708,18.6395,16.6125,87.72845920934762,3324097.6,16.211499999999997,17.9435,False,False,19.98,38138350.0,61878090.24299999
2022-02-23,19.89,20.0,19.7,19.83,3365066.0,67096544.0,202000000.0,0.016658742574257427,19.868,19.791,18.770500000000002,16.685333333333332,86.15384584457587,3279190.9,16.30216666666667,18.143,False,False,19.98,66729258.779999994,61546069.581999995
2022-02-24,19.83,19.94,19.16,19.7,3347400.0,65740537.0,202000000.0,0.01657128712871287,19.828,19.831,18.878999999999998,16.748166666666666,78.52564067328234,3168635.25,16.392166666666665,18.267500000000002,False,False,19.98,65943780.0,59971221.9375
2022-02-25,19.78,20.6,19.78,20.41,4227500.0,85811083.0,202000000.0,0.02092821782178218,19.964,19.88,19.035000000000004,16.8165,77.59197288084022,3177507.6,16.458833333333335,18.3905,False,False,19.98,86283275.0,60784114.868999995
2022-02-28,20.41,20.68,20.03,20.14,2101700.0,42721652.0,202000000.0,0.010404455445544554,19.996000000000002,19.915,19.192500000000003,16.883666666666667,68.97689737106384,3129671.0,16.53666666666667,18.515,False,False,20.41,42328238.0,60302388.785000004
2022-03-01,20.24,20.42,19.71,20.0,2842442.0,56969154.0,202000000.0,0.01407149504950495,20.016,19.945,19.3425,16.942500000000003,65.82278451850664,3164503.1,16.6125,18.6395,False,False,20.41,56848840.0,61320900.785000004
2022-03-02,20.01,20.27,19.82,20.2,2890900.0,58310348.0,202000000.0,0.01431138613861386,20.09,19.979,19.502000000000002,17.011666666666667,64.70588205690116,3213243.1,16.685333333333332,18.770500000000002,False,False,20.41,58396180.0,62611066.735
2022-03-03,20.18,20.3,19.99,20.17,1527200.0,30883840.0,202000000.0,0.00756039603960396,20.184,20.006,19.66,17.080333333333332,55.06072843285417,3198513.1,16.748166666666666,18.878999999999998,False,False,20.41,30803624.000000004,62601807.035000004
2022-03-04,20.17,20.25,19.85,19.98,1800000.0,36143857.0,202000000.0,0.00891089108910891,20.098000000000003,20.031,19.762999999999998,17.150333333333332,53.7549404140043,3007573.1,16.8165,19.035000000000004,False,False,20.41,35964000.0,59365562.235
2022-03-07,19.91,19.94,19.42,19.64,2266600.0,44763286.0,202000000.0,0.01122079207920792,19.998,19.996999999999996,19.807,17.213666666666665,48.92086306298848,2856615.9,16.883666666666667,19.192500000000003,False,False,20.41,44516024.0,56633335.563
2022-03-08,19.71,20.73,19.71,20.38,4786842.0,97182367.0,202000000.0,0.023697237623762375,20.074,20.045,19.8765,17.294666666666668,57.738094997519845,2995538.0,16.942500000000003,19.3425,True,False,20.41,97555839.96,59604151.761
2022-03-09,20.71,22.35,20.39,21.92,7696644.0,165028877.0,202000000.0,0.03810219801980198,20.418,20.253999999999998,20.0225,17.403333333333332,70.78189280021681,3235465.2,17.011666666666667,19.502000000000002,False,True,20.41,168710436.48000002,65286478.585
2022-03-10,22.36,22.78,21.64,21.92,6445710.0,142804883.0,202000000.0,0.031909455445544556,20.768,20.476000000000003,20.1535,17.50916666666667,73.34754775546575,3432190.7,17.080333333333332,19.66,False,False,21.92,141289963.20000002,69927668.745
2022-03-11,21.64,22.1,21.15,22.04,3472700.0,75286991.0,202000000.0,0.017191584158415842,21.18,20.639000000000003,20.2595,17.621333333333332,72.58771907538858,3367397.4,17.150333333333332,19.762999999999998,False,False,21.92,76538308.0,69005092.40900001
2022-03-14,22.04,22.04,21.01,21.21,3126800.0,67075814.0,202000000.0,0.01547920792079208,21.494,20.746000000000002,20.330499999999997,17.720000000000002,62.33521640815577,3298935.2,17.213666666666665,19.807,False,False,22.04,66319428.0,67872228.271
2022-03-15,21.2,21.2,19.09,19.09,5045200.0,98543510.0,202000000.0,0.024976237623762377,21.236,20.655,20.3,17.782666666666668,44.97282600141039,3471400.2,17.294666666666668,19.8765,False,False,22.04,96312868.0,71115910.171
2022-03-16,19.02,19.12,17.18,17.18,6718700.0,117457051.0,202000000.0,0.03326089108910891,20.288,20.353,20.166,17.8125,36.2144419576584,3681055.2,17.403333333333332,20.0225,True,False,22.04,115427266.0,74379352.671
2022-03-17,17.18,17.99,16.18,17.61,8680800.0,150973297.0,202000000.0,0.042974257425742575,19.426,20.097,20.051499999999997,17.849333333333334,34.198645544155625,4024650.2,17.50916666666667,20.1535,True,True,22.04,152868888.0,80222941.57100001
2022-03-18,17.57,19.21,17.52,18.94,5308200.0,97670174.0,202000000.0,0.026278217821782177,18.806,19.993000000000002,20.011999999999997,17.90533333333333,43.95161284119732,4082650.2,17.621333333333332,20.2595,True,True,22.04,100537308.0,81157607.671
2022-03-21,19.01,20.11,19.0,20.03,3906800.0,76638294.0,202000000.0,0.01934059405940594,18.57,20.032000000000004,20.0145,17.981499999999997,50.13799441564564,4073685.2,17.720000000000002,20.330499999999997,True,True,22.04,78253204.0,80988253.971
2022-03-22,19.99,19.99,18.86,19.77,4510400.0,88231872.0,202000000.0,0.02232871287128713,18.706,19.970999999999997,20.008,18.055166666666665,48.03293680947291,4203380.2,17.782666666666668,20.3,False,True,22.04,89170608.0,83539866.871
2022-03-23,19.65,19.89,19.43,19.52,1880400.0,36878081.0,202000000.0,0.009308910891089109,19.174,19.731,19.9925,18.124,47.085201734601526,4129146.9,17.8125,20.166,True,False,22.04,36705408.0,82038674.332
2022-03-24,19.42,19.66,19.31,19.58,1352800.0,26529787.0,202000000.0,0.006697029702970297,19.568,19.497,19.9865,18.195666666666668,48.18511790611689,4029416.9,17.849333333333334,20.051499999999997,True,True,22.04,26487823.999999996,80065876.532
2022-03-25,19.27,19.89,19.27,19.73,2347342.0,46177315.0,202000000.0,0.01162050495049505,19.726,19.266,19.952499999999997,18.267500000000002,50.41551240020156,3935409.0,17.90533333333333,20.011999999999997,True,True,22.04,46313057.660000004,78067365.665
2022-03-28,19.73,20.85,19.69,20.84,2488877.0,51054517.0,202000000.0,0.012321173267326733,19.887999999999998,19.229,19.9875,18.362833333333334,52.05357136350447,3954767.85,17.981499999999997,20.0145,True,True,22.04,51868196.68,78544363.599
2022-03-29,20.72,20.91,20.41,20.71,2253142.0,46718428.0,202000000.0,0.011154168316831683,20.076,19.391,20.023,18.456166666666668,43.82022465643686,3925302.85,18.055166666666665,20.008,False,True,22.04,46662570.82,78035050.14000002
2022-03-30,20.76,21.71,20.71,21.67,1991285.0,42853801.0,202000000.0,0.009857846534653466,20.506,19.84,20.0965,18.562833333333334,48.83720923872363,3880322.1,18.124,19.9925,False,False,22.04,43151145.95,77272798.4375
2022-03-31,21.78,21.9,21.43,21.78,1887900.0,41149040.0,202000000.0,0.009346039603960396,20.946,20.256999999999998,20.177,18.6735,48.78957163100056,3898357.1,18.195666666666668,19.9865,False,False,22.04,41118462.0,77788540.3375
2022-04-01,21.76,22.17,21.56,21.72,1401600.0,30719410.0,202000000.0,0.006938613861386138,21.344,20.535,20.264000000000003,18.78633333333333,52.557672945255014,3878437.1,18.267500000000002,19.952499999999997,False,False,22.04,30442752.0,77512477.9375
2022-04-06,21.73,22.12,21.47,21.73,1808500.0,39268117.0,202000000.0,0.008952970297029702,21.522000000000002,20.705000000000002,20.3685,18.8985,66.79389301079968,3855532.1,18.362833333333334,19.9875,False,False,22.04,39298705.0,77251611.9875
2022-04-07,21.73,22.05,21.57,21.73,1323900.0,28892457.0,202000000.0,0.006553960396039604,21.726,20.901000000000003,20.436,19.010666666666665,88.23529391003457,3682385.0,18.456166666666668,20.023,False,False,22.04,28768347.0,73812237.3395
2022-04-08,21.69,21.73,20.96,21.01,2246600.0,47994954.0,202000000.0,0.011121782178217823,21.594,21.05,20.3905,19.114166666666666,77.24358957028682,3409882.8,18.562833333333334,20.0965,False,False,22.04,47201066.0,67736768.81549999
2022-04-11,20.83,20.91,20.33,20.56,2420300.0,50166723.0,202000000.0,0.011981683168316831,21.35,21.148,20.3225,19.20716666666667,65.11194012843892,3208612.3,18.6735,20.177,False,False,22.04,49761368.0,63160339.05549999
2022-04-12,20.53,21.46,20.53,21.39,1443400.0,30604596.0,202000000.0,0.007145544554455445,21.284,21.314,20.29,19.322333333333333,63.33333315947709,3107147.3,18.78633333333333,20.264000000000003,False,False,22.04,30874326.0,60877139.95549999
2022-04-13,21.38,21.55,20.78,20.97,1221400.0,25756542.0,202000000.0,0.006046534653465346,21.131999999999998,21.327,20.278,19.4295,61.40684394302359,3011877.3,18.8985,20.3685,False,False,21.78,25612758.0,58841806.45549999
2022-04-14,20.86,21.13,20.72,20.98,1247600.0,26219036.0,202000000.0,0.006176237623762376,20.982,21.354,20.3725,19.538666666666664,64.54183248932554,2821997.3,19.010666666666665,20.436,False,False,21.78,26174648.0,55334895.45549999
2022-04-15,21.26,21.26,20.37,20.72,1478100.0,30765516.0,202000000.0,0.007317326732673267,20.924,21.259,20.549500000000002,19.619500000000002,60.919540066499295,2559967.3,19.114166666666666,20.3905,False,False,21.78,30626232.0,51094843.7555
2022-04-18,20.72,20.99,20.41,20.76,1310500.0,27118191.0,202000000.0,0.006487623762376237,20.964,21.157,20.707,19.675333333333334,60.07827772189903,2191452.3,19.20716666666667,20.3225,False,False,21.78,27205980.000000004,44811698.3555
2022-04-19,20.72,21.4,20.66,20.81,901300.0,18956955.0,202000000.0,0.004461881188118812,20.848,21.066,20.800500000000003,19.734333333333332,49.629629458070404,1971107.3,19.322333333333333,20.29,False,False,21.78,18756053.0,40722635.6055
2022-04-20,20.81,20.89,20.44,20.61,1075200.0,22194488.0,202000000.0,0.0053227722772277225,20.776,20.954,20.8295,19.78633333333333,48.78640760121122,1829527.3,19.4295,20.278,False,False,21.78,22159872.0,37917969.0055
2022-04-21,20.6,20.75,20.12,20.31,2489200.0,50826095.0,202000000.0,0.012322772277227723,20.642000000000003,20.812,20.8565,19.83466666666667,30.346820686457974,1728467.3,19.538666666666664,20.3725,True,False,21.78,50555652.0,35987221.2055
2022-04-22,20.31,20.71,20.12,20.49,2174500.0,44597700.0,202000000.0,0.010764851485148514,20.596,20.759999999999998,20.904999999999998,19.889333333333337,31.728045199945456,1743172.3,19.619500000000002,20.549500000000002,True,True,21.78,44555505.0,36379726.0555
2022-04-25,20.48,20.48,19.66,19.96,2380300.0,47945821.0,202000000.0,0.011783663366336634,20.436,20.7,20.924,19.92983333333333,27.999999902000056,1794547.3,19.675333333333334,20.707,True,True,21.78,47510788.0,37430874.2555
2022-04-26,19.96,20.83,19.96,20.37,1405000.0,28831859.0,202000000.0,0.0069554455445544556,20.348,20.598,20.955999999999996,19.98116666666667,34.54545443553721,1747430.2,19.734333333333332,20.800500000000003,True,True,21.78,28619850.0,36546213.8725
2022-04-27,20.34,20.48,19.82,20.17,1656600.0,33305274.0,202000000.0,0.008200990099009901,20.259999999999998,20.517999999999997,20.9225,20.03416666666667,33.0434781603025,1705816.35,19.78633333333333,20.8295,True,True,21.78,33413622.000000004,35623485.138500005
2022-04-28,20.11,20.54,19.7,20.16,1504500.0,30118578.0,202000000.0,0.007448019801980198,20.23,20.436,20.895000000000003,20.086833333333335,39.0745499879065,1668384.25,19.83466666666667,20.8565,True,True,21.78,30330720.0,34806892.597500004
2022-04-29,20.16,20.59,20.12,20.51,2253700.0,46331301.0,202000000.0,0.011156930693069307,20.234,20.415,20.837,20.145166666666668,49.34036921087994,1681505.0,19.889333333333337,20.904999999999998,True,True,21.78,46223387.0,34960504.65
2022-05-05,20.74,21.34,20.66,21.28,3243100.0,68436550.0,202000000.0,0.016054950495049503,20.498,20.467000000000002,20.811999999999998,20.21633333333333,48.525468986767684,1749265.0,19.92983333333333,20.924,True,True,21.78,69013168.0,36355239.95
2022-05-06,21.07,22.06,20.78,21.9,5108000.0,111378392.0,202000000.0,0.02528712871287129,20.804000000000002,20.576,20.821,20.282666666666668,61.832060848435404,1934585.0,19.98116666666667,20.955999999999996,False,True,21.73,111865200.0,40426362.35
2022-05-09,21.88,22.6,21.85,22.44,2745400.0,61302196.0,202000000.0,0.013591089108910891,21.258000000000003,20.759,20.8565,20.344,66.36771279615516,1981430.0,20.03416666666667,20.9225,False,False,21.9,61606776.0,41541765.9
2022-05-10,22.54,22.89,22.1,22.47,2488900.0,55899453.0,202000000.0,0.01232128712871287,21.72,20.975,20.8935,20.402,70.68557896226997,2039680.0,20.086833333333335,20.895000000000003,False,False,22.44,55925583.0,42899627.7
2022-05-11,22.75,22.75,22.1,22.45,2327700.0,52192066.0,202000000.0,0.011523267326732674,22.108,21.171,20.9655,20.459500000000002,70.07125867434736,2043735.0,20.145166666666668,20.837,False,False,22.47,52256865.0,43152417.65
2022-05-12,22.42,22.42,21.99,22.3,2406100.0,53609807.0,202000000.0,0.011911386138613861,22.312,21.405,21.0525,20.509500000000003,67.28538261206609,2043025.0,20.21633333333333,20.811999999999998,False,False,22.47,53656030.0,43347150.75
2022-05-13,22.41,23.37,22.39,23.22,3790100.0,87349632.0,202000000.0,0.018762871287128714,22.576,21.69,21.144,20.564500000000002,75.94433378464801,2160360.0,20.282666666666668,20.821,False,False,22.47,88006122.0,46203740.55
2022-05-16,23.32,23.6,22.6,23.03,2577500.0,59297256.0,202000000.0,0.012759900990099009,22.694,21.976000000000003,21.247,20.6185,77.642276201831,2228165.0,20.344,20.8565,False,False,23.22,59359825.0,47891093.9
2022-05-17,23.03,23.4,22.61,23.04,3318700.0,76296040.0,202000000.0,0.01642920792079208,22.808,22.264000000000003,21.35,20.674166666666668,76.84210503667597,2331720.0,20.402,20.8935,False,False,23.22,76462848.0,50405503.9
2022-05-18,22.99,22.99,22.62,22.87,2294200.0,52491845.0,202000000.0,0.011357425742574258,22.892,22.5,21.4575,20.724333333333334,83.14350770751508,2372525.0,20.459500000000002,20.9655,False,False,23.22,52468354.0,51497610.0
2022-05-19,22.8,23.28,22.51,23.09,2153335.0,49452138.0,202000000.0,0.010660074257425742,23.05,22.681,21.573999999999998,20.7775,82.38095210634928,2414666.75,20.509500000000003,21.0525,False,False,23.22,49720505.15,52623336.2575
2022-05-20,23.2,23.96,23.1,23.92,3042358.0,72678766.0,202000000.0,0.015061178217821783,23.19,22.883,21.729499999999998,20.84733333333333,88.81987551894866,2521719.65,20.564500000000002,21.144,False,False,23.22,72773203.36,55324193.7755
2022-05-23,23.91,25.61,23.91,25.4,4825101.0,121353186.0,202000000.0,0.023886638613861387,23.663999999999998,23.179,21.969,20.937666666666665,91.58730138377433,2709214.7,20.6185,21.247,False,False,23.92,122557565.39999999,60344078.445499994
2022-05-24,25.4,25.79,24.79,24.98,4429301.0,111570012.0,202000000.0,0.021927232673267325,24.052,23.43,22.2025,21.022333333333332,85.0863420421965,2806219.75,20.674166666666668,21.35,False,False,25.4,110643938.98,63348492.79449999
2022-05-25,24.97,25.32,24.89,25.13,2399101.0,60363547.0,202000000.0,0.011876737623762377,24.504,23.698,22.4345,21.110666666666663,83.47826066631389,2817449.8,20.724333333333334,21.4575,False,False,25.4,60289408.129999995,64135187.951
2022-05-26,25.16,25.39,24.96,25.34,1752500.0,44283348.0,202000000.0,0.008675742574257427,24.954,24.002,22.703500000000002,21.204666666666665,82.20973761218431,2786059.8,20.7775,21.573999999999998,False,False,25.4,44408350.0,63980066.051
2022-05-27,25.38,26.09,25.38,25.85,2338200.0,60363398.0,202000000.0,0.011575247524752474,25.34,24.265,22.9775,21.295333333333335,82.109227655456,2832719.8,20.84733333333333,21.729499999999998,False,False,25.4,60442470.0,65571197.051
2022-05-30,25.89,26.69,25.89,26.5,2527700.0,66977319.0,202000000.0,0.012513366336633663,25.560000000000002,24.612000000000002,23.294,21.401333333333334,83.9797637140445,2876274.8,20.937666666666665,21.969,False,False,25.85,66984050.0,67249718.451
2022-05-31,26.5,27.04,26.44,26.98,2744974.0,73613721.0,202000000.0,0.013588980198019802,25.96,25.006,23.634999999999998,21.517666666666667,85.44600920246579,2938298.5,21.022333333333332,22.2025,False,False,26.5,74059398.52,69436152.377
2022-06-01,26.98,27.33,26.28,26.73,3674014.0,98752867.0,202000000.0,0.01818818811881188,26.28,25.392,23.946,21.6265,84.12942971066077,3009314.2,21.110666666666663,22.4345,False,False,26.98,98206394.22,72035302.738
2022-06-02,26.73,27.28,26.29,26.87,3608766.0,96972040.0,202000000.0,0.017865178217821784,26.586000000000002,25.77,24.225500000000004,21.738166666666668,81.96147090237125,3027597.5,21.204666666666665,22.703500000000002,False,False,26.98,96967542.42,73433021.45899999
2022-06-06,26.87,26.88,24.19,24.19,5749600.0,145997842.0,202000000.0,0.028463366336633662,26.254,25.797000000000004,24.34,21.808333333333334,57.073170634265324,3059677.5,21.295333333333335,22.9775,False,False,26.98,139082824.0,74793902.659
2022-06-07,21.77,21.77,21.77,21.77,1146800.0,25069048.0,202000000.0,0.005677227722772277,25.308,25.434,24.3065,21.843833333333333,44.01508005502251,2979747.5,21.401333333333334,23.294,True,False,26.98,24965836.0,72961855.659
2022-06-08,19.59,19.59,19.59,19.59,479300.0,9427831.0,202000000.0,0.002372772277227723,23.830000000000002,24.895000000000003,24.1625,21.83066666666667,37.00475431711041,2879267.5,21.517666666666667,23.634999999999998,True,True,26.98,9389487.0,70635050.859
2022-06-09,17.62,17.62,17.62,17.62,484100.0,8568570.0,202000000.0,0.0023965346534653466,22.008000000000003,24.144,23.921,21.759,30.967292941298382,2787087.5,21.6265,23.946,True,True,26.98,8529842.0,68448699.70899999
2022-06-10,15.86,17.52,15.86,16.66,23653738.0,386404833.0,202000000.0,0.11709771287128713,19.966,23.276000000000003,23.639000000000003,21.671333333333333,24.965517217274666,3849469.4,21.738166666666668,24.225500000000004,True,True,26.98,394071275.08,85469461.963
2022-06-13,15.32,15.9,15.29,15.56,13009200.0,204066563.0,202000000.0,0.0644019801980198,18.240000000000002,22.247,23.256,21.563333333333333,15.15580735041209,4310424.4,21.808333333333334,24.34,True,True,26.98,202423152.0,91190313.463
2022-06-14,15.41,15.69,14.66,15.11,11028545.0,167288378.0,202000000.0,0.054596757425742576,16.908,21.107999999999997,22.860000000000003,21.461666666666666,15.123674896697423,4732976.65,21.843833333333333,24.3065,True,True,26.98,166641314.95,96554387.9605
2022-06-15,15.13,15.63,15.13,15.23,9600900.0,148179904.0,202000000.0,0.04752920792079208,16.036,19.933,22.4695,21.397333333333332,14.94334276138764,5047086.65,21.83066666666667,24.1625,True,True,26.98,146221707.0,100042330.9105
2022-06-16,15.18,15.74,15.02,15.5,7956721.0,122079332.0,202000000.0,0.03938970792079208,15.612,18.810000000000002,22.101,21.36933333333333,15.303243990532764,5330212.7,21.759,23.921,True,True,26.98,123329175.5,103585371.98550001
2022-06-17,15.23,15.6,15.18,15.36,5695800.0,88076343.0,202000000.0,0.0281970297029703,15.352,17.659,21.7145,21.331833333333336,12.020275150739764,5507335.95,21.671333333333333,23.639000000000003,True,True,26.98,87487488.0,105473721.12799999
2022-06-20,15.5,16.01,15.37,15.83,7681400.0,121428853.0,202000000.0,0.038026732673267324,15.406,16.823,21.31,21.279999999999998,10.858400575787428,5739288.05,21.563333333333333,23.256,True,True,26.98,121596562.0,107914889.05999999
2022-06-21,15.73,15.91,15.49,15.65,5122600.0,80602303.0,202000000.0,0.02535940594059406,15.514000000000001,16.211000000000002,20.822499999999998,21.207,7.501875460988288,5754163.0,21.461666666666666,22.860000000000003,True,True,26.98,80168690.0,105795445.29
2022-06-22,15.64,15.86,15.34,15.48,4776138.0,74958534.0,202000000.0,0.023644247524752474,15.563999999999998,15.8,20.3475,21.1355,7.547169803346392,5771504.85,21.397333333333332,22.4695,True,True,26.98,73934616.24,103959979.153
2022-06-23,15.48,15.62,15.22,15.45,3623645.0,55907677.0,202000000.0,0.017938836633663368,15.553999999999998,15.582999999999998,19.863500000000002,21.06766666666667,6.544901058475759,5832732.05,21.36933333333333,22.101,True,True,26.98,55985315.25,103744774.50899999
2022-06-24,15.46,15.58,15.28,15.33,4012700.0,62070380.0,202000000.0,0.019864851485148514,15.547999999999998,15.45,19.363,20.99683333333333,8.128544412684363,5945742.05,21.331833333333336,21.7145,True,True,26.98,61514691.0,104600091.55899999
2022-06-27,15.33,15.4,15.15,15.28,3818400.0,58581589.0,202000000.0,0.018902970297029704,15.437999999999999,15.422,18.8345,20.922666666666665,10.475030432807515,6019752.05,21.279999999999998,21.31,True,True,26.98,58345152.0,104495225.659
2022-06-28,15.25,15.39,15.13,15.35,3830067.0,58746360.0,202000000.0,0.018960727722772276,15.378,15.446000000000002,18.277,20.831166666666665,15.24590160435369,6084870.4,21.207,20.822499999999998,True,True,26.98,58791528.449999996,104085599.5815
2022-06-29,15.35,15.41,15.06,15.11,3898080.0,59625011.0,202000000.0,0.01929742574257426,15.303999999999998,15.433999999999997,17.683500000000002,20.737833333333334,21.281464462713856,6142525.7,21.1355,20.3475,True,True,26.98,58899988.8,103327629.09549999
2022-06-30,15.11,15.26,15.02,15.08,2559200.0,38843984.0,202000000.0,0.01266930693069307,15.23,15.392,17.101,20.628,27.034883610904572,6086785.0,21.06766666666667,19.863500000000002,True,True,26.87,38592736.0,100346946.1845
2022-07-01,15.1,15.37,14.96,15.26,3854713.0,58919036.0,202000000.0,0.019082737623762377,15.216,15.382,16.5205,20.519333333333332,44.047618802910044,6099082.35,20.99683333333333,19.363,True,True,26.87,58822920.38,98439715.08250001
2022-07-04,15.33,15.42,15.08,15.2,2862033.0,43715973.0,202000000.0,0.014168480198019803,15.2,15.318999999999999,16.070999999999998,20.410666666666668,52.1126757138134,5954704.0,20.922666666666665,18.8345,True,True,24.19,43502901.6,93660718.9625
2022-07-05,15.13,15.29,15.09,15.16,2658133.0,40537981.0,202000000.0,0.013159074257425742,15.162,15.27,15.7405,20.30116666666667,48.292682597025575,6030270.65,20.831166666666665,18.277,True,True,21.77,40297296.28,94427291.9765
2022-07-06,15.16,15.18,14.75,14.86,3080916.0,45960701.0,202000000.0,0.015252059405940594,15.112,15.207999999999998,15.504000000000001,20.186666666666667,34.615384382396456,6160351.45,20.737833333333334,17.683500000000002,True,True,19.59,45782411.76,96246938.2145
2022-07-07,14.86,15.28,14.8,15.21,3393661.0,51569232.0,202000000.0,0.01680030198019802,15.138,15.184000000000001,15.383500000000002,20.09,46.72489054404,6305829.5,20.628,17.101,True,True,17.62,51617583.81,98401325.30499999
2022-07-08,15.93,16.25,15.5,15.57,8033107.0,127705034.0,202000000.0,0.03976785643564357,15.2,15.207999999999998,15.328999999999999,20.00683333333333,44.03669696490196,5524797.95,20.519333333333332,16.5205,True,True,16.66,125075475.99000001,84951535.3505
2022-07-11,15.57,15.91,15.43,15.67,4679800.0,73717203.0,202000000.0,0.023167326732673268,15.294,15.247,15.3345,19.9115,50.47619013968253,5108327.95,20.410666666666668,16.070999999999998,False,True,15.83,73332466.0,78497001.0505
2022-07-12,15.53,15.67,15.09,15.12,3961897.0,61176337.0,202000000.0,0.019613351485148516,15.286000000000001,15.224,15.334999999999999,19.814,42.74193524258583,4754995.55,20.30116666666667,15.7405,False,False,15.83,59903882.64,73160129.43499999
2022-07-13,15.1,15.32,15.02,15.26,2411790.0,36867108.0,202000000.0,0.011939554455445544,15.366,15.238999999999999,15.336500000000001,19.718666666666664,46.332046081602854,4395540.05,20.186666666666667,15.504000000000001,True,False,15.83,36803915.4,67689239.85499999
2022-07-14,15.32,15.32,15.05,15.09,2410000.0,36623768.0,202000000.0,0.011930693069306931,15.341999999999999,15.24,15.315999999999999,19.624833333333335,45.45454521349862,4118204.0,20.09,15.383500000000002,True,True,15.83,36366900.0,63341126.08
2022-07-15,15.09,15.22,14.74,14.83,3118800.0,46663423.0,202000000.0,0.01543960396039604,15.193999999999999,15.197,15.2895,19.526,42.10526295106188,3989354.0,20.00683333333333,15.328999999999999,True,True,15.83,46251804.0,61279341.879999995
2022-07-18,14.84,15.48,14.84,15.31,4764500.0,73143935.0,202000000.0,0.023586633663366337,15.122,15.207999999999998,15.263500000000002,19.43433333333333,49.3865028553954,3843509.0,19.9115,15.3345,True,True,15.83,72944495.0,58846738.529999994
2022-07-19,15.48,15.48,15.13,15.36,2906900.0,44657876.0,202000000.0,0.01439059405940594,15.169999999999998,15.228,15.248999999999999,19.346833333333336,54.071660991204155,3732724.0,19.814,15.334999999999999,False,True,15.67,44649984.0,57070803.23
2022-07-20,15.36,15.44,15.24,15.25,2492895.0,38331436.0,202000000.0,0.012341064356435644,15.168000000000001,15.267000000000001,15.2375,19.2625,52.698412464197524,3618561.85,19.718666666666664,15.336500000000001,False,False,15.67,38016648.75,55274904.8555
2022-07-21,15.29,15.36,15.01,15.04,2712900.0,41227004.0,202000000.0,0.01343019801980198,15.158000000000001,15.25,15.216999999999999,19.171666666666667,46.54088029824769,3573024.6,19.624833333333335,15.315999999999999,False,False,15.67,40802016.0,54515739.89299999
2022-07-22,15.03,15.42,15.03,15.19,3952000.0,60560627.0,202000000.0,0.019564356435643564,15.23,15.212,15.209999999999999,19.09216666666667,49.84709458781061,3569989.6,19.526,15.2895,True,False,15.67,60030880.0,54441549.342999995
2022-07-25,15.31,15.51,14.9,14.97,4138900.0,62970304.0,202000000.0,0.02048960396039604,15.162,15.142,15.194500000000001,19.002166666666668,47.24637661986978,3586014.6,19.43433333333333,15.263500000000002,True,True,15.67,61959333.0,54622258.39299999
2022-07-26,14.97,15.36,14.74,15.3,4220900.0,64045023.0,202000000.0,0.020895544554455445,15.15,15.16,15.191999999999998,18.921,56.32183885387767,3605556.25,19.346833333333336,15.248999999999999,True,True,15.67,64579770.0,54911670.47050001
2022-07-27,15.38,15.38,15.05,15.12,2503600.0,38164456.0,202000000.0,0.012394059405940594,15.124,15.146,15.192499999999999,18.837,48.64048317795564,3535832.25,19.2625,15.2375,False,True,15.67,37854432.0,53859392.630499996
2022-07-28,15.13,15.25,15.04,15.05,2311700.0,35132997.0,202000000.0,0.011444059405940595,15.126,15.142,15.190999999999999,18.746,41.390728284943656,3523457.25,19.171666666666667,15.216999999999999,True,False,15.67,34791085.0,53669310.0805
2022-07-29,15.05,15.16,14.87,14.9,2454100.0,36926584.0,202000000.0,0.012149009900990099,15.068000000000001,15.149000000000001,15.173000000000002,18.639666666666667,37.45928321679806,3453426.6,19.09216666666667,15.209999999999999,True,True,15.67,36566090.0,52556468.5615
2022-08-01,14.95,14.99,14.77,14.78,2403050.0,35777396.0,202000000.0,0.011896287128712872,15.030000000000001,15.096,15.152000000000001,18.521,43.56060582960285,3430477.45,19.002166666666668,15.194500000000001,True,True,15.67,35517079.0,52157177.4315
2022-08-02,14.8,14.8,13.3,13.59,5465900.0,76036494.0,202000000.0,0.027058910891089107,14.687999999999999,14.919,15.0735,18.373499999999996,27.37127360888948,3570865.8,18.921,15.191999999999998,True,True,15.67,74281581.0,53856391.6675
2022-08-03,13.74,14.44,13.65,13.9,4097695.0,58020024.0,202000000.0,0.02028561881188119,14.443999999999999,14.784,15.0255,18.230666666666664,34.464751832243735,3621704.75,18.837,15.192499999999999,True,True,15.67,56957960.5,54415169.104499996
2022-08-04,13.77,14.21,13.77,14.19,3070100.0,43227329.0,202000000.0,0.015198514851485148,14.272,14.699000000000002,14.9745,18.093,41.70984440830625,3605526.7,18.746,15.190999999999999,True,True,15.67,43564719.0,54012525.864
2022-08-05,14.36,14.36,13.8,14.0,2782153.0,38999678.0,202000000.0,0.013773034653465346,14.092000000000002,14.580000000000002,14.896,17.954666666666665,31.652660940297665,3342979.0,18.639666666666667,15.173000000000002,True,True,15.67,38950142.0,49706259.164500006
2022-08-08,13.95,14.14,13.84,13.93,2560700.0,35945270.0,202000000.0,0.012676732673267327,13.922,14.475999999999999,14.809000000000001,17.799833333333332,30.083565342292516,3237024.0,18.521,15.152000000000001,True,True,15.67,35670551.0,47823163.4145
2022-08-09,13.95,14.07,13.76,13.89,2359100.0,32946271.0,202000000.0,0.011678712871287128,13.982,14.334999999999999,14.747499999999999,17.647499999999997,30.681818059788228,3156884.15,18.373499999999996,15.0735,True,True,15.36,32767899.0,46466364.2325
2022-08-10,13.9,13.97,13.58,13.78,3117900.0,42995690.0,202000000.0,0.015435148514851485,13.957999999999998,14.200999999999999,14.673499999999999,17.493166666666664,31.578947239150523,3192189.65,18.230666666666664,15.0255,True,True,15.36,42964662.0,46774401.5625
2022-08-11,13.78,13.94,13.69,13.75,5413000.0,75030070.0,202000000.0,0.026797029702970297,13.87,14.071000000000002,14.6065,17.341166666666666,28.181818062258955,3342339.65,18.093,14.9745,True,True,15.36,74428750.0,48677494.0625
2022-08-12,13.74,13.79,13.55,13.6,3795162.0,52079630.0,202000000.0,0.018787930693069308,13.790000000000001,13.940999999999999,14.544999999999998,17.183,28.792569534645196,3376157.75,17.954666666666665,14.896,True,True,15.36,51614203.199999996,48945614.02249999
2022-08-15,13.52,13.86,13.39,13.75,3535000.0,48362650.0,202000000.0,0.0175,13.754,13.838,14.466999999999999,17.0135,24.590163821553332,3314682.75,17.799833333333332,14.809000000000001,True,True,15.36,48606250.0,47728701.77249999
2022-08-16,13.67,15.12,13.66,14.8,12932000.0,189898001.0,202000000.0,0.06401980198019802,13.936000000000002,13.959,14.439000000000002,16.836833333333335,45.91836718294462,3815937.75,17.647499999999997,14.747499999999999,True,True,15.36,191393600.0,55065882.572500005
2022-08-17,14.82,15.12,14.47,14.55,7711667.0,113777309.0,202000000.0,0.03817656930693069,14.09,14.024000000000001,14.404000000000002,16.663,43.90243887447948,4076876.35,17.493166666666664,14.673499999999999,False,True,15.3,112204754.85000001,58775287.8775
2022-08-18,14.49,15.0,14.33,14.86,5680100.0,83996157.0,202000000.0,0.028119306930693068,14.312000000000001,14.091,14.395,16.491833333333332,49.53051626914852,4225236.35,17.341166666666666,14.6065,False,False,15.3,84406286.0,60955501.3775
2022-08-19,14.89,15.03,14.55,14.6,3587300.0,52809199.0,202000000.0,0.017758910891089108,14.512,14.151000000000002,14.3655,16.312833333333334,47.95454530196281,4207001.35,17.183,14.544999999999998,False,False,15.3,52374580.0,60572686.3775
2022-08-22,14.61,14.71,14.38,14.47,2401500.0,34950463.0,202000000.0,0.011888613861386139,14.656,14.205000000000002,14.3405,16.12316666666667,63.17365242981106,4120131.35,17.0135,14.466999999999999,False,False,15.3,34749705.0,59212204.9775
2022-08-23,14.39,14.57,14.34,14.47,2428800.0,35226155.0,202000000.0,0.012023762376237623,14.59,14.263000000000002,14.299000000000001,15.922666666666666,59.40594031957652,4030526.35,16.836833333333335,14.439000000000002,False,False,15.3,35144736.0,57740453.277499996
2022-08-24,14.47,14.99,14.39,14.6,5029300.0,73983148.0,202000000.0,0.024897524752475246,14.6,14.345000000000002,14.273000000000001,15.716333333333333,57.14285686411151,4156811.35,16.663,14.404000000000002,False,False,15.12,73427780.0,59519120.677499995
2022-08-25,14.6,14.67,13.96,14.29,3871867.0,55408696.0,202000000.0,0.019167658415841584,14.486,14.399000000000001,14.235,15.508999999999999,54.84949807093879,4234819.7,16.491833333333332,14.395,False,False,15.05,55328979.43,60546015.399000004
2022-08-26,14.32,14.39,14.04,14.14,2354800.0,33590885.0,202000000.0,0.011657425742574258,14.394,14.453,14.197,15.296833333333334,53.42019519612943,4229854.7,16.312833333333334,14.3655,False,False,14.9,33296872.0,60382554.499
2022-08-29,14.03,14.39,13.6,14.39,2731053.0,38802587.0,202000000.0,0.013520064356435643,14.378,14.517,14.1775,15.1335,57.62195097356486,4246254.85,16.12316666666667,14.3405,True,False,14.86,39299852.67,60571693.18249999
2022-08-30,14.36,14.46,13.95,14.12,2442800.0,34653071.0,202000000.0,0.012093069306930692,14.307999999999998,14.449000000000002,14.204000000000002,15.006,54.941860241515684,4095099.85,15.922666666666666,14.299000000000001,False,True,14.86,34492336.0,58582230.93249999
2022-08-31,13.98,14.11,13.54,13.57,3805400.0,52331508.0,202000000.0,0.01883861386138614,14.102,14.350999999999999,14.1875,14.905666666666667,47.72727255853995,4080485.1,15.716333333333333,14.273000000000001,True,False,14.86,51639278.0,58316296.80749999
2022-09-01,13.62,13.81,13.49,13.49,2040575.0,27879821.0,202000000.0,0.010101856435643564,13.941999999999998,14.214000000000002,14.1525,14.836833333333335,48.58611807706796,4029008.85,15.508999999999999,14.235,True,True,14.86,27527356.75,57514428.69499999
2022-09-02,13.49,13.63,13.43,13.57,1590469.0,21593289.0,202000000.0,0.007873608910891089,13.828,14.111,14.131,14.785333333333334,47.643978882980186,3969424.65,15.296833333333334,14.197,True,True,14.86,21582664.330000002,56646054.8115
2022-09-05,13.57,13.8,13.48,13.67,2160143.0,29611298.0,202000000.0,0.010693777227722773,13.684000000000001,14.031,14.118,14.753833333333334,30.313588702303008,3949396.8,15.1335,14.1775,True,True,14.86,29529154.81,56338985.002
2022-09-06,13.89,13.89,13.52,13.65,1856400.0,25390076.0,202000000.0,0.00919009900990099,13.59,13.949000000000002,14.106,14.7295,32.95454527978646,3924261.8,15.006,14.204000000000002,True,True,14.86,25339860.0,55967583.052
2022-09-07,13.61,13.71,13.49,13.6,1995337.0,27179241.0,202000000.0,0.009877905940594059,13.596,13.849,14.097000000000003,14.702333333333334,23.52941162629756,3868133.65,14.905666666666667,14.1875,True,True,14.86,27136583.2,55176179.112
2022-09-08,13.6,13.63,13.31,13.33,2108900.0,28432958.0,202000000.0,0.01044009900990099,13.564000000000002,13.753,14.076000000000002,14.666166666666667,23.430962205843713,3702928.65,14.836833333333335,14.1525,True,True,14.86,28111637.0,52860323.462
2022-09-09,13.34,13.41,13.13,13.16,1951400.0,25857543.0,202000000.0,0.00966039603960396,13.482,13.655000000000001,14.053999999999998,14.6295,23.045267356940812,3610740.55,14.785333333333334,14.131,True,True,14.86,25680424.0,51563634.502000004
2022-09-13,13.23,13.48,13.18,13.34,1988300.0,26553285.0,202000000.0,0.009843069306930694,13.416,13.55,14.0335,14.588000000000001,28.35249026937359,3533405.55,14.753833333333334,14.118,True,True,14.86,26523922.0,50459518.102000006
2022-09-14,13.08,13.2,12.82,12.86,2937067.0,38264740.0,202000000.0,0.014539935643564357,13.258,13.424000000000001,13.9365,14.541500000000001,20.608108010637324,3033658.9,14.7295,14.106,True,True,14.86,37770681.62,42778372.183000006
2022-09-15,12.96,12.99,12.15,12.38,4548100.0,56948332.0,202000000.0,0.022515346534653466,13.014000000000001,13.305000000000001,13.828,14.489833333333335,19.48881780420338,2875480.55,14.702333333333334,14.097000000000003,True,True,14.86,56305478.0,39983408.340500005
2022-09-16,12.38,12.42,11.95,11.97,2577400.0,31358063.0,202000000.0,0.012759405940594059,12.742,13.153,13.6835,14.431833333333334,17.994100220673317,2720345.55,14.666166666666667,14.076000000000002,True,True,14.86,30851478.0,37305667.940500006
2022-09-19,12.03,12.75,11.74,12.31,5019034.0,61562689.0,202000000.0,0.02484670297029703,12.572,13.027000000000001,13.568999999999999,14.381499999999999,20.114942447813434,2791932.25,14.6295,14.053999999999998,True,True,14.6,61784308.54,37776154.3675
2022-09-20,12.29,12.55,12.29,12.47,3479801.0,43338553.0,202000000.0,0.017226737623762377,12.398,12.907,13.469,14.334666666666667,25.51928772781305,2845847.3,14.588000000000001,14.0335,True,True,14.6,43393118.47,38208325.041
2022-09-21,12.5,12.78,12.27,12.61,2608657.0,32988249.0,202000000.0,0.012914143564356436,12.347999999999999,12.803,13.376,14.288999999999998,33.78378362399559,2854840.15,14.541500000000001,13.9365,True,True,14.6,32895164.77,38095846.4795
2022-09-22,12.55,13.16,12.53,12.86,3393168.0,43931663.0,202000000.0,0.016797861386138615,12.443999999999999,12.729000000000001,13.289000000000001,14.251499999999998,39.936102057793775,2773033.55,14.489833333333335,13.828,True,True,14.6,43636140.48,36606264.5035
2022-09-23,12.83,13.18,12.65,12.99,3190169.0,41368205.0,202000000.0,0.015792915841584158,12.648,12.695,13.224,14.216666666666667,40.88050296467703,2738948.65,14.431833333333334,13.6835,True,True,14.39,41440295.31,35911830.2975
2022-09-26,12.96,14.3,12.92,14.3,7869167.0,110164748.0,202000000.0,0.03895627227722772,13.046000000000001,12.809000000000001,13.232,14.200666666666669,57.175398450921286,3014667.0,14.381499999999999,13.568999999999999,True,True,14.39,112529088.10000001,39873441.1025
2022-09-27,14.49,14.93,13.94,14.11,12040782.0,173055013.0,202000000.0,0.059607831683168314,13.374,12.886000000000001,13.218,14.182500000000001,55.043859480128496,3480153.45,14.334666666666667,13.469,False,True,14.39,169895434.01999998,46403220.17
2022-09-28,14.29,14.97,13.96,14.66,12078795.0,176970585.0,202000000.0,0.05979601485148515,13.784,13.065999999999999,13.245000000000001,14.174166666666668,60.47430813307504,3961953.2,14.288999999999998,13.376,False,False,14.3,177075134.7,53532360.105
2022-09-29,14.46,14.65,14.18,14.32,7146988.0,103499625.0,202000000.0,0.03538112871287129,14.076000000000002,13.26,13.282499999999999,14.165166666666666,59.64912264423241,4129032.6,14.251499999999998,13.289000000000001,False,False,14.66,102344868.16,56067639.613
2022-09-30,14.26,14.79,14.22,14.33,5873448.0,85581496.0,202000000.0,0.02907647524752475,14.344,13.496,13.3245,14.1505,61.770623568452976,4320676.25,14.216666666666667,13.224,False,False,14.66,84166509.84,58899597.2675
2022-10-10,14.42,14.77,14.34,14.59,5838423.0,85490642.0,202000000.0,0.028903084158415842,14.401999999999997,13.724,13.375499999999999,14.134166666666667,62.376237450838154,4533073.95,14.200666666666669,13.232,False,False,14.66,85182591.57,62079593.62950001
2022-10-11,14.55,14.59,14.19,14.39,3868778.0,55709810.0,202000000.0,0.019152366336633662,14.457999999999998,13.916,13.4115,14.112833333333333,66.03773565523517,4618505.7,14.182500000000001,13.218,False,False,14.66,55671715.42,63386721.65999999
2022-10-12,14.41,14.5,13.75,14.46,4610669.0,65643803.0,202000000.0,0.02282509405940594,14.418000000000001,14.100999999999999,13.452000000000002,14.101833333333333,73.85321077203096,4756219.15,14.174166666666668,13.245000000000001,False,False,14.66,66670273.74,65453242.34699999
2022-10-13,14.61,14.99,14.46,14.64,7185331.0,106441415.0,202000000.0,0.03557094554455446,14.482,14.279000000000002,13.504,14.0915,82.32445492674518,5015718.85,14.165166666666666,13.282499999999999,False,False,14.66,105193245.84,69356075.479
2022-10-14,14.63,14.73,14.41,14.63,4648124.0,67886298.0,202000000.0,0.02301051485148515,14.542000000000002,14.443000000000001,13.568999999999999,14.083833333333335,80.52631549279778,5142680.05,14.1505,13.3245,False,False,14.66,68002054.12,71350596.33500001
2022-10-17,14.64,15.42,14.45,15.16,8065384.0,122189046.0,202000000.0,0.039927643564356435,14.656,14.529,13.669,14.089333333333334,82.25419636653267,5448379.25,14.134166666666667,13.375499999999999,False,False,14.66,122271221.44,76180136.207
2022-10-18,15.08,15.37,14.58,14.68,6242924.0,93768319.0,202000000.0,0.030905564356435645,14.714000000000002,14.586000000000002,13.736,14.078833333333332,72.94900199084566,5661110.45,14.112833333333333,13.4115,False,False,15.16,91646124.32,79436246.323
2022-10-19,14.64,14.77,14.12,14.49,4788745.0,69164959.0,202000000.0,0.023706658415841585,14.719999999999999,14.568999999999999,13.8175,14.064333333333334,68.31460652665068,5753694.35,14.101833333333333,13.452000000000002,False,False,15.16,69388915.05,81017157.9945
2022-10-20,14.39,14.58,13.86,14.13,4110900.0,58073655.0,202000000.0,0.0203509900990099,14.618,14.55,13.905000000000001,14.045666666666667,62.17948699348018,5731834.35,14.0915,13.504,False,False,15.16,58087017.0,81106234.9445
2022-10-21,13.88,14.22,12.94,13.21,6300697.0,85385812.0,202000000.0,0.03119156930693069,14.334,14.437999999999999,13.966999999999999,14.015166666666666,37.29603717432528,5917999.2,14.083833333333335,13.568999999999999,False,False,15.16,83232207.37,83725271.413
2022-10-24,13.24,14.54,13.23,14.26,9951180.0,143141558.0,202000000.0,0.049263267326732675,14.154000000000002,14.405000000000001,14.064499999999999,13.999666666666666,51.456310539730424,6164606.5,14.089333333333334,13.669,True,False,15.16,141903826.8,87731247.326
2022-10-25,14.13,14.49,13.54,13.71,9224525.0,128992953.0,202000000.0,0.04566596534653465,13.960000000000003,14.337,14.126500000000002,13.978666666666667,40.77669891827693,6451842.7,14.078833333333332,13.736,False,True,15.16,126468237.75000001,91885003.28999999
2022-10-26,13.71,13.99,13.47,13.64,4412800.0,60802886.0,202000000.0,0.021845544554455445,13.790000000000001,14.255,14.178,13.951,43.03278676179118,6542049.85,14.064333333333334,13.8175,True,False,15.16,60190592.0,93249774.6515
2022-10-27,13.84,13.85,13.32,13.35,3093500.0,41862288.0,202000000.0,0.015314356435643564,13.634,14.126,14.2025,13.921500000000002,40.503875859098,6527066.45,14.045666666666667,13.905000000000001,True,True,15.16,41298225.0,93132878.8775
2022-10-28,13.53,13.54,12.71,12.74,3236900.0,42296641.0,202000000.0,0.016024257425742573,13.540000000000001,13.937000000000001,14.189999999999998,13.883000000000001,33.21234111343506,6529403.0,14.015166666666666,13.966999999999999,True,True,15.16,41238106.0,93122769.412
2022-10-31,12.74,13.18,12.69,12.81,3445686.0,44660571.0,202000000.0,0.017057851485148514,13.25,13.702000000000002,14.1155,13.848166666666666,35.31598503821118,6308228.95,13.999666666666666,14.064499999999999,True,True,15.16,44139237.660000004,89703276.89
2022-11-01,12.81,13.07,12.73,12.96,2906900.0,37716594.0,202000000.0,0.01439059405940594,13.1,13.530000000000001,14.058000000000002,13.817833333333335,36.263736170752324,5851534.85,13.978666666666667,14.126500000000002,True,True,15.16,37673424.0,83092176.38900001
2022-11-02,12.97,13.11,12.8,13.1,2797800.0,36427142.0,202000000.0,0.013850495049504951,12.992,13.391,13.979999999999999,13.809666666666667,35.79335784112415,5387485.1,13.951,14.178,True,True,15.16,36651180.0,76070978.65400001
2022-11-03,13.04,14.42,12.95,14.42,7240500.0,102708866.0,202000000.0,0.03584405940594059,13.206,13.420000000000002,13.985,13.818333333333333,48.439821593141524,5392160.7,13.921500000000002,14.2025,True,True,15.16,104408010.0,76174135.746
2022-11-04,14.72,15.12,14.34,14.4,16552948.0,242610603.0,202000000.0,0.08194528712871287,13.538,13.538999999999998,13.988499999999998,13.821833333333332,43.89067514236825,5926135.7,13.883000000000001,14.189999999999998,False,True,15.16,238362451.20000002,83883932.81400001
2022-11-07,14.38,14.62,14.14,14.45,10784188.0,156140202.0,202000000.0,0.05338706930693069,13.866,13.558000000000002,13.9815,13.829333333333333,48.013816809638435,6173423.95,13.848166666666666,14.1155,False,False,15.16,155831516.6,87416379.06549999
2022-11-08,14.43,14.63,14.24,14.54,6080685.0,88326123.0,202000000.0,0.03010240099009901,14.181999999999999,13.641,13.988999999999999,13.8395,50.439367186968155,6284019.3,13.817833333333335,14.058000000000002,False,False,15.16,88413159.89999999,89053451.28950001
2022-11-09,14.69,14.73,14.16,14.35,4406400.0,63409797.0,202000000.0,0.021813861386138615,14.431999999999999,13.712,13.983500000000001,13.847166666666668,51.992753491322716,6273805.85,13.809666666666667,13.979999999999999,False,False,15.16,63231840.0,88881529.6025
2022-11-10,14.36,14.4,14.01,14.16,4109100.0,58276037.0,202000000.0,0.02034207920792079,14.379999999999999,13.793000000000001,13.9595,13.8535,59.916492517989376,6119994.3,13.818333333333333,13.985,False,False,15.16,58184856.0,86531110.11050001
2022-11-11,14.35,14.42,14.04,14.04,4123500.0,58771155.0,202000000.0,0.020413366336633664,14.307999999999998,13.922999999999998,13.930000000000001,13.858333333333336,47.1502588963462,6093763.1,13.821833333333332,13.988499999999998,False,False,15.16,57893940.0,86025704.40450001
2022-11-14,14.02,14.02,13.55,13.63,4192900.0,57845291.0,202000000.0,0.020756930693069307,14.144,14.004999999999999,13.8535,13.858833333333335,48.92473099867036,5900138.9,13.829333333333333,13.9815,False,False,15.16,57149227.0,82769604.6825
2022-11-15,13.61,13.91,13.61,13.91,3009300.0,41609078.0,202000000.0,0.014897524752475248,14.018,14.1,13.815000000000001,13.861500000000001,53.4351143134627,5738457.7,13.8395,13.988999999999999,True,False,14.68,41859363.0,80280266.6165
2022-11-16,13.91,14.09,13.73,13.78,2202500.0,30608383.0,202000000.0,0.010903465346534653,13.904,14.168000000000001,13.779499999999999,13.8445,55.702917565028955,5609145.45,13.847166666666668,13.983500000000001,False,True,14.54,30350450.0,78328343.36400001
2022-11-17,13.83,13.94,13.56,13.89,2531565.0,34938444.0,202000000.0,0.0125325,13.85,14.115,13.767499999999998,13.833499999999999,67.58409756997636,5530178.7,13.8535,13.9595,False,False,14.54,35163437.85,77182164.40650001
2022-11-18,13.93,15.28,13.92,14.39,12734706.0,187590636.0,202000000.0,0.06304309900990099,13.919999999999998,14.113999999999999,13.826500000000001,13.825666666666667,71.35135108137328,5851879.15,13.858333333333336,13.930000000000001,False,False,14.54,183252419.34,82183175.005
2022-11-21,14.38,14.58,14.15,14.32,6956393.0,100211205.0,202000000.0,0.03443758910891089,14.058000000000002,14.100999999999999,13.829500000000001,13.821,68.78453012072282,5702139.8,13.858833333333335,13.8535,False,False,14.54,99615547.76,80068761.053
2022-11-22,14.3,14.34,13.97,14.03,4128180.0,58600427.0,202000000.0,0.020436534653465347,14.081999999999999,14.05,13.845499999999998,13.813666666666666,62.33421727515145,5447322.55,13.861500000000001,13.815000000000001,False,False,14.54,57918365.4,76641267.4355
2022-11-23,14.23,14.58,13.55,14.38,7202241.0,101859903.0,202000000.0,0.03565465841584158,14.202000000000002,14.053,13.882499999999999,13.812166666666666,49.28571403928573,5586794.6,13.8445,13.779499999999999,False,False,14.54,103568225.58,78810149.1145
2022-11-24,14.39,15.25,14.24,15.03,12264731.0,183703233.0,202000000.0,0.0607164900990099,14.430000000000001,14.14,13.9665,13.819333333333333,59.18367322782173,6045356.15,13.833499999999999,13.767499999999998,False,False,14.54,184338906.92999998,85962183.211
2022-11-25,15.27,15.36,14.67,14.69,7268080.0,109402952.0,202000000.0,0.03598059405940594,14.49,14.205000000000002,14.064000000000002,13.826,53.22580625130074,6246915.15,13.825666666666667,13.826500000000001,False,False,15.03,106768095.2,89238682.671
2022-11-28,14.7,14.99,14.44,14.67,4371565.0,64830382.0,202000000.0,0.02164141089108911,14.559999999999999,14.309000000000001,14.157000000000002,13.834833333333332,51.78082171919686,6293209.1,13.821,13.829500000000001,False,False,15.03,64130858.55,90238263.7155
2022-11-29,14.64,15.17,14.62,15.07,5702254.0,86159366.0,202000000.0,0.028228980198019803,14.768,14.425,14.2625,13.846166666666667,59.32642465529277,6432976.8,13.813666666666666,13.845499999999998,False,False,15.03,85932967.78,92651240.9045
2022-11-30,15.02,16.25,15.02,15.99,10725900.0,170722439.0,202000000.0,0.053098514851485146,15.09,14.646,14.407000000000002,13.877333333333333,69.93464030956754,6829381.8,13.812166666666666,13.882499999999999,False,False,15.07,171507141.0,99394038.95449999
2022-12-01,16.0,16.51,15.78,15.96,8641515.0,139441733.0,202000000.0,0.04277977722772277,15.276,14.853,14.484,13.917166666666667,71.33333311140743,6899432.55,13.819333333333333,13.9665,False,False,15.99,137918579.4,101069567.4245
2022-12-02,15.96,16.57,15.81,16.24,5947825.0,97192542.0,202000000.0,0.029444678217821783,15.586000000000002,15.038,14.575999999999999,13.963,79.86269997297988,6369176.4,13.826,14.064000000000002,False,False,15.99,96592677.99999999,93981078.76449999
2022-12-05,16.34,17.02,16.14,16.73,7078525.0,117789230.0,202000000.0,0.03504220297029703,15.998,15.279,14.689999999999998,14.015666666666666,80.78602595392917,6183893.25,13.834833333333332,14.157000000000002,False,False,16.24,118423723.25,92110689.097
2022-12-06,16.68,17.07,16.43,16.87,4466900.0,75210177.0,202000000.0,0.022113366336633664,16.357999999999997,15.562999999999999,14.8065,14.068999999999999,83.66013046378174,6103204.0,13.846166666666667,14.2625,False,False,16.73,75356603.0,91457861.252
2022-12-07,16.84,18.4,16.66,17.66,9730800.0,173639027.0,202000000.0,0.04817227722772277,16.692,15.891,14.972,14.135833333333332,85.7685007209186,6369424.0,13.877333333333333,14.407000000000002,False,False,16.87,171845928.0,96888565.652
2022-12-08,17.83,17.97,17.4,17.7,5415300.0,96080184.0,202000000.0,0.02680841584158416,17.04,16.157999999999998,15.149000000000001,14.204166666666667,84.40748416180773,6434734.0,13.917166666666667,14.484,False,False,17.66,95850810.0,98771863.352
2022-12-09,17.67,18.36,17.43,18.08,7113008.0,129180669.0,202000000.0,0.03521291089108911,17.408,16.497,15.350999999999999,14.283333333333333,86.71874976287842,6584209.4,13.963,14.575999999999999,False,False,17.7,128603184.63999999,102307325.58399999
2022-12-12,18.12,18.12,17.13,17.22,7289480.0,127446367.0,202000000.0,0.03608653465346535,17.506,16.752000000000002,15.5305,14.350999999999999,78.03163425440373,6739038.4,14.015666666666666,14.689999999999998,False,False,18.08,125524845.6,105726106.514
2022-12-13,17.23,17.4,16.93,16.97,3483250.0,59748050.0,202000000.0,0.01724381188118812,17.526,16.942,15.683499999999999,14.411499999999998,73.16636833196259,6762735.9,14.068999999999999,14.8065,False,False,18.08,59110752.49999999,106588675.989
2022-12-14,16.87,17.13,16.39,16.52,4350800.0,72793853.0,202000000.0,0.021538613861386138,17.298,16.994999999999997,15.820500000000001,14.472499999999998,63.82189222754983,6870150.9,14.135833333333332,14.972,False,False,18.08,71875216.0,108664914.28899999
2022-12-15,16.69,16.97,16.41,16.8,2631300.0,44250578.0,202000000.0,0.013026237623762376,17.118000000000002,17.079,15.966000000000003,14.546166666666666,69.7936208298104,6875137.65,14.204166666666667,15.149000000000001,False,False,18.08,44205840.0,109117034.39649999
2022-12-16,16.89,16.89,16.29,16.46,1752600.0,29021155.0,202000000.0,0.008676237623762377,16.794,17.101000000000003,16.069499999999998,14.621,65.84070780145666,6326032.35,14.283333333333333,15.350999999999999,False,False,18.08,28847796.0,101396803.22950001
2022-12-19,16.72,16.72,15.65,15.8,2642600.0,42370338.0,202000000.0,0.013082178217821783,16.509999999999998,17.008,16.1435,14.679166666666667,56.175972794168594,6110342.7,14.350999999999999,15.5305,False,False,18.08,41753080.0,98503679.84150001
2022-12-20,15.89,16.07,15.12,15.94,2137900.0,33962523.0,202000000.0,0.010583663366336633,16.304,16.915,16.239,14.736999999999998,49.512670430179845,6010828.7,14.411499999999998,15.683499999999999,True,False,18.08,34078126.0,97311667.8715
2022-12-21,15.97,16.03,15.42,15.57,1567600.0,24577414.0,202000000.0,0.00776039603960396,16.114,16.706,16.2985,14.786333333333335,46.43510042959937,5729096.65,14.472499999999998,15.820500000000001,True,True,18.08,24407532.0,93353633.19250001
2022-12-22,15.64,15.64,15.04,15.12,1888000.0,28938520.0,202000000.0,0.009346534653465346,15.778,16.448,16.303,14.824000000000002,40.07092188634878,5210260.1,14.546166666666666,15.966000000000003,True,True,18.08,28546560.0,85564015.846
2022-12-23,15.27,15.31,14.85,15.07,1719000.0,25999447.0,202000000.0,0.00850990099009901,15.5,16.147,16.322,14.858666666666666,34.03846144681951,4932806.1,14.621,16.069499999999998,True,True,18.08,25905330.0,81520877.586
2022-12-26,15.36,15.68,15.1,15.53,1796432.0,27974260.0,202000000.0,0.008893227722772278,15.446000000000002,15.978,16.365,14.879166666666666,37.862318744552056,4804049.45,14.679166666666667,16.1435,True,True,18.08,27898588.959999997,79709264.1065
2022-12-27,15.51,15.61,14.98,15.04,1872032.0,28507861.0,202000000.0,0.009267485148514852,15.266,15.785,16.3635,14.894666666666666,24.904214492594022,4612538.35,14.736999999999998,16.239,True,True,18.08,28155361.279999997,76820383.78150001
2022-12-28,14.91,15.57,14.77,15.22,2608000.0,39985957.0,202000000.0,0.01291089108910891,15.195999999999998,15.655000000000001,16.325,14.904,26.865671571619515,4206643.35,14.786333333333335,16.2985,True,True,18.08,39693760.0,70229714.7315
2022-12-29,15.37,15.41,15.03,15.22,1203332.0,18382350.0,202000000.0,0.005957089108910891,15.216,15.497,16.288,14.919000000000002,21.285140502411267,3834734.2,14.824000000000002,16.303,True,True,18.08,18314713.04,64249521.413499996
2022-12-30,15.14,16.7,15.03,16.38,4321354.0,69857849.0,202000000.0,0.021392841584158415,15.478,15.488999999999999,16.294999999999998,14.953166666666668,42.045454433970384,3753410.65,14.858666666666666,16.322,True,True,18.08,70783778.52,62959076.4395
2023-01-03,16.35,16.57,15.87,16.09,2738654.0,44384313.0,202000000.0,0.01355769306930693,15.59,15.518,16.263,14.978166666666665,41.72932319845667,3536417.1,14.879166666666666,16.365,False,True,18.08,44064942.86,59241137.419999994
2023-01-04,16.03,16.62,15.89,16.57,2810654.0,46105796.0,202000000.0,0.013914128712871288,15.896,15.581,16.248,15.0145,50.467289587562234,3453604.8,14.894666666666666,16.3635,True,False,18.08,46572536.78,57801934.10899999
2023-01-05,16.54,16.76,16.28,16.6,2468200.0,40959453.0,202000000.0,0.012218811881188119,16.172,15.684000000000001,16.195,15.050166666666666,48.03921555440216,3090474.8,14.904,16.325,False,True,18.08,40972120.0,51258243.709
2023-01-06,16.7,16.7,16.21,16.25,2223200.0,36615722.0,202000000.0,0.011005940594059406,16.378,15.797000000000002,16.1225,15.077,47.94520534809532,2930869.8,14.919000000000002,16.288,False,False,18.08,36127000.0,48272053.20900001
2023-01-09,16.39,17.11,16.25,16.92,3576700.0,60471111.0,202000000.0,0.017706435643564358,16.485999999999997,15.982,16.064500000000002,15.115166666666665,60.93749983337403,2754054.4,14.953166666666668,16.294999999999998,False,False,18.08,60517764.00000001,44867782.177
2023-01-10,17.0,17.0,16.44,16.71,3751900.0,62979003.0,202000000.0,0.018573762376237625,16.610000000000003,16.1,16.038999999999998,15.141,57.4181115984868,2577175.4,14.978166666666665,16.263,False,False,17.22,62694249.0,41726252.347
2023-01-11,16.71,17.53,16.71,17.26,4726892.0,82390201.0,202000000.0,0.023400455445544553,16.748,16.322,16.053500000000003,15.184000000000001,65.73556779882719,2639357.5,15.0145,16.248,False,False,16.97,81586155.92,42850022.518
2023-01-12,17.32,18.17,16.81,17.31,3974900.0,69415312.0,202000000.0,0.019677722772277226,16.89,16.531,16.093,15.231,72.03219295604613,2620562.5,15.050166666666666,16.195,False,False,17.26,68805519.0,42696537.668
2023-01-13,17.31,17.72,15.57,15.57,9358032.0,150194462.0,202000000.0,0.04632689108910891,16.754,16.566,16.0315,15.255,53.75375364075788,2956899.1,15.077,16.1225,False,False,17.31,145704558.24,47771473.58
2023-01-16,15.56,16.72,15.48,15.64,5384500.0,86180416.0,202000000.0,0.026655940594059405,16.498,16.492,15.9905,15.2955,50.87719286885476,3138494.1,15.115166666666665,16.064500000000002,True,False,17.31,84213580.0,50539762.78
2023-01-17,15.54,15.87,15.26,15.49,3772000.0,58671058.0,202000000.0,0.018673267326732673,16.253999999999998,16.432000000000002,15.975,15.316,53.794266314819616,3194964.1,15.141,16.038999999999998,True,True,17.31,58428280.0,51373522.78
2023-01-18,15.53,15.58,14.44,14.98,5917797.0,88326368.0,202000000.0,0.02929602475247525,15.797999999999998,16.273000000000003,15.926999999999998,15.337166666666667,48.08306698511774,3383958.95,15.184000000000001,16.053500000000003,True,True,17.31,88648599.06,54102046.433000006
2023-01-19,14.87,15.47,14.72,15.3,3384700.0,51222145.0,202000000.0,0.016755940594059406,15.396,16.143,15.913499999999999,15.364833333333333,50.60790262788592,3474813.95,15.231,16.093,True,True,17.31,51785910.0,55470965.333000004
2023-01-20,15.33,15.75,15.23,15.51,2713897.0,42103636.0,202000000.0,0.013435133663366336,15.384,16.069,15.932999999999998,15.400833333333333,42.27353453075854,3516108.8,15.255,16.0315,True,True,17.31,42092542.47,56148264.45650001
2023-01-30,15.76,15.86,15.4,15.63,4432132.0,69559838.0,202000000.0,0.021941247524752475,15.382,15.940000000000001,15.961000000000002,15.449,45.78754567014183,3651765.4,15.2955,15.9905,True,True,17.31,69274223.16,58316709.1145
2023-01-31,15.7,15.92,15.55,15.75,2762000.0,43652861.0,202000000.0,0.013673267326732673,15.434000000000001,15.844,15.972000000000003,15.498,41.96078419853902,3700043.8,15.316,15.975,True,True,17.31,43501500.0,59096854.666499995
2023-02-01,15.82,16.21,15.67,16.15,3019800.0,48195313.0,202000000.0,0.01494950495049505,15.668000000000001,15.733,16.0275,15.551166666666665,45.88665436153321,3757432.2,15.337166666666667,15.926999999999998,True,True,17.31,48769769.99999999,60127575.1025
2023-02-02,16.24,17.76,16.08,17.76,6351700.0,110235739.0,202000000.0,0.0314440594059406,16.16,15.778,16.154500000000002,15.628833333333334,61.21842483550403,3944617.2,15.364833333333333,15.913499999999999,False,True,17.31,112806192.00000001,63783196.7025
2023-02-03,18.7,18.8,17.82,18.27,14952897.0,275379043.0,202000000.0,0.07402424257425742,16.712,16.048000000000002,16.307,15.693000000000001,60.27397247430203,4632095.45,15.400833333333333,15.932999999999998,False,False,17.76,273189428.19,76526932.46000001
2023-02-06,18.4,19.5,18.3,19.27,11692707.0,221713296.0,202000000.0,0.05788468811881188,17.44,16.410999999999998,16.451500000000003,15.774166666666668,67.39130421963611,5000663.1,15.449,15.961000000000002,False,False,18.27,225318463.89,84253666.72850001
2023-02-07,19.09,19.22,18.09,18.69,9926465.0,185705616.0,202000000.0,0.04914091584158416,18.028,16.731,16.5815,15.844833333333332,59.6752366934434,5360053.65,15.498,15.972000000000003,False,False,19.27,185525630.85000002,91326701.12799999
2023-02-08,18.63,18.8,18.23,18.3,6069400.0,112756342.0,202000000.0,0.030046534653465348,18.458000000000002,17.063,16.668,15.9075,56.403622148816225,5522990.95,15.551166666666665,16.0275,False,False,19.27,111070020.0,94551575.289
2023-02-09,18.66,18.66,18.2,18.39,4249600.0,78418587.0,202000000.0,0.021037623762376237,18.584,17.372,16.7575,15.974833333333333,73.19078930515279,5612060.95,15.628833333333334,16.154500000000002,False,False,19.27,78150144.0,96410476.489
2023-02-10,18.52,18.86,18.14,18.2,3656532.0,67612187.0,202000000.0,0.018101643564356437,18.57,17.641,16.855,16.042166666666667,70.64516113080124,5683727.55,15.693000000000001,16.307,False,False,19.27,66548882.4,97931570.609
2023-02-13,18.21,19.76,17.93,19.53,9918700.0,188982304.0,202000000.0,0.04910247524752475,18.622,18.031,16.985500000000002,16.133666666666667,77.37127356596235,6000827.55,15.774166666666668,16.451500000000003,False,False,19.27,193712211.0,104591292.959
2023-02-14,19.86,19.9,18.57,19.06,7833197.0,149446473.0,202000000.0,0.03877820297029703,18.696,18.362000000000002,17.103,16.224166666666665,77.79291538295627,6204892.4,15.844833333333332,16.5815,False,False,19.53,149300734.82,108921617.25
2023-02-15,19.02,19.27,18.7,18.8,3972297.0,75400015.0,202000000.0,0.019664836633663366,18.796,18.627,17.18,16.305666666666667,74.03846139607988,6167162.65,15.9075,16.668,False,False,19.53,74679183.60000001,108576268.63399999
2023-02-16,18.72,18.85,17.87,18.05,6146000.0,113579599.0,202000000.0,0.030425742574257425,18.728,18.656,17.217,16.376833333333334,66.24040908857216,6275717.65,15.974833333333333,16.7575,False,False,19.53,110935300.0,110682757.68399999
2023-02-17,18.06,18.37,17.72,17.76,4474897.0,80650116.0,202000000.0,0.022152955445544555,18.64,18.605,17.3265,16.441333333333333,63.32916134085003,6031560.9,16.042166666666667,16.855,False,False,19.53,79474170.72000001,107371238.308
2023-02-20,17.92,18.42,17.4,17.5,6078800.0,108342300.0,202000000.0,0.030093069306930693,18.234,18.428000000000004,17.4195,16.493166666666667,60.762607521442,6066275.9,16.133666666666667,16.985500000000002,False,False,19.53,106379000.0,108479509.308
2023-02-21,17.68,18.61,17.58,18.42,7822300.0,142717973.0,202000000.0,0.03872425742574257,18.106,18.401000000000003,17.566,16.561500000000002,63.12138718107522,6268790.9,16.224166666666665,17.103,False,False,19.53,144086766.0,112762433.608
2023-02-22,18.36,18.5,17.99,18.36,4369460.0,79961006.0,202000000.0,0.0216309900990099,18.018,18.407,17.735000000000003,16.633666666666667,54.225352005752804,6191374.05,16.305666666666667,17.18,False,False,19.53,80223285.6,112341167.93499999
2023-02-23,18.42,19.05,18.24,18.68,4777529.0,89864771.0,202000000.0,0.023651133663366335,18.144,18.436,17.904000000000003,16.705333333333336,52.96671479862025,6261015.5,16.376833333333334,17.217,False,False,19.53,89244241.72,114214084.521
2023-02-24,18.91,19.04,18.42,18.66,2985432.0,56214720.0,202000000.0,0.014779366336633664,18.324,18.482,18.061500000000002,16.765833333333333,44.85666093963015,6274592.25,16.441333333333333,17.3265,False,False,19.53,55708161.12,114894865.4535
2023-02-27,18.63,18.79,18.23,18.35,2264997.0,42005159.0,202000000.0,0.011212856435643565,18.494,18.364,18.197499999999998,16.826833333333333,46.996466314849734,6166235.5,16.493166666666667,17.4195,False,False,19.53,41562694.95,113509289.04299998
2023-02-28,18.42,18.45,16.93,17.72,4702500.0,84629665.0,202000000.0,0.02327970297029703,18.354,18.23,18.296,16.877666666666666,45.084745655731105,6263260.5,16.561500000000002,17.566,False,False,19.53,83328300.0,115500629.04299998
2023-03-01,17.71,18.01,16.93,17.93,4119700.0,72852601.0,202000000.0,0.020394554455445545,18.268,18.142999999999997,18.384999999999998,16.925333333333334,46.179401885961525,6318255.5,16.633666666666667,17.735000000000003,True,False,19.53,73866221.0,116755451.59299998
2023-03-02,18.12,18.12,17.21,17.29,4102800.0,72052361.0,202000000.0,0.020310891089108912,17.99,18.067,18.3615,16.947,42.9675424108894,6205810.5,16.705333333333336,17.904000000000003,True,True,19.53,70937412.0,114662012.59299998
2023-03-03,17.4,17.64,17.19,17.19,2293700.0,40040232.0,202000000.0,0.011354950495049506,17.695999999999998,18.01,18.3075,16.9675,27.671755651258692,5572850.65,16.765833333333333,18.061500000000002,True,True,19.53,39428703.0,102973976.3335
2023-03-06,16.99,17.88,16.93,17.41,2734400.0,48111658.0,202000000.0,0.013536633663366337,17.508000000000003,18.001,18.214499999999997,16.987000000000002,33.46693377384028,5124935.3,16.826833333333333,18.197499999999998,True,True,19.53,47605904.0,94088348.33900002
2023-03-07,17.21,17.51,17.01,17.09,1831300.0,31651125.0,202000000.0,0.009065841584158416,17.381999999999998,17.868000000000002,18.1345,16.993000000000002,33.069306839015795,4720177.05,16.877666666666666,18.296,True,True,19.53,31296917.0,86376912.6465
2023-03-08,16.96,17.27,16.76,16.83,1603200.0,27284584.0,202000000.0,0.007936633663366336,17.162,17.714999999999996,18.061,16.992333333333335,36.62280690510541,4496867.05,16.925333333333334,18.384999999999998,True,True,19.53,26981855.999999996,82172504.4465
2023-03-09,16.85,17.01,16.63,16.71,1918800.0,32435870.0,202000000.0,0.0094990099009901,17.046,17.518,17.976999999999997,16.9765,38.041002156589066,4380327.05,16.947,18.3615,True,True,19.53,32063148.0,79868154.6465
2023-03-10,16.74,16.74,16.25,16.28,1760400.0,29063298.0,202000000.0,0.008714851485148514,16.863999999999997,17.28,17.881,16.952833333333334,36.622806905105435,4285520.45,16.9675,18.3075,True,True,19.53,28659312.000000004,77973676.1265
2023-03-13,16.32,16.37,15.9,16.06,2544400.0,41024347.0,202000000.0,0.012596039603960395,16.594,17.051,17.707500000000003,16.919166666666666,19.430051742999794,3916805.45,16.987000000000002,18.214499999999997,True,True,19.53,40863064.0,70331218.7765
2023-03-14,16.13,16.13,15.36,15.76,2927600.0,46026986.0,202000000.0,0.014493069306930693,16.327999999999996,16.854999999999997,17.5425,16.894833333333334,18.29268286436644,3671525.6,16.993000000000002,18.1345,True,True,19.06,46138976.0,65173130.8355
2023-03-15,15.78,16.03,15.65,15.69,1773100.0,28160760.0,202000000.0,0.008777722772277228,16.1,16.631,17.387,16.8735,11.168831128217235,3561565.75,16.992333333333335,18.061,True,True,18.8,27819939.0,62830168.605500005
2023-03-16,15.91,15.91,15.35,15.38,1951600.0,30363436.0,202000000.0,0.009661386138613861,15.834,16.439999999999998,17.2535,16.8545,10.386473394828343,3351845.75,16.9765,17.976999999999997,True,True,18.68,30015608.0,58784184.0055
2023-03-17,15.75,16.13,15.38,15.94,3832500.0,60967661.0,202000000.0,0.018972772277227722,15.766,16.314999999999998,17.1625,16.840166666666665,22.55125277546294,3319725.9,16.952833333333334,17.881,True,True,18.68,61090050.0,57864977.969500005
2023-03-20,15.93,15.97,15.46,15.7,3279300.0,51606908.0,202000000.0,0.016234158415841585,15.693999999999999,16.144,17.072499999999998,16.8275,24.749999913374978,3179750.9,16.919166666666666,17.707500000000003,True,True,18.68,51485010.0,55120278.469500005
2023-03-21,15.83,16.01,15.55,16.0,2000700.0,31821045.0,202000000.0,0.009904455445544554,15.741999999999999,16.035,16.9515,16.830833333333334,26.40586788027329,2888670.9,16.894833333333334,17.5425,True,True,18.68,32011200.0,49516500.16950001
2023-03-22,16.01,16.41,15.61,15.7,3020754.0,48528980.0,202000000.0,0.014954227722772277,15.744,15.922,16.8185,16.826833333333333,28.79999989247999,2821235.6,16.8735,17.387,True,True,18.68,47425837.8,47876627.7795
2023-03-23,15.62,16.04,15.45,15.63,3407900.0,53973807.0,202000000.0,0.01687079207920792,15.794,15.813999999999998,16.666,16.827833333333334,29.03225795525492,2752754.15,16.8545,17.2535,True,True,18.68,53265477.0,46077689.5435
2023-03-24,15.77,15.77,15.08,15.13,3056666.0,47062272.0,202000000.0,0.015132009900990099,15.632,15.699000000000002,16.4895,16.828,21.499999924749986,2756315.85,16.840166666666665,17.1625,True,True,18.66,46247356.580000006,45604649.3165
2023-03-27,15.13,15.26,14.81,14.93,2477066.0,37243068.0,202000000.0,0.01226270297029703,15.478,15.585999999999999,16.3185,16.825666666666667,22.164948373631617,2766919.3,16.8275,17.072499999999998,True,True,18.35,36982595.38,45375644.338
2023-03-28,15.02,15.08,14.72,14.84,1665800.0,24824343.0,202000000.0,0.008246534653465346,15.245999999999999,15.494,16.174500000000002,16.81416666666667,23.180592904439806,2615084.3,16.830833333333334,16.9515,True,True,17.93,24720472.0,42445252.938
2023-03-29,14.95,15.48,14.63,14.67,4085000.0,61447480.0,202000000.0,0.020222772277227723,15.040000000000001,15.392000000000001,16.0115,16.808,22.872340340368936,2613349.3,16.826833333333333,16.8185,True,True,17.93,59926950.0,41748289.388
2023-03-30,14.69,14.84,14.49,14.64,1980200.0,29053703.0,202000000.0,0.009802970297029702,14.841999999999999,15.318000000000001,15.879,16.798333333333332,25.59523798859125,2507219.3,16.827833333333334,16.666,True,True,17.41,28990128.0,39650925.188
2023-03-31,14.94,15.67,14.5,15.3,4479991.0,68438965.0,202000000.0,0.022178173267326733,14.876000000000001,15.254000000000001,15.7845,16.799666666666663,39.9999998526316,2616533.85,16.828,16.4895,True,True,17.41,68543862.3,41106683.153
2023-04-03,15.3,15.55,15.09,15.31,2952300.0,45263317.0,202000000.0,0.014615346534653465,14.951999999999998,15.215,15.6795,16.78183333333333,43.58974341588137,2627428.85,16.825666666666667,16.3185,True,True,17.41,45199713.0,40986373.603
2023-04-04,15.28,15.3,14.79,14.88,2231500.0,33544476.0,202000000.0,0.011047029702970296,14.959999999999999,15.103,15.568999999999999,16.761666666666667,39.534883577909994,2647438.85,16.81416666666667,16.174500000000002,True,True,17.09,33204720.0,41081763.753
2023-04-06,14.94,14.94,14.66,14.76,1563800.0,23192758.0,202000000.0,0.007741584158415841,14.978,15.009,15.4655,16.7315,41.576086798351824,2645468.85,16.808,16.0115,True,True,16.83,23081688.0,40886755.353
2023-04-07,14.75,15.08,14.63,14.79,1420300.0,21191889.0,202000000.0,0.007031188118811881,15.008,14.925,15.369500000000002,16.70133333333333,31.746031604938267,2620543.85,16.798333333333332,15.879,True,True,16.71,21006237.0,40333909.803
2023-04-10,14.79,14.8,14.42,14.58,1937200.0,28243377.0,202000000.0,0.00959009900990099,14.864,14.87,15.2845,16.6735,32.0512819074622,2629383.85,16.799666666666663,15.7845,True,True,16.28,28244376.0,40313163.003
2023-04-11,14.56,14.64,14.38,14.6,1293300.0,18846730.0,202000000.0,0.006402475247524753,14.722,14.837,15.211500000000001,16.634833333333333,25.35211255108112,2566828.85,16.78183333333333,15.6795,True,True,16.06,18882180.0,39214118.802999996
2023-04-12,14.65,14.66,14.46,14.62,1374300.0,20103285.0,202000000.0,0.006803465346534653,14.669999999999998,14.815000000000001,15.154500000000002,16.6,28.90624984191892,2489163.85,16.761666666666667,15.568999999999999,True,True,16.0,20092266.0,37911783.302999996
2023-04-13,14.51,14.89,14.42,14.57,1426700.0,20961348.0,202000000.0,0.007062871287128713,14.632,14.804999999999998,15.098500000000001,16.555166666666665,29.133858107136177,2471843.85,16.7315,15.4655,True,True,16.0,20787019.0,37560137.302999996
2023-04-14,14.59,14.79,14.32,14.55,1681314.0,24483693.0,202000000.0,0.008323336633663367,14.584,14.796000000000001,15.056999999999999,16.50916666666667,35.922329852955016,2458329.55,16.70133333333333,15.369500000000002,True,True,16.0,24463118.700000003,37282512.838
2023-04-17,14.68,14.82,14.33,14.46,2588175.0,37608664.0,202000000.0,0.012812747524752475,14.559999999999999,14.712,14.983,16.490666666666666,37.94871767626562,2396113.3,16.6735,15.2845,True,True,16.0,37425010.5,36099260.863
2023-04-18,14.45,14.45,13.86,13.94,2768400.0,38982096.0,202000000.0,0.013704950495049505,14.428,14.575,14.895000000000001,16.462333333333333,31.092436791893206,2370568.3,16.634833333333333,15.211500000000001,True,True,16.0,38591496.0,35454585.163
2023-04-19,13.97,13.99,13.74,13.84,1930875.0,26844886.0,202000000.0,0.009558787128712871,14.272,14.471,14.787,16.434833333333334,32.03463184048273,2367077.05,16.6,15.154500000000002,True,True,16.0,26723310.0,35190190.663
2023-04-20,13.83,13.83,13.3,13.45,3910900.0,52752781.0,202000000.0,0.01936089108910891,14.048000000000002,14.34,14.6745,16.409333333333333,27.715355659919453,2411584.35,16.555166666666665,15.098500000000001,True,True,15.7,52601605.0,35448979.023
2023-04-21,13.33,13.47,12.94,12.99,2769000.0,36591392.0,202000000.0,0.013707920792079208,13.735999999999999,14.160000000000002,14.542499999999999,16.370833333333334,3.2388663784031166,2379639.35,16.50916666666667,15.056999999999999,True,True,15.63,35969310.0,34584170.673
2023-04-24,13.1,13.28,12.75,13.16,2455100.0,32266735.0,202000000.0,0.012153960396039604,13.475999999999999,14.018,14.443999999999999,16.331666666666667,9.125475236594369,2349561.05,16.490666666666666,14.983,True,True,15.31,32309116.0,33887258.644
2023-04-25,13.36,13.36,12.59,12.83,2385200.0,30740255.0,202000000.0,0.011807920792079207,13.254,13.841,14.338999999999999,16.285,9.486165955412474,2344967.75,16.462333333333333,14.895000000000001,True,True,15.31,30602116.0,33568234.675
2023-04-26,12.94,13.63,12.66,13.55,3316200.0,44704703.0,202000000.0,0.016416831683168317,13.195999999999998,13.734,14.2745,16.248333333333335,30.670926380385637,2427487.75,16.434833333333334,14.787,True,True,15.31,44934510.0,34578936.575
2023-04-27,13.51,13.8,13.33,13.44,2026500.0,27606632.0,202000000.0,0.010032178217821782,13.193999999999999,13.621,14.213,16.203166666666668,28.97196249046496,2324562.75,16.409333333333333,14.6745,True,True,15.31,27236160.0,32944397.075
2023-04-28,13.51,13.63,13.4,13.55,1792700.0,24321709.0,202000000.0,0.008874752475247525,13.306000000000001,13.521,14.1585,16.133,33.44051431891731,2315187.75,16.370833333333334,14.542499999999999,True,True,15.31,24291085.0,32709444.925
2023-05-04,13.54,13.79,13.39,13.79,2520100.0,34535666.0,202000000.0,0.012475742574257426,13.431999999999999,13.453999999999999,14.082999999999998,16.058333333333334,37.83783767875983,2217193.2,16.331666666666667,14.443999999999999,True,True,15.31,34752179.0,31019860.76
2023-05-05,13.79,13.88,13.57,13.71,1380800.0,18998593.0,202000000.0,0.0068356435643564355,13.608,13.431000000000001,14.003,15.965666666666666,36.57817094038516,2138618.2,16.285,14.338999999999999,True,True,15.31,18930768.0,29706413.51
2023-05-08,13.77,13.85,13.39,13.67,1619200.0,22108637.0,202000000.0,0.008015841584158415,13.632,13.414000000000001,13.9425,15.882000000000001,36.686390380588925,2108003.2,16.248333333333335,14.2745,True,True,14.88,22134464.0,29152900.71
2023-05-09,13.7,13.78,13.15,13.15,2001900.0,26903007.0,202000000.0,0.009910396039603961,13.574000000000002,13.384,13.862,15.796166666666666,31.958762771282807,2129908.2,16.203166666666668,14.213,True,True,14.79,26324985.0,29315065.560000002
2023-05-10,13.05,13.46,13.04,13.21,1767200.0,23503596.0,202000000.0,0.008748514851485149,13.506,13.406,13.782999999999998,15.709833333333334,33.766233643447464,2147253.2,16.133,14.1585,True,True,14.79,23344712.0,29431989.310000002
2023-05-11,13.3,13.56,13.16,13.42,1474500.0,19893647.0,202000000.0,0.00729950495049505,13.431999999999999,13.431999999999999,13.725,15.630166666666668,42.655367062944876,2124118.2,16.058333333333334,14.082999999999998,True,True,14.62,19787790.0,29009160.01
2023-05-12,13.49,13.56,13.2,13.24,1228200.0,16447526.0,202000000.0,0.006080198019801981,13.338,13.472999999999999,13.657,15.525333333333332,41.71270702100059,2120863.2,15.965666666666666,14.003,True,True,14.62,16261368.0,28878119.410000004
2023-05-15,13.24,13.49,13.04,13.44,1735400.0,23093904.0,202000000.0,0.00859108910891089,13.291999999999998,13.462,13.597999999999999,15.431666666666667,49.85422720176118,2138918.2,15.882000000000001,13.9425,True,True,14.62,23323776.0,29039694.910000004
2023-05-16,13.55,13.93,13.31,13.47,2422600.0,32928809.0,202000000.0,0.011993069306930693,13.356,13.465,13.542999999999997,15.342833333333333,57.99999972933335,2188713.2,15.796166666666666,13.862,True,True,14.57,32632422.0,29631965.060000002
2023-05-17,13.49,13.73,13.17,13.36,1638900.0,22000264.0,202000000.0,0.008113366336633664,13.386,13.446000000000002,13.483500000000001,15.264666666666667,53.401360289925485,2186592.5,15.709833333333334,13.782999999999998,True,True,14.55,21895704.0,29503594.325
2023-05-18,13.36,13.61,13.23,13.33,2087900.0,28027613.0,202000000.0,0.010336138613861387,13.368,13.4,13.426999999999998,15.190833333333334,59.469696654327365,2161578.75,15.630166666666668,13.725,True,True,14.46,27831707.0,29023929.15
2023-05-19,13.33,13.45,13.17,13.31,1111500.0,14872524.0,202000000.0,0.005502475247524752,13.382,13.36,13.395499999999998,15.121,43.814432673504086,2078733.75,15.525333333333332,13.657,True,True,13.94,14794065.0,27834057.6
2023-05-22,13.21,13.5,13.19,13.25,1003900.0,13414043.0,202000000.0,0.00496980198019802,13.344,13.318000000000001,13.366,15.034833333333331,44.97354464040762,2032385.0,15.431666666666667,13.597999999999999,True,True,13.84,13301675.0,27162975.85
2023-05-23,13.28,13.33,12.99,13.03,1021700.0,13474026.0,202000000.0,0.005057920792079208,13.256,13.306000000000001,13.344999999999999,14.946,36.99999974099996,1887925.0,15.342833333333333,13.542999999999997,True,True,13.79,13312751.0,25198533.15
2023-05-24,13.0,13.14,12.86,13.02,859700.0,11244951.0,202000000.0,0.0042559405940594056,13.187999999999999,13.287,13.3465,14.851666666666667,28.248587347186316,1792460.0,15.264666666666667,13.483500000000001,True,True,13.79,11193294.0,23959732.35
2023-05-25,13.04,13.19,12.85,13.03,1439400.0,18805912.0,202000000.0,0.0071257425742574255,13.128,13.248,13.34,14.757833333333334,29.99999975294115,1741675.0,15.190833333333334,13.426999999999998,True,True,13.79,18755382.0,23282045.65
2023-05-26,13.07,13.18,12.71,12.86,1645900.0,21270124.0,202000000.0,0.008148019801980199,13.038,13.209999999999999,13.3415,14.666333333333334,27.868852245812036,1704710.0,15.121,13.395499999999998,True,True,13.79,21166274.0,22810253.55
2023-05-29,12.89,12.96,12.45,12.54,1642100.0,20811160.0,202000000.0,0.00812920792079208,12.895999999999997,13.12,13.291,14.58,31.288343289547953,1621005.0,15.034833333333331,13.366,True,True,13.79,20591934.0,21593124.75
2023-05-30,12.7,12.82,12.44,12.64,1798900.0,22759717.0,202000000.0,0.008905445544554455,12.817999999999998,13.037,13.251,14.491833333333334,32.93413146043244,1609625.0,14.946,13.344999999999999,True,True,13.79,22738096.0,21368221.55
2023-05-31,12.6,12.79,12.29,12.3,1151700.0,14321794.0,202000000.0,0.0057014851485148515,12.674,12.931000000000001,13.1885,14.408666666666669,18.88888874197538,1577575.0,14.851666666666667,13.3465,True,True,13.79,14165910.0,20861962.8
2023-06-01,12.3,12.34,12.11,12.22,1556000.0,19088814.0,202000000.0,0.007702970297029703,12.512,12.819999999999999,13.11,14.325833333333332,19.999999835294176,1529370.0,14.757833333333334,13.34,True,True,13.79,19014320.0,20075069.85
2023-06-02,12.22,12.55,12.22,12.52,1327600.0,16578435.0,202000000.0,0.0065722772277227726,12.443999999999999,12.741,13.0505,14.244333333333335,24.444444254321027,1526710.0,14.666333333333334,13.3415,True,True,13.71,16621552.0,19959609.05
2023-06-05,12.53,12.64,12.4,12.6,1101200.0,13822892.0,202000000.0,0.005451485148514851,12.456,12.675999999999998,12.997,14.1695,26.486486286048205,1500810.0,14.58,13.291,True,True,13.67,13875120.0,19546641.85
2023-06-06,12.68,12.68,12.0,12.04,2370500.0,29040004.0,202000000.0,0.011735148514851485,12.336,12.577,12.9415,14.089666666666666,21.304347696408314,1519240.0,14.491833333333334,13.251,True,True,13.47,28540819.999999996,19657433.6
2023-06-07,12.12,12.21,11.8,11.87,1542000.0,18476667.0,202000000.0,0.0076336633663366335,12.25,12.462,12.874500000000001,14.009000000000002,20.081967097890356,1507980.0,14.408666666666669,13.1885,True,True,13.47,18303540.0,19405375.0
2023-06-08,11.91,12.07,11.62,11.62,1603500.0,18981088.0,202000000.0,0.007938118811881188,12.129999999999999,12.321,12.7845,13.931333333333333,18.352059828865606,1514430.0,14.325833333333332,13.11,True,True,13.47,18632670.0,19347619.0
2023-06-09,11.66,12.16,11.66,12.01,2683375.0,32283158.0,202000000.0,0.013284034653465346,12.028,12.236,12.722999999999999,13.863833333333334,29.333333196444457,1587188.75,14.244333333333335,13.0505,True,True,13.47,32227333.75,20145917.2875
2023-06-12,12.12,12.17,11.71,11.95,2672700.0,31961885.0,202000000.0,0.013231188118811882,11.898,12.177000000000001,12.6485,13.800333333333333,30.985915340210283,1634053.75,14.1695,12.997,True,True,13.47,31938764.999999996,20576666.7375
2023-06-13,12.04,12.04,11.62,11.68,2409700.0,28548545.0,202000000.0,0.011929207920792079,11.825999999999999,12.081,12.559000000000001,13.7335,28.387096645993765,1633408.75,14.089666666666666,12.9415,True,True,13.47,28145296.0,20352310.4375
2023-06-14,11.71,11.71,11.45,11.57,1466900.0,16992200.0,202000000.0,0.007261881188118812,11.766,12.008,12.4695,13.669999999999998,27.187499881054705,1624808.75,14.009000000000002,12.874500000000001,True,True,13.36,16972033.0,20106126.8875
2023-06-15,11.53,11.63,11.38,11.63,1465700.0,16956887.0,202000000.0,0.007255940594059406,11.768,11.949,12.3845,13.598166666666666,30.097087242278604,1593698.75,13.931333333333333,12.7845,True,True,13.33,17046091.0,19566846.0875
2023-06-16,11.63,11.86,11.55,11.68,1579400.0,18575211.0,202000000.0,0.00781881188118812,11.702,11.864999999999998,12.303,13.531166666666667,34.75177287711887,1617093.75,13.863833333333334,12.722999999999999,True,True,13.31,18447392.0,19749512.4375
2023-06-19,11.68,11.75,11.44,11.48,2011800.0,23323292.0,204192000.0,0.00985249177244946,11.608,11.753,12.2145,13.455833333333334,30.136986156877455,1667488.75,13.800333333333333,12.6485,True,True,13.25,23095464.0,20239201.8875
2023-06-20,11.43,11.48,11.23,11.27,1804032.0,20506750.0,204192000.0,0.008834978843441466,11.526,11.675999999999998,12.1265,13.382000000000001,31.541218479721465,1706605.35,13.7335,12.559000000000001,True,True,13.03,20331440.64,20590136.3695
2023-06-21,11.33,11.56,11.2,11.25,2155600.0,24543586.0,204192000.0,0.010556730919918508,11.462,11.613999999999999,12.038,13.309000000000001,32.234432069127436,1771400.35,13.669999999999998,12.4695,True,True,13.03,24250500.0,21242996.6695
2023-06-26,11.25,11.27,10.89,10.92,2860277.0,31684747.0,204192000.0,0.014007781891553049,11.319999999999999,11.544,11.932500000000001,13.238833333333334,21.01449264702795,1842444.2,13.598166666666666,12.3845,True,True,13.03,31234224.84,21866938.8115
2023-06-27,11.04,11.38,10.93,11.35,3108698.0,35008442.0,204192000.0,0.01522438685159066,11.254,11.478,11.857,13.179166666666667,29.90353684287797,1915584.1,13.531166666666667,12.303,True,True,12.86,35283722.3,22572811.226499997
2023-06-28,11.41,11.5,11.19,11.48,1781800.0,20382185.0,204192000.0,0.008726100924619966,11.254000000000001,11.431000000000001,11.804,13.123166666666666,39.552238599354,1922569.1,13.455833333333334,12.2145,True,True,12.64,20455064.0,22565967.726499997
2023-06-29,11.51,12.63,11.47,12.63,6428898.0,79056236.0,204192000.0,0.03148457334273625,11.526,11.526,11.8035,13.089166666666667,60.38251343023084,2154069.0,13.382000000000001,12.1265,True,True,12.64,81196981.74000001,25488912.013499998
2023-06-30,12.96,13.09,12.32,12.43,8480100.0,107117785.0,204192000.0,0.041530030559473435,11.762,11.611999999999998,11.81,13.052333333333333,61.218836327683185,2520489.0,13.309000000000001,12.038,False,True,12.63,105407643.0,30050998.6635
2023-07-03,12.42,12.75,12.39,12.61,4394500.0,55546762.0,204192000.0,0.021521411220811786,12.1,11.709999999999999,11.8295,13.0075,58.82352916955017,2662414.0,13.238833333333334,11.932500000000001,False,False,12.63,55414645.0,31871014.9135
2023-07-04,12.6,13.44,12.5,13.23,5848200.0,76516562.0,204192000.0,0.028640691114245415,12.476,11.865,11.865,12.972833333333334,66.16161592771147,2888444.0,13.179166666666667,11.857,False,False,12.63,77371686.0,34908521.6135
2023-07-05,13.24,13.62,13.23,13.47,5013100.0,67831445.0,204192000.0,0.024550912866321894,12.874,12.064,11.9085,12.949333333333334,72.77353663643015,3084039.0,13.123166666666666,11.804,False,False,13.23,67526457.0,37591088.4635
2023-07-06,13.54,13.62,13.29,13.5,2963900.0,39976142.0,204192000.0,0.014515260147312333,13.048000000000002,12.287,11.9815,12.928333333333335,75.06493479197165,3113709.0,13.089166666666667,11.8035,False,False,13.47,40012650.0,38164679.9635
2023-07-07,13.45,13.61,13.35,13.48,1992900.0,26957191.0,204192000.0,0.009759931828866949,13.258,12.510000000000002,12.062000000000001,12.9065,74.27821495015878,3136254.0,13.052333333333333,11.81,False,False,13.5,26864292.0,38592717.5635
2023-07-10,13.58,14.06,13.58,13.73,5072300.0,70207489.0,204192000.0,0.024840836075850182,13.482,12.791,12.1675,12.892333333333333,75.56109699305352,3309694.0,13.0075,11.8295,False,False,13.5,69642679.0,41143218.0135
2023-07-11,13.74,14.19,13.7,14.13,3728800.0,52597032.0,204192000.0,0.018261244319072247,13.662,13.068999999999999,12.273500000000002,12.8845,81.47268381458014,3361965.25,12.972833333333334,11.865,False,False,13.73,52687944.0,42166248.526
2023-07-12,14.13,14.22,13.98,14.07,3107700.0,44022300.0,204192000.0,0.015219499294781383,13.782,13.328,12.3795,12.875333333333334,84.48275832936979,3383715.25,12.949333333333334,11.9085,False,False,14.13,43725339.0,42755577.225999996
2023-07-13,14.13,14.3,13.83,14.1,2884400.0,40679377.0,204192000.0,0.014125920702084313,13.902000000000001,13.475,12.5005,12.867500000000001,85.01228471985944,3407450.25,12.928333333333335,11.9815,False,False,14.13,40670040.0,43381814.426
2023-07-14,14.17,14.22,13.89,14.12,1896600.0,26851403.0,204192000.0,0.009288316878232252,14.030000000000001,13.644,12.628,12.860333333333333,92.55319114474872,3428935.25,12.9065,12.062000000000001,False,False,14.13,26779992.0,43872212.376
2023-07-17,14.02,14.35,13.75,14.16,2352400.0,33392951.0,204192000.0,0.011520529697539571,14.116,13.799000000000001,12.7545,12.855333333333334,91.69139427783988,3473270.25,12.892333333333333,12.1675,False,False,14.13,33309984.0,44685407.026
2023-07-18,14.18,14.58,14.06,14.52,2543000.0,36676186.0,204192000.0,0.01245396489578436,14.193999999999999,13.928,12.8965,12.865,92.22222186358022,3521450.25,12.8845,12.273500000000002,False,False,14.16,36924360.0,45609255.426
2023-07-19,14.55,14.65,14.29,14.36,1950000.0,28281592.0,204192000.0,0.009549835448989187,14.251999999999999,14.017000000000001,13.0405,12.873666666666667,83.1417620061361,3518360.25,12.875333333333334,12.3795,False,False,14.52,28002000.0,45854582.225999996
2023-07-20,14.41,14.5,14.08,14.16,3109600.0,44459467.0,204192000.0,0.015228804262654756,14.264,14.083000000000002,13.184999999999999,12.8855,83.14176200613616,3583638.65,12.867500000000001,12.5005,False,False,14.52,44031936.0,47039606.994
2023-07-21,14.09,14.44,13.94,13.99,1908600.0,26954217.0,204192000.0,0.009347085096379878,14.238,14.134,13.322,12.902166666666666,76.53846112633138,3571288.65,12.860333333333333,12.628,False,False,14.52,26701314.0,47162147.694
2023-07-24,14.13,14.29,13.92,14.23,2170900.0,30846728.0,204192000.0,0.010631660398056731,14.252,14.184000000000001,13.4875,12.92,72.52252206517329,3536819.8,12.855333333333334,12.7545,False,False,14.52,30891907.0,47145031.802
2023-07-25,14.26,14.46,14.17,14.45,1894200.0,27321407.0,204192000.0,0.009276563234602728,14.238,14.216,13.642499999999998,12.947000000000001,72.2727268128099,3476094.9,12.865,12.8965,False,False,14.52,27371190.0,46749405.187
2023-07-26,14.45,14.78,14.35,14.51,2411200.0,35338718.0,204192000.0,0.011808493966462937,14.268,14.26,13.794,12.963,72.645739454242,3507564.9,12.873666666666667,13.0405,False,False,14.52,34986512.0,47475977.587
2023-07-27,14.43,14.59,14.29,14.49,1525000.0,22186604.0,204192000.0,0.007468461056260774,14.334,14.299000000000001,13.887,12.980500000000001,72.645739454242,3262370.0,12.8855,13.184999999999999,False,False,14.52,22097250.0,44520991.0
2023-07-28,14.42,14.51,14.29,14.42,1500400.0,21733732.0,204192000.0,0.007347986209058141,14.419999999999998,14.329000000000002,13.986500000000001,12.995000000000001,66.82926783628793,2913385.0,12.902166666666666,13.322,False,False,14.52,21635768.0,40332397.25
2023-07-31,14.37,14.52,14.14,14.47,2269200.0,32685565.0,204192000.0,0.011113070051716032,14.468,14.360000000000003,14.079500000000001,13.006333333333334,59.99999950588236,2807120.0,12.92,13.4875,False,False,14.52,32835324.0,39203431.2
2023-08-01,14.37,14.73,14.32,14.43,1865600.0,27044005.0,204192000.0,0.009136498981350886,14.464000000000002,14.350999999999999,14.139499999999998,13.018333333333334,60.71428520833332,2607990.0,12.947000000000001,13.642499999999998,False,False,14.52,26920608.0,36680877.3
2023-08-02,14.64,15.1,14.33,14.74,3064800.0,45221128.0,204192000.0,0.01500940291490362,14.51,14.389,14.203,13.036166666666666,66.32653013848397,2510575.0,12.963,13.794,False,False,14.52,45175152.0,35563312.05
2023-08-03,14.74,14.77,14.37,14.39,2096600.0,30524077.0,204192000.0,0.010267787180692682,14.49,14.412,14.247500000000002,13.056833333333334,55.89519616483289,2467210.0,12.980500000000001,13.887,False,False,14.74,30170074.0,35071183.25
2023-08-04,14.54,14.54,13.55,13.89,4266900.0,59859534.0,204192000.0,0.020896509167842033,14.384,14.402000000000001,14.268,13.068166666666665,45.09090886135538,2580910.0,12.995000000000001,13.986500000000001,False,False,14.74,59267241.0,36691330.7
2023-08-07,13.94,14.23,13.68,13.8,2261600.0,31466322.0,204192000.0,0.011075850180222536,14.25,14.359,14.2715,13.0745,35.48387076742979,2440375.0,13.006333333333334,14.079500000000001,True,False,14.74,31210080.0,34769700.75
2023-08-08,13.88,13.89,13.54,13.57,1991800.0,27278391.0,204192000.0,0.009754544742203417,14.078,14.271,14.243500000000001,13.08,34.509803732103066,2353525.0,13.018333333333334,14.139499999999998,True,True,14.74,27028726.0,33486739.85
2023-08-09,13.57,13.73,13.32,13.39,2289400.0,31055464.0,204192000.0,0.011211996552264535,13.808000000000002,14.159,14.2095,13.079166666666667,34.78260850317926,2312610.0,13.036166666666666,14.203,True,True,14.74,30655066.0,32833226.2
2023-08-10,13.41,13.46,13.18,13.3,1862900.0,24884017.0,204192000.0,0.00912327613226767,13.59,14.040000000000001,14.169500000000003,13.076333333333334,35.91836714169098,2261535.0,13.056833333333334,14.247500000000002,True,True,14.74,24776570.0,32038552.7
2023-08-11,13.33,13.49,13.15,13.22,1295000.0,17322714.0,204192000.0,0.00634207020843128,13.456,13.920000000000002,14.124500000000001,13.074000000000002,27.947598082416448,2231455.0,13.068166666666665,14.268,True,True,14.74,17119900.0,31555548.1
2023-08-14,13.19,13.29,12.94,13.15,1483600.0,19552529.0,204192000.0,0.007265710703651465,13.326000000000002,13.788,14.074000000000002,13.071,19.626168095903637,2188015.0,13.0745,14.2715,True,True,14.74,19509340.0,30865515.9
2023-08-15,13.3,13.52,13.16,13.19,1638200.0,21916248.0,204192000.0,0.008022841247453377,13.25,13.663999999999998,14.007500000000002,13.068999999999999,18.86792440370239,2142775.0,13.08,14.243500000000001,True,True,14.74,21607858.0,30099690.8
2023-08-16,13.17,13.21,12.92,12.95,1138600.0,14905490.0,204192000.0,0.005576124431907224,13.162,13.485,13.937000000000001,13.064,17.094016991745207,2102205.0,13.079166666666667,14.2095,True,True,14.74,14744870.0,29436834.3
2023-08-17,13.07,13.11,12.77,13.08,1647100.0,21404622.0,204192000.0,0.008066427675912867,13.118,13.354,13.883,13.064833333333334,22.08333320451392,2029080.0,13.076333333333334,14.169500000000003,True,True,14.74,21544068.0,28312440.9
2023-08-18,13.16,13.34,12.82,13.05,1468600.0,19379430.0,204192000.0,0.007192250430966933,13.084,13.27,13.836000000000002,13.065333333333333,20.168067108255073,2007080.0,13.074000000000002,14.124500000000001,True,True,14.74,19165230.0,27935636.7
2023-08-21,13.15,13.38,12.98,13.29,2026500.0,26943261.0,204192000.0,0.009924482839680301,13.112,13.219,13.789000000000001,13.069666666666667,27.906976592752812,1999860.0,13.071,14.074000000000002,True,True,14.74,26932185.0,27737650.6
2023-08-22,13.36,13.62,12.84,13.1,2404200.0,31558638.0,204192000.0,0.011774212505876822,13.094,13.172,13.7215,13.073666666666666,16.666666571815668,2025360.0,13.068999999999999,14.007500000000002,True,True,14.74,31495020.0,27943842.1
2023-08-23,13.16,13.27,12.87,13.0,1838800.0,24165201.0,204192000.0,0.009005249960821188,13.104,13.133,13.646,13.081333333333333,18.552036081570762,1996740.0,13.064,13.937000000000001,True,True,14.74,23904400.0,27389736.5
2023-08-24,13.01,13.43,12.82,13.34,2271000.0,29994047.0,204192000.0,0.011121885284438176,13.156,13.137,13.588500000000002,13.093,36.585365603807226,2034040.0,13.064833333333334,13.883,True,True,14.74,30295140.0,27799631.0
2023-08-25,13.46,13.64,13.16,13.28,2470800.0,33147752.0,204192000.0,0.012100376116596145,13.201999999999998,13.143,13.5315,13.109333333333332,37.12871261395937,2082560.0,13.065333333333333,13.836000000000002,True,True,14.74,32812224.0,28358453.8
2023-08-28,13.94,14.0,13.11,13.25,2652200.0,35690138.0,204192000.0,0.012988755680927755,13.193999999999999,13.153,13.470499999999998,13.1265,41.20879089180049,2101710.0,13.069666666666667,13.789000000000001,True,True,14.74,35141650.0,28473770.1
2023-08-29,13.15,13.58,13.1,13.53,1805102.0,24207140.0,204192000.0,0.00884021900955963,13.279999999999998,13.187000000000001,13.4255,13.143333333333333,53.64583294216578,2098685.1,13.073666666666666,13.7215,True,True,14.74,24423030.06,28348891.203
2023-08-30,13.55,13.64,13.39,13.57,1837800.0,24972978.0,204192000.0,0.009000352609308886,13.394,13.248999999999999,13.366999999999999,13.159500000000001,57.21925090851897,2037335.1,13.081333333333333,13.646,False,True,14.74,24938946.0,27337080.903000005
2023-08-31,13.56,13.57,13.24,13.33,2133600.0,28669063.0,204192000.0,0.010448989186647861,13.392000000000001,13.274000000000001,13.313999999999998,13.181,52.7093592423985,2039185.1,13.093,13.588500000000002,False,False,14.39,28440888.0,27250621.603000004
2023-09-01,13.44,13.44,13.11,13.22,1359200.0,18038914.0,204192000.0,0.006656480175521078,13.38,13.291,13.2805,13.203499999999998,51.69082090643891,1893800.1,13.109333333333332,13.5315,False,False,13.89,17968624.0,25185690.753
2023-09-04,13.07,13.47,13.07,13.41,1912309.0,25594161.0,204192000.0,0.009365249373139007,13.412,13.303,13.261000000000001,13.233333333333333,54.9549546083922,1876335.55,13.1265,13.470499999999998,True,False,13.8,25644063.69,24907389.9375
2023-09-05,13.46,13.47,13.14,13.22,1276400.0,16979862.0,204192000.0,0.00625097947030246,13.35,13.315000000000001,13.243500000000001,13.253499999999999,56.22119779396466,1840565.55,13.143333333333333,13.4255,False,True,13.57,16874008.0,24399654.0375
2023-09-06,13.24,13.24,13.07,13.08,967700.0,12749244.0,204192000.0,0.004739167058454788,13.252,13.322999999999999,13.228,13.272333333333334,49.99999967889909,1774480.55,13.159500000000001,13.366999999999999,True,False,13.57,12657516.0,23499776.5375
2023-09-07,13.14,13.14,12.67,12.7,1672600.0,21532616.0,204192000.0,0.008191310139476571,13.126,13.259,13.197999999999999,13.289333333333333,43.083003714165166,1764965.55,13.181,13.313999999999998,True,True,13.57,21242020.0,23323049.0375
2023-09-08,12.67,12.83,12.5,12.72,1176900.0,15071868.0,204192000.0,0.005763692994828397,13.026,13.203,13.172999999999998,13.3085,37.66233743408111,1759060.55,13.203499999999998,13.2805,True,True,13.57,14970168.0,23215562.4375
2023-09-11,12.84,13.04,12.66,12.98,1592200.0,20674888.0,204192000.0,0.007797563077887478,12.940000000000001,13.175999999999998,13.1645,13.331,47.478991317350484,1764490.55,13.233333333333333,13.261000000000001,True,True,13.57,20666756.0,23273433.2375
2023-09-12,13.02,13.56,12.93,13.45,2747900.0,36813645.0,204192000.0,0.013457432220655069,12.986,13.168000000000001,13.1775,13.3605,58.18181788561983,1819975.55,13.253499999999999,13.243500000000001,True,True,13.57,36959255.0,24041003.0875
2023-09-13,13.49,14.42,13.26,14.0,6207709.0,87757734.0,204192000.0,0.03040133305908165,13.169999999999998,13.211000000000002,13.23,13.4025,61.14864835943206,2073431.0,13.272333333333334,13.228,False,True,13.57,86907926.0,27649155.8875
2023-09-14,13.83,13.91,12.98,13.14,4741900.0,63475455.0,204192000.0,0.023222751136185552,13.258,13.192000000000002,13.233,13.433666666666666,48.138297693102096,2228171.0,13.289333333333333,13.197999999999999,False,False,14.0,62308566.0,29687380.7875
2023-09-15,13.17,13.19,12.89,12.93,2539491.0,33167938.0,204192000.0,0.01243678008932769,13.3,13.163,13.227,13.461666666666666,45.93908613118091,2281715.55,13.3085,13.172999999999998,True,False,14.0,32835618.63,30370900.219
2023-09-18,12.9,13.25,12.75,12.91,2195700.0,28654921.0,204192000.0,0.010753114715561824,13.285999999999998,13.113,13.208000000000002,13.494833333333334,41.57608679835185,2290175.55,13.331,13.1645,True,True,14.0,28346487.0,30441615.319
2023-09-19,12.95,12.98,12.57,12.61,1919500.0,24613936.0,204192000.0,0.00940046622786397,13.118,13.052000000000001,13.1835,13.515833333333331,37.817258748872675,2265940.55,13.3605,13.1775,True,True,14.0,24204895.0,30077109.069
2023-09-20,12.63,12.95,12.54,12.61,2404400.0,30699419.0,204192000.0,0.011775191976179282,12.84,13.004999999999999,13.164000000000001,13.534666666666665,40.27027011789627,2294220.55,13.4025,13.23,True,True,14.0,30319484.0,30397863.269
2023-09-21,12.69,12.69,12.36,12.39,1738900.0,21808933.0,204192000.0,0.008516004544742203,12.690000000000001,12.974,13.116499999999998,13.530666666666665,39.10761140485392,2267615.55,13.433666666666666,13.233,True,True,14.0,21544971.0,29960354.819
2023-09-22,12.32,12.56,12.16,12.55,1606951.0,20024593.0,204192000.0,0.007869803910045447,12.614,12.956999999999999,13.080000000000002,13.532666666666668,38.62433848128553,2224423.1,13.461666666666666,13.227,True,True,14.0,20167235.05,29328105.371499997
2023-09-25,12.79,12.81,12.36,12.51,1332800.0,16726846.0,204192000.0,0.006527190095596301,12.533999999999999,12.91,13.043000000000001,13.531,40.22038551981118,2158453.1,13.494833333333334,13.208000000000002,True,True,14.0,16673328.0,28404689.2715
2023-09-26,12.61,12.62,12.26,12.31,782100.0,9731386.0,204192000.0,0.003830218617771509,12.474,12.796000000000001,12.982,13.515666666666666,39.56639551384025,2107303.0,13.515833333333331,13.1835,True,True,14.0,9627651.0,27664920.3185
2023-09-27,12.32,12.71,12.26,12.61,1553900.0,19664726.0,204192000.0,0.007609994514966306,12.474,12.657,12.934000000000001,13.501333333333331,48.75346241480651,2093108.0,13.534666666666665,13.164000000000001,True,True,14.0,19594679.0,27397706.9685
2023-09-28,12.78,13.18,12.59,13.04,1766300.0,22960133.0,204192000.0,0.008650191976179283,12.604000000000001,12.647,12.9195,13.493666666666666,53.98009931449715,2074743.0,13.530666666666665,13.116499999999998,True,True,14.0,23032552.0,27127290.1685
2023-10-09,13.04,13.04,12.17,12.31,2326300.0,29132411.0,204192000.0,0.011392708823068485,12.556000000000001,12.584999999999999,12.874,13.474166666666667,42.53897536847535,2123098.0,13.532666666666668,13.080000000000002,False,True,14.0,28636753.0,27660696.6185
2023-10-10,12.32,12.44,12.19,12.29,1575400.0,19448252.0,204192000.0,0.007715287572480803,12.512,12.523,12.818000000000001,13.450166666666666,35.64356423291834,2106252.55,13.531,13.043000000000001,True,False,14.0,19361666.0,27346576.733999997
2023-10-11,12.3,12.37,12.19,12.25,1184200.0,14571832.0,204192000.0,0.005799443660868203,12.5,12.486999999999998,12.7695,13.418833333333334,25.212464489242336,2101642.55,13.515666666666666,12.982,True,True,14.0,14506450.0,27228198.834
2023-10-12,12.33,12.33,12.08,12.16,1005300.0,12261278.0,204192000.0,0.004923307475317348,12.41,12.442,12.7235,13.387,32.2463766480256,2103522.55,13.501333333333331,12.934000000000001,True,True,14.0,12224448.0,27206545.433999997
2023-10-13,12.16,12.21,11.95,12.04,1044200.0,12654572.0,204192000.0,0.005113814449145902,12.209999999999999,12.407,12.6905,13.352666666666666,33.333333158551795,2072102.55,13.493666666666666,12.9195,True,True,14.0,12572168.0,26773052.834
2023-10-16,12.17,12.17,11.97,12.13,893200.0,10832718.0,204192000.0,0.0043743143707882775,12.174,12.365,12.661,13.3195,35.7664231749161,2057917.55,13.474166666666667,12.874,True,True,14.0,10834516.0,26566270.233999997
2023-10-17,12.31,12.31,11.95,12.0,941100.0,11355002.0,204192000.0,0.00460889750822755,12.116,12.313999999999998,12.611999999999998,13.2835,38.1322955121198,2025362.55,13.450166666666666,12.818000000000001,True,True,14.0,11293200.0,26097592.433999997
2023-10-18,12.1,12.1,11.8,11.87,1163367.0,13903934.0,204192000.0,0.005697417136812412,12.04,12.27,12.533,13.239333333333333,36.29629610809329,1946135.9,13.418833333333334,12.7695,True,True,14.0,13809166.29,24940087.998499997
2023-10-19,11.85,12.16,11.7,12.0,998700.0,12018217.0,204192000.0,0.004890984955336154,12.008,12.209,12.433,13.2,42.52873540406043,1685685.45,13.387,12.7235,True,True,14.0,11984400.0,21193911.6985
2023-10-20,12.07,12.08,11.85,11.95,1042231.0,12510053.0,204192000.0,0.005104171564018179,11.99,12.1,12.373499999999998,13.163166666666667,37.99999978719999,1500702.0,13.352666666666666,12.6905,True,True,13.14,12454660.45,18701216.421
2023-10-23,11.93,11.96,11.35,11.6,1251300.0,14627928.0,204192000.0,0.006128055947343677,11.884,12.029,12.307,13.123333333333333,33.80782901305709,1436292.45,13.3195,12.661,True,True,13.04,14515080.0,17785189.489499997
2023-10-24,11.6,12.05,11.26,11.91,1726160.0,20436019.0,204192000.0,0.008453612286475475,11.866,11.991,12.257000000000001,13.084666666666667,43.15068472462001,1412815.45,13.2835,12.611999999999998,True,True,13.04,20558565.6,17395793.4195
2023-10-25,11.98,12.3,11.93,12.23,1532860.0,18773868.0,204192000.0,0.007506954239147469,11.937999999999999,11.989,12.238,13.047666666666666,43.5374147586654,1393483.45,13.239333333333333,12.533,True,True,13.04,18746877.8,17122892.5595
2023-10-26,12.2,12.23,11.81,11.92,1750700.0,20984605.0,204192000.0,0.008573793292587369,11.922,11.965,12.203500000000002,13.0045,30.141843821990904,1360798.45,13.2,12.433,True,True,13.04,20868344.0,16650335.5595
2023-10-27,11.98,11.98,11.69,11.95,1654900.0,19723779.0,204192000.0,0.008104627017708824,11.922,11.956,12.1815,12.962166666666665,41.50943368814525,1356598.45,13.163166666666667,12.373499999999998,True,True,13.04,19776055.0,16561889.7595
2023-10-30,11.89,12.43,11.62,12.13,2685100.0,32325783.0,204192000.0,0.013149878545682494,12.028,11.956,12.160499999999999,12.924000000000001,46.49122778470303,1410505.9,13.123333333333333,12.307,True,True,13.04,32570263.000000004,17182041.157
2023-10-31,12.13,12.92,12.0,12.57,3468951.0,43790562.0,204192000.0,0.016988672425952044,12.16,12.013000000000002,12.163499999999999,12.892333333333333,55.970148961349956,1517313.45,13.084666666666667,12.257000000000001,True,True,13.04,43604714.07,18528610.460500002
2023-11-01,12.57,12.68,12.17,12.65,2685900.0,33521800.0,204192000.0,0.013153796426892336,12.244,12.091,12.180499999999999,12.862666666666666,59.176029652260496,1612503.45,13.047666666666666,12.238,False,True,13.04,33976635.0,19746059.6605
2023-11-02,12.79,12.84,12.49,12.74,2143000.0,27273569.0,204192000.0,0.0104950242908635,12.408000000000001,12.165000000000001,12.187000000000001,12.829333333333333,63.257575422118904,1641958.45,13.0045,12.203500000000002,False,False,13.04,27301820.0,20131416.710500002
2023-11-03,12.79,12.89,12.6,12.64,1358000.0,17349754.0,204192000.0,0.006650603353706316,12.546000000000001,12.234,12.166999999999998,12.800166666666666,59.6226411944464,1621543.45,12.962166666666665,12.1815,False,False,13.04,17165120.0,19838045.1105
2023-11-06,12.64,12.65,12.41,12.46,1961700.0,24621643.0,204192000.0,0.009607134461683122,12.612,12.32,12.1745,12.776333333333334,58.518518215089166,1603313.45,12.924000000000001,12.160499999999999,False,False,12.74,24442782.0,19628346.560500003
2023-11-07,12.44,12.61,12.34,12.44,1432000.0,17949115.0,204192000.0,0.007013007365616675,12.586,12.373,12.181999999999999,12.753666666666668,61.00386067411039,1596143.45,12.892333333333333,12.163499999999999,False,False,12.74,17814080.0,19550967.260500003
2023-11-08,12.55,12.58,12.17,12.3,1347000.0,16697354.0,204192000.0,0.006596732487070992,12.516,12.38,12.1845,12.7325,55.76923046893492,1604283.45,12.862666666666666,12.180499999999999,False,False,12.74,16568100.000000002,19654049.760500003
2023-11-09,12.42,12.54,12.2,12.27,1083200.0,13429840.0,204192000.0,0.005304811158125686,12.422,12.415000000000001,12.19,12.713833333333334,56.20155008262725,1608178.45,12.829333333333333,12.187000000000001,False,False,12.74,13290864.0,19707370.560500003
2023-11-10,12.35,12.37,12.16,12.25,813100.0,10002387.0,204192000.0,0.003982036514652875,12.344,12.445,12.2005,12.696333333333333,64.4444440434568,1596623.45,12.800166666666666,12.166999999999998,False,False,12.74,9960475.0,19576785.9105
2023-11-13,12.32,12.49,12.26,12.42,1250300.0,15578966.0,204192000.0,0.006123158595831375,12.336000000000002,12.474,12.215,12.682999999999998,62.085307644931596,1614478.45,12.776333333333334,12.1745,False,False,12.74,15528726.0,19811496.4105
2023-11-14,12.45,12.53,12.3,12.4,1178600.0,14696165.0,204192000.0,0.005772018492399311,12.328,12.456999999999999,12.235000000000001,12.6705,54.69613217362107,1626353.45,12.753666666666668,12.181999999999999,False,False,12.74,14614640.0,19977568.4105
2023-11-15,12.96,13.09,12.38,12.54,1763350.0,22230057.0,204192000.0,0.00863574478921799,12.376000000000001,12.446000000000002,12.2685,12.659666666666668,68.90243843619868,1656352.6,12.7325,12.1845,False,False,12.74,22112409.0,20392730.546
2023-11-16,12.83,12.83,12.47,12.5,1421500.0,17896372.0,204192000.0,0.0069615851747375015,12.422,12.422,12.2935,12.652166666666666,66.66666610101014,1677492.6,12.713833333333334,12.19,False,False,12.74,17768750.0,20681948.046
2023-11-17,12.47,12.48,12.32,12.42,1193400.0,14870125.0,204192000.0,0.005844499294781382,12.456,12.4,12.317,12.641166666666665,59.35483817356919,1685051.05,12.696333333333333,12.2005,False,False,12.74,14822028.0,20800316.4235
2023-11-20,12.55,12.89,12.43,12.82,2466360.0,31499620.0,204192000.0,0.012078631875881523,12.535999999999998,12.436,12.378,12.637333333333334,58.27814515503708,1745804.05,12.682999999999998,12.215,False,False,12.74,31618735.2,21655499.1835
2023-11-21,12.82,12.94,12.49,12.53,1309700.0,16618574.0,204192000.0,0.006414061275662122,12.562,12.445,12.409,12.624666666666666,46.511627528393696,1724981.05,12.6705,12.235000000000001,False,False,12.82,16410541.0,21448097.9535
2023-11-22,12.53,12.63,12.4,12.41,1355600.0,17021539.0,204192000.0,0.00663884971007679,12.536,12.456,12.418000000000001,12.613166666666666,40.57142824685714,1716118.05,12.659666666666668,12.2685,False,False,12.82,16822996.0,21351903.8635
2023-11-23,12.38,12.58,12.35,12.58,942200.0,11809652.0,204192000.0,0.004614284594891083,12.552,12.487,12.450999999999999,12.606166666666667,48.35164797971259,1675693.05,12.652166666666666,12.2935,True,False,12.82,11852876.0,20901130.4635
2023-11-24,12.63,12.63,12.4,12.41,1061600.0,13297939.0,204192000.0,0.00519902836545996,12.55,12.503,12.474,12.590666666666666,48.61878415432983,1646028.05,12.641166666666665,12.317,False,True,12.82,13174456.0,20571050.513499998
2023-11-27,12.46,12.52,12.3,12.48,1650500.0,20579130.0,204192000.0,0.008083078671054693,12.482,12.509,12.4915,12.577333333333334,51.075268432766826,1594298.05,12.637333333333334,12.378,True,False,12.82,20598240.0,19972449.3635
2023-11-28,12.48,12.63,12.36,12.63,1494258.0,18825730.0,204192000.0,0.007317906676069581,12.502,12.532,12.4945,12.567,58.82352897137465,1495563.4,12.624666666666666,12.409,True,True,12.82,18872478.540000003,18735837.587
2023-11-29,12.64,12.68,12.46,12.52,1134100.0,14296227.0,204192000.0,0.005554086350101865,12.524,12.53,12.488000000000001,12.550166666666666,56.410256005259704,1417973.4,12.613166666666666,12.418000000000001,False,True,12.82,14198932.0,17746952.437
2023-11-30,12.5,12.55,12.22,12.31,1150700.0,14261999.0,204192000.0,0.00563538238520608,12.47,12.511,12.4665,12.529166666666667,51.40186882260462,1368358.4,12.606166666666667,12.450999999999999,False,False,12.82,14165117.0,17090117.287
2023-12-01,12.3,12.52,12.18,12.4,1315158.0,16359891.0,204192000.0,0.006440791020216267,12.468,12.509,12.4545,12.513666666666667,49.514562770289395,1366216.3,12.590666666666666,12.474,True,False,12.82,16307959.200000001,17047259.247
2023-12-04,12.57,12.57,12.13,12.17,1246556.0,15335070.0,204192000.0,0.006104822911769315,12.406,12.443999999999999,12.440000000000001,12.496166666666666,44.9339204277203,1330459.1,12.577333333333334,12.4915,True,True,12.82,15170586.52,16583649.473
2023-12-05,12.24,12.3,12.09,12.09,1168500.0,14274830.0,204192000.0,0.0057225552421250585,12.297999999999998,12.4,12.422500000000001,12.474166666666665,39.819004272639816,1317284.1,12.567,12.4945,True,True,12.82,14127165.0,16399303.723
2023-12-06,12.33,12.61,12.09,12.55,2230100.0,27928099.0,204192000.0,0.010921583607585017,12.304,12.414000000000001,12.434999999999999,12.463000000000001,50.95057007098558,1361439.1,12.550166666666666,12.488000000000001,True,True,12.82,27987755.0,16970286.472999997
2023-12-07,12.58,12.96,12.45,12.5,3038200.0,38674764.0,204192000.0,0.014879133364676384,12.342,12.406,12.4465,12.453333333333335,51.538461260946754,1459189.1,12.529166666666667,12.4665,False,True,12.82,37977500.0,18204618.273
2023-12-08,12.66,12.73,11.98,12.0,2478700.0,30486223.0,204192000.0,0.012139065193543332,12.262,12.365,12.434000000000001,12.441666666666666,34.81481463429357,1542469.1,12.513666666666667,12.4545,False,False,12.82,29744400.0,19193814.523
2023-12-11,11.9,12.08,11.81,11.99,1648100.0,19751526.0,204192000.0,0.008071325027425169,12.226,12.316,12.4125,12.429499999999999,38.84297498190018,1562359.1,12.496166666666666,12.440000000000001,True,False,12.82,19760719.0,19405414.173
2023-12-12,12.0,12.07,11.78,11.9,1340200.0,15977038.0,204192000.0,0.006563430496787337,12.188,12.243,12.3875,12.4115,39.33054370266629,1570439.1,12.474166666666665,12.422500000000001,True,True,12.82,15948380.0,19472101.173
2023-12-13,11.87,11.98,11.81,11.93,887100.0,10609400.0,204192000.0,0.004344440526563235,12.064,12.184000000000001,12.357,12.386166666666666,35.555555334321,1526626.6,12.463000000000001,12.434999999999999,True,True,12.82,10583103.0,18895635.873
2023-12-14,12.06,12.14,11.92,12.07,1188000.0,14370450.0,204192000.0,0.00581805359661495,11.978,12.16,12.3355,12.354000000000001,42.34234207531858,1514951.6,12.453333333333335,12.4465,True,True,12.82,14339160.0,18724156.373
2023-12-15,12.14,12.14,11.95,12.08,814500.0,9858696.0,204192000.0,0.003988892806770099,11.994,12.128,12.3185,12.336333333333332,40.74074047668039,1496006.6,12.441666666666666,12.434000000000001,True,True,12.82,9839160.0,18475012.972999997
2023-12-18,12.0,12.08,11.72,11.77,1082700.0,12883434.0,204192000.0,0.005302362482369535,11.95,12.088000000000001,12.266,12.317,31.46551705150118,1426823.6,12.429499999999999,12.4125,True,True,12.82,12743379.0,17531245.163
2023-12-19,11.7,11.78,11.53,11.68,1176300.0,13768882.0,204192000.0,0.005760754583921016,11.906,12.047,12.2235,12.2965,31.739130241587915,1420153.6,12.4115,12.3875,True,True,12.63,13739184.0,17397677.313
2023-12-20,11.71,11.88,11.6,11.64,857900.0,10118303.0,204192000.0,0.004201437862404012,11.848,11.956,12.184999999999999,12.280333333333335,34.27230024421962,1395268.6,12.386166666666666,12.357,True,True,12.63,9985956.0,17055825.313
2023-12-21,11.69,11.73,11.41,11.69,816900.0,9495268.0,204192000.0,0.004000646450399624,11.772,11.875,12.1405,12.265000000000002,33.01435384583685,1389003.6,12.354000000000001,12.3355,True,True,12.63,9549561.0,16940659.563
2023-12-22,11.72,11.74,11.51,11.57,1121800.0,13070397.0,204192000.0,0.005493848926500548,11.67,11.832,12.098500000000001,12.251333333333333,34.84848460208143,1392013.6,12.336333333333332,12.3185,True,True,12.63,12979226.0,16930898.063
2023-12-25,11.6,11.64,11.36,11.42,919400.0,10565420.0,204192000.0,0.004502624980410594,11.6,11.775,12.0455,12.232499999999998,33.658536355502676,1355458.6,12.317,12.266,True,True,12.63,10499548.0,16425963.463
2023-12-26,11.55,11.55,11.28,11.37,736100.0,8415330.0,204192000.0,0.0036049404482056103,11.538,11.722,11.9825,12.2135,14.024390124181963,1317550.7,12.2965,12.2235,True,True,12.63,8369456.999999999,15900812.385999998
2023-12-27,11.37,11.43,11.2,11.39,1389600.0,15827758.0,204192000.0,0.006805359661495063,11.488,11.668000000000001,11.925999999999998,12.198166666666669,15.527950175533363,1330325.7,12.280333333333335,12.184999999999999,True,True,12.55,15827544.0,15982242.985999998
2023-12-28,11.43,11.65,11.3,11.58,1195000.0,13827306.0,204192000.0,0.005852335057201065,11.466,11.619000000000002,11.8895,12.181000000000001,33.8461534816568,1332540.7,12.265000000000002,12.1405,True,True,12.55,13838100.0,15965892.135999998
2023-12-29,11.58,11.78,11.47,11.77,1759000.0,20523632.0,204192000.0,0.008614441310139477,11.506,11.588,11.858,12.159833333333331,42.56756716490136,1354732.8,12.251333333333333,12.098500000000001,True,True,12.55,20703430.0,16185665.675999999
2024-01-02,11.77,12.29,11.73,12.16,1584100.0,19204811.0,204192000.0,0.007757894530637831,11.654,11.626999999999999,11.8575,12.157333333333334,57.30337033581618,1371610.0,12.232499999999998,12.0455,True,True,12.55,19262656.0,16390269.15
2024-01-03,12.2,12.45,12.09,12.42,1855200.0,22837242.0,204192000.0,0.009085566525622943,11.864,11.701,11.873999999999999,12.159500000000001,62.189054293210575,1405945.0,12.2135,11.9825,False,True,12.55,23041584.0,16835990.1
2024-01-04,12.19,12.65,12.19,12.43,1853300.0,23040679.0,204192000.0,0.00907626155774957,12.072,11.780000000000001,11.868,12.1625,59.57446764146672,1387105.0,12.198166666666669,11.925999999999998,False,False,12.55,23036519.0,16588428.3
2024-01-05,12.57,13.67,12.39,13.67,14043800.0,186873119.0,204192000.0,0.0687774251684689,12.49,11.978,11.9265,12.187666666666667,75.56270062447659,1937385.0,12.181000000000001,11.8895,False,False,12.5,191978746.0,24288490.6
2024-01-08,13.59,13.59,12.77,13.21,15548869.0,203635767.0,204192000.0,0.07614827711173797,12.778,12.142,11.987,12.207166666666666,72.08588926098088,2590893.45,12.159833333333331,11.858,False,False,13.67,205400559.49,33071298.574500002
2024-01-09,12.89,12.89,11.89,12.16,12446556.0,154087522.0,204192000.0,0.06095515984955336,12.778,12.216,11.9955,12.207666666666666,55.68720360672492,3130816.25,12.157333333333334,11.8575,False,False,13.67,151350120.96,39650768.6725
2024-01-10,11.76,11.88,11.33,11.6,7171625.0,83645730.0,204192000.0,0.035121968539413885,12.614,12.238999999999999,11.9805,12.201,49.578058925296865,3422387.5,12.159500000000001,11.873999999999999,False,False,13.67,83190850.0,43012892.1725
2024-01-11,11.55,11.67,11.35,11.62,5219800.0,60529261.0,204192000.0,0.025563195423914747,12.452,12.262,11.965,12.196833333333334,49.25690006590305,3639022.5,12.1625,11.868,True,False,13.67,60654075.99999999,45516440.822500005
2024-01-12,11.85,12.4,11.81,11.98,7270393.0,87807651.0,204192000.0,0.035605670153580946,12.114,12.302,11.9605,12.196499999999999,54.141413988286914,3943142.15,12.187666666666667,11.9265,True,True,13.67,87099308.14,49154448.2295
2024-01-15,11.65,11.86,11.54,11.56,4141700.0,48437372.0,204192000.0,0.020283360758501803,11.784,12.281,11.9345,12.19,51.340996030886224,4109502.15,12.207166666666666,11.987,False,True,13.67,47878052.0,51056392.829500005
2024-01-16,11.55,11.63,10.99,11.21,4100300.0,46286691.0,204192000.0,0.020080610405892492,11.594,12.186,11.9065,12.183500000000002,48.55072451454528,4260382.15,12.207666666666666,11.9955,True,False,13.67,45964363.0,52717442.0295
2024-01-17,11.2,11.24,10.82,10.83,2998900.0,33055194.0,204192000.0,0.01468666745024291,11.440000000000001,12.027,11.864,12.1655,45.23809513038549,4351512.15,12.201,11.9805,True,True,13.67,32478087.0,53654387.1795
2024-01-18,10.8,11.2,10.49,11.03,4429394.0,48265356.0,204192000.0,0.021692299404482057,11.322,11.887,11.8335,12.145499999999998,45.33106950175976,4530086.85,12.196833333333334,11.965,True,True,13.67,48856215.82,55597900.1705
2024-01-19,10.97,11.03,10.6,10.7,3248562.0,35183838.0,204192000.0,0.015909350023507286,11.065999999999999,11.59,11.784,12.125166666666667,41.127694763550956,4651669.95,12.196499999999999,11.9605,True,True,13.67,34759613.4,56858402.7905
2024-01-22,10.6,10.65,9.74,9.91,4134768.0,42061434.0,204192000.0,0.020249412317818523,10.735999999999999,11.26,11.701,12.091166666666668,32.50388795411283,4802318.35,12.19,11.9345,True,True,13.67,40975550.88,58258219.0345
2024-01-23,9.75,10.36,9.51,10.25,5303203.0,53631524.0,204192000.0,0.025971649232095283,10.544,11.068999999999999,11.6425,12.059833333333332,33.33333326164875,5021508.5,12.183500000000002,11.9065,True,True,13.67,54357830.75,60451133.172000006
2024-01-24,10.13,10.17,9.28,9.92,5127774.0,50160381.0,204192000.0,0.02511251175364363,10.361999999999998,10.901,11.57,12.015666666666668,31.625182951280735,5241092.2,12.1655,11.864,True,True,13.67,50867518.08,62576036.225999996
2024-01-25,9.9,10.26,9.76,10.22,3408500.0,34425362.0,204192000.0,0.016692622629681866,10.2,10.761,11.511500000000002,11.975166666666667,20.71307295586027,5342037.2,12.145499999999998,11.8335,True,True,13.67,34834870.0,63526402.526
2024-01-26,10.18,10.58,10.17,10.35,2626800.0,27508648.0,204192000.0,0.01286436295251528,10.129999999999999,10.598,11.45,11.935333333333334,24.280575478430194,5413627.2,12.125166666666667,11.784,True,True,13.67,27187380.0,64193866.526
2024-01-29,10.41,10.41,9.84,9.86,2172000.0,21862710.0,204192000.0,0.010637047484720264,10.12,10.428,11.3545,11.889000000000001,26.999999924399987,5434277.2,12.091166666666668,11.701,True,True,13.67,21415920.0,64229491.026
2024-01-30,10.06,10.16,9.27,9.71,2269200.0,22560783.0,204192000.0,0.011113070051716032,10.011999999999999,10.278,11.232,11.843166666666667,29.411764616173272,5468532.2,12.059833333333332,11.6425,True,True,13.67,22033932.000000004,64368054.826
2024-01-31,9.83,9.94,9.1,9.21,2182674.0,20755888.0,204192000.0,0.010689321814762577,9.870000000000001,10.116000000000001,11.0715,11.789333333333332,26.232741544919463,5484905.9,12.015666666666668,11.57,True,True,13.67,20102427.540000003,64221097.003
2024-02-01,9.04,9.23,8.56,9.21,2727080.0,24660797.0,204192000.0,0.013355469362168939,9.668,9.934000000000001,10.9105,11.737833333333333,20.594479768933596,5528594.9,11.975166666666667,11.511500000000002,True,True,13.67,25116406.8,64325091.39299999
2024-02-02,9.2,9.34,8.61,8.84,4342800.0,38602416.0,204192000.0,0.021268218147625764,9.366000000000001,9.748000000000001,10.669,11.680666666666667,20.815450581241123,5043544.9,11.935333333333334,11.45,True,True,13.67,38390352.0,56645671.693
2024-02-05,8.79,8.79,7.96,7.96,2075900.0,16699730.0,204192000.0,0.010166412004388028,8.986,9.553,10.4065,11.609166666666669,18.689788003534275,4369896.45,11.889000000000001,11.3545,True,True,13.21,16524164.0,47201851.9185
2024-02-06,7.65,7.95,7.16,7.45,4664082.0,34378739.0,204192000.0,0.02284164903620122,8.534,9.273,10.171000000000001,11.526333333333334,18.233082658785108,3980772.75,11.843166666666667,11.232,True,True,12.16,34747410.9,41371716.4155
2024-02-07,7.44,7.46,6.7,6.7,5034244.0,34564563.0,204192000.0,0.02465446246669801,8.032,8.951,9.926,11.431333333333333,13.117546817096127,3873903.7,11.789333333333332,11.0715,True,True,11.98,33729434.800000004,38898645.6555
2024-02-08,6.07,6.87,6.03,6.86,6972135.0,44080821.0,204192000.0,0.03414499588622473,7.562,8.615,9.687999999999999,11.336666666666668,16.315789433610348,3961520.45,11.737833333333333,10.9105,True,True,11.98,47828846.1,38257384.1605
2024-02-19,6.87,7.3,6.84,7.22,4863893.0,34730403.0,204192000.0,0.023820193739225826,7.2379999999999995,8.302,9.450000000000001,11.248666666666667,24.478178303094012,3841195.45,11.680666666666667,10.669,True,True,11.98,35117307.46,35658284.126499996
2024-02-20,7.22,7.77,7.14,7.73,3971844.0,29845052.0,204192000.0,0.01945151622002821,7.192,8.089,9.258500000000002,11.1705,26.838235225048663,3832702.65,11.609166666666669,10.4065,True,True,11.56,30702354.12,34799499.2325
2024-02-21,7.73,8.14,7.48,7.78,3285736.0,25938387.0,204192000.0,0.016091404168625607,7.258,7.896000000000001,9.087,11.0865,29.263565812075583,3791974.45,11.526333333333334,10.171000000000001,True,True,11.21,25563026.080000002,33779432.3865
2024-02-22,7.87,8.03,7.74,8.03,2423900.0,19320200.0,204192000.0,0.011870690330669174,7.523999999999999,7.7780000000000005,8.947,11.011500000000002,28.571428493150663,3763224.45,11.431333333333333,9.926,True,True,11.03,19463917.0,33128723.8865
2024-02-23,8.18,8.51,8.07,8.47,3367400.0,27900516.0,204192000.0,0.01649134148252625,7.846000000000001,7.704000000000001,8.818999999999999,10.945833333333333,32.656826483912255,3710124.75,11.336666666666668,9.687999999999999,True,True,11.03,28521878.000000004,32112006.995500006
2024-02-26,8.65,8.96,8.29,8.74,2936100.0,25537041.0,204192000.0,0.014379113775270333,8.15,7.694,8.721,10.881833333333333,39.23076912514793,3694501.65,11.248666666666667,9.450000000000001,True,True,10.7,25661514.0,31657102.0255
2024-02-27,8.79,9.04,8.66,9.04,2747300.0,24611963.0,204192000.0,0.013454493809747689,8.411999999999999,7.802000000000001,8.6775,10.825666666666669,43.738317642553916,3625128.25,11.1705,9.258500000000002,False,True,10.35,24835591.999999996,30850104.0815
2024-02-28,9.06,9.46,8.13,8.13,5763209.0,51200008.0,204192000.0,0.028224460311863344,8.482000000000001,7.87,8.5715,10.753166666666667,40.624999901258676,3648128.55,11.0865,9.087,False,False,10.35,46854889.17,30474957.002499998
2024-02-29,8.35,8.51,7.92,8.47,5052300.0,42200795.0,204192000.0,0.024742889045604136,8.57,8.047,8.498999999999999,10.683833333333334,43.934426128675085,3644354.85,11.011500000000002,8.947,True,False,10.35,42792981.0,30071230.148500003
2024-03-01,8.48,8.96,8.43,8.86,3710700.0,32364468.0,204192000.0,0.018172602256699578,8.648,8.247,8.431000000000001,10.622833333333334,50.16339857805758,3659464.85,10.945833333333333,8.818999999999999,True,True,10.35,32876801.999999996,29973326.7485
2024-03-04,8.8,8.94,8.36,8.76,3302809.0,28730201.0,204192000.0,0.01617501665099514,8.652000000000001,8.401,8.3515,10.563666666666666,57.49063655339533,3693265.3,10.881833333333333,8.721,False,True,10.35,28932606.84,30060588.090500005
2024-03-05,8.72,8.79,8.46,8.52,2713049.0,23471593.0,204192000.0,0.013286754623099828,8.548,8.48,8.2845,10.499,60.552268077370464,3720317.75,10.825666666666669,8.6775,False,False,9.86,23115177.48,30145550.964500003
2024-03-06,8.42,8.76,8.42,8.63,2283900.0,19668845.0,204192000.0,0.011185061118946873,8.648,8.565,8.230500000000001,10.440000000000001,71.7832954842063,3721052.75,10.753166666666667,8.5715,False,False,9.71,19710057.0,30029357.214500003
2024-03-07,8.64,8.78,8.49,8.56,2323800.0,20169588.0,204192000.0,0.01138046544428773,8.666,8.617999999999999,8.198,10.381166666666667,69.58525323175266,3728109.05,10.683833333333334,8.498999999999999,False,False,9.21,19891728.0,30018822.2375
2024-03-08,8.74,8.74,8.45,8.59,1589200.0,13669012.0,204192000.0,0.007782871023350572,8.612,8.629999999999999,8.166999999999998,10.315166666666666,67.08229403013664,3671215.05,10.622833333333334,8.431000000000001,False,False,9.21,13651228.0,29445563.297500003
2024-03-11,8.62,8.88,8.57,8.76,2205000.0,19314737.0,204192000.0,0.010798660084626235,8.611999999999998,8.632000000000001,8.163,10.252833333333333,64.0326973034175,3564325.05,10.563666666666666,8.3515,False,False,9.04,19315800.0,28491835.6975
2024-03-12,8.79,8.91,8.71,8.91,2095500.0,18575246.0,204192000.0,0.010262400094029149,8.690000000000001,8.619,8.2105,10.201333333333332,64.98673715920046,3565305.05,10.499,8.2845,False,False,9.04,18670905.0,28599172.747500002
2024-03-13,9.01,9.01,8.81,8.89,1837200.0,16394119.0,204192000.0,0.008997414198401504,8.742,8.695,8.282499999999999,10.149666666666667,62.14689240958859,3423960.95,10.440000000000001,8.230500000000001,False,False,9.04,16332708.000000002,27678437.602500003
2024-03-14,8.96,9.05,8.67,8.84,2317700.0,20686204.0,204192000.0,0.011350591600062685,8.798,8.732000000000001,8.3895,10.098666666666666,55.873015624691355,3288133.75,10.381166666666667,8.198,False,False,9.04,20488468.0,27016389.2625
2024-03-15,8.78,9.04,8.77,9.02,2570726.0,23097814.0,204192000.0,0.012589748863814448,8.884,8.748000000000001,8.4975,10.050166666666666,54.57516314900252,3068063.3,10.315166666666666,8.166999999999998,False,False,9.04,23187948.52,25784344.383500002
2024-03-18,9.25,9.33,9.02,9.2,2886344.0,26618847.0,204192000.0,0.014135441153424229,8.972,8.792,8.596499999999999,10.002333333333333,52.72108818432135,2969185.85,10.252833333333333,8.163,False,False,9.04,26554364.799999997,25356197.2505
2024-03-19,9.26,9.43,9.21,9.28,2271900.0,21253220.0,204192000.0,0.011126292900799247,9.046,8.868,8.674,9.955666666666668,77.2511843215561,2884188.65,10.201333333333332,8.2105,False,False,9.2,21083232.0,24875241.1445
2024-03-20,9.31,9.45,9.23,9.41,2356800.0,22182450.0,204192000.0,0.0115420780441937,9.15,8.946000000000002,8.7555,9.916333333333334,74.73684155457062,2837741.85,10.149666666666667,8.282499999999999,False,False,9.28,22177488.0,24705964.240499996
2024-03-21,9.41,9.58,9.25,9.31,2161726.0,20406572.0,204192000.0,0.010586732095282872,9.244,9.021,8.8195,9.876833333333334,63.975154723197434,2824633.15,10.098666666666666,8.3895,False,False,9.41,20125669.060000002,24739051.843499996
2024-03-22,9.31,9.44,8.99,9.12,2771709.0,25463461.0,204192000.0,0.013574033262811471,9.264,9.074,8.852,9.834833333333334,60.58823479515568,2794848.6,10.050166666666666,8.4975,False,False,9.41,25277986.08,24576857.2475
2024-03-25,9.14,9.2,8.8,8.82,1995744.0,17984723.0,204192000.0,0.009773859896567936,9.187999999999999,9.08,8.855999999999998,9.786999999999999,58.52272680720559,2747830.8,10.002333333333333,8.596499999999999,False,False,9.41,17602462.080000002,24173904.651499998
2024-03-26,8.82,9.0,8.64,8.81,2085900.0,18416904.0,204192000.0,0.01021538551951105,9.094,9.07,8.8445,9.741000000000001,55.421686279576136,2714760.8,9.955666666666668,8.674,True,False,9.41,18376779.0,23850964.0015
2024-03-27,8.8,8.91,8.44,8.48,2025900.0,17608545.0,204192000.0,0.009921544428772919,8.908000000000001,9.029,8.862,9.692000000000002,47.916666317274306,2527895.35,9.916333333333334,8.7555,True,True,9.41,17179632.0,22367201.143
2024-03-28,8.5,8.88,8.46,8.76,2501600.0,21853373.0,204192000.0,0.012251214543175052,8.798,9.020999999999999,8.8765,9.648500000000002,53.917050343392305,2400360.35,9.876833333333334,8.8195,True,True,9.41,21914016.0,21323252.893
2024-03-29,8.86,9.01,8.67,9.01,2341000.0,20977999.0,204192000.0,0.011464699890299326,8.776,9.02,8.883999999999999,9.608833333333333,55.555555209876545,2331875.35,9.834833333333334,8.852,True,True,9.41,21092410.0,20734033.293
2024-04-01,9.01,9.24,8.97,9.17,2478299.0,22636888.0,204192000.0,0.0121371013555869,8.846,9.017,8.9045,9.568666666666667,55.75221204401284,2290649.85,9.786999999999999,8.855999999999998,False,True,9.41,22726001.83,20423703.042499997
2024-04-02,9.17,9.49,9.15,9.39,5098960.0,47533660.0,204192000.0,0.024971399467168157,8.962,9.028,8.947999999999999,9.529,60.162601283627474,2409945.4,9.741000000000001,8.8445,False,False,9.41,47879234.400000006,21661905.8885
2024-04-03,9.39,9.51,9.12,9.4,2099400.0,19590906.0,204192000.0,0.010281499764927128,9.145999999999999,9.027,8.9865,9.483,61.5702475776928,2400720.4,9.692000000000002,8.862,False,False,9.41,19734360.0,21663121.038500004
2024-04-08,9.42,9.42,8.86,8.9,2982400.0,27197574.0,204192000.0,0.014605861150289922,9.174000000000001,8.986,9.003499999999999,9.424333333333333,47.81021873381642,2433650.4,9.648500000000002,8.8765,False,False,9.41,26543360.0,21995702.6385
2024-04-09,8.89,9.22,8.82,9.13,2123410.0,19303715.0,204192000.0,0.010399085174737501,9.198,8.987,9.0305,9.369333333333335,48.7455194686605,2460360.9,9.608833333333333,8.883999999999999,True,False,9.41,19386733.3,22282477.903500002
2024-04-10,9.11,9.12,8.72,8.77,2240410.0,19874378.0,204192000.0,0.010972075301676853,9.118,8.982,9.031,9.287666666666667,41.693810884783936,2462131.4,9.568666666666667,8.9045,False,True,9.41,19648395.7,22299107.688500002
2024-04-11,8.75,9.08,8.52,8.84,2148800.0,19269185.0,204192000.0,0.010523428929634853,9.008,8.985,9.0275,9.214833333333335,40.53156127327514,2464796.4,9.529,8.947999999999999,True,False,9.41,18995392.0,22315332.038500004
2024-04-12,8.84,8.95,8.54,8.56,2059800.0,17961940.0,204192000.0,0.010087564645039963,8.84,8.993,9.011000000000001,9.154833333333332,38.244513938738805,2475926.4,9.483,8.9865,True,True,9.41,17631888.0,22380291.038500004
2024-04-15,8.51,8.56,7.71,7.71,4623600.0,36393946.0,204192000.0,0.022643394452280207,8.602,8.888,8.9545,9.09,31.688311573081478,2591221.4,9.424333333333333,9.003499999999999,True,True,9.41,35647956.0,23138265.438500002
2024-04-16,7.53,7.53,6.94,6.94,1895600.0,13269787.0,204192000.0,0.00928341952671995,8.164,8.681000000000001,8.8505,9.011999999999999,28.24074064921983,2557465.1,9.369333333333335,9.0305,True,True,9.41,13155464.0,22636641.2125
2024-04-17,6.94,7.63,6.79,7.39,5024200.0,36278139.0,204192000.0,0.024605273468108448,7.888,8.503000000000002,8.760000000000002,8.9355,35.08403351025704,2664357.9,9.287666666666667,9.031,True,True,9.41,37128838.0,23165364.872500002
2024-04-18,7.59,7.59,6.99,7.31,3374116.0,24902730.0,204192000.0,0.01652423209528287,7.582000000000001,8.295,8.6615,8.864666666666666,37.02882471875752,2719468.7,9.214833333333335,9.0275,True,True,9.41,24664787.959999997,23344442.670500003
2024-04-19,7.37,7.37,7.12,7.15,1971300.0,14273210.0,204192000.0,0.009654149036201222,7.3,8.07,8.5485,8.796999999999999,31.662870058478333,2700193.7,9.154833333333332,9.011000000000001,True,True,9.41,14094795.0,22940308.0205
2024-04-22,7.1,7.23,6.82,7.05,2176800.0,15333084.0,204192000.0,0.010660554771979313,7.167999999999999,7.885,8.435500000000001,8.734000000000002,26.88679236405305,2700947.4,9.09,8.9545,True,True,9.4,15346440.0,22701346.567500003
2024-04-23,7.12,7.37,7.04,7.24,1843500.0,13392732.0,204192000.0,0.009028267512929008,7.228,7.696000000000001,8.3415,8.670833333333333,27.400468294237356,2654536.95,9.011999999999999,8.8505,True,True,9.4,13346940.0,22104794.263499998
2024-04-24,7.28,7.56,7.27,7.5,2268300.0,16951200.0,204192000.0,0.01110866243535496,7.25,7.569000000000001,8.275500000000001,8.6175,28.074245848482718,2668164.75,8.9355,8.760000000000002,True,True,9.4,17012250.0,22075283.6595
2024-04-25,7.53,7.82,7.47,7.74,2242800.0,17342851.0,204192000.0,0.010983779971791256,7.336,7.4590000000000005,8.222,8.581333333333333,31.718061576199815,2676009.75,8.864666666666666,8.6615,True,True,9.4,17359272.0,22024408.3095
2024-04-26,8.04,8.04,7.54,7.89,3521900.0,27694301.0,204192000.0,0.017247982291176932,7.484,7.392,8.192499999999999,8.542,37.94749390661934,2750809.75,8.796999999999999,8.5485,True,True,9.4,27787791.0,22554816.2595
2024-04-29,7.89,8.22,7.88,8.22,2804228.0,22811385.0,204192000.0,0.013733290236640026,7.718000000000001,7.4430000000000005,8.1655,8.513666666666667,39.393939265381086,2765941.15,8.734000000000002,8.435500000000001,True,True,9.4,23050754.16,22611653.1675
2024-04-30,8.27,8.63,8.15,8.31,3078900.0,25631408.0,204192000.0,0.01507845557122708,7.932,7.58,8.130500000000001,8.481833333333332,44.27860681097004,2802836.15,8.670833333333333,8.3415,False,True,9.4,25585659.0,22836315.6175
2024-05-06,8.41,8.83,8.33,8.78,4263400.0,37134066.0,204192000.0,0.020879368437548975,8.187999999999999,7.718999999999999,8.111,8.455666666666668,49.32126681210458,2892091.2,8.6175,8.275500000000001,False,False,9.4,37432652.0,23571648.126000002
2024-05-07,8.81,8.94,8.6,8.81,2890500.0,25383311.0,204192000.0,0.014155794546309356,8.402,7.8690000000000015,8.082,8.438166666666667,52.99760174053563,2781668.2,8.581333333333333,8.222,False,False,9.4,25465305.0,22450951.656
2024-05-08,8.71,8.84,8.52,8.74,2725100.0,23858310.0,204192000.0,0.013345772606174582,8.572,8.028,8.049000000000001,8.422,65.19174014375093,2812953.2,8.542,8.192499999999999,False,False,9.4,23817374.0,22655102.356
2024-05-09,8.76,8.86,8.67,8.71,2134400.0,18766090.0,204192000.0,0.010452907067857703,8.67,8.193999999999999,8.0395,8.413666666666666,83.39622597451051,2770553.2,8.513666666666667,8.1655,False,False,9.13,18590624.0,22257465.556
2024-05-10,8.73,8.8,8.56,8.69,2021100.0,17651640.0,204192000.0,0.009898037141513868,8.745999999999999,8.339,8.0175,8.405,79.27927877931984,2765437.7,8.481833333333332,8.130500000000001,False,False,9.13,17563359.0,22166296.841
2024-05-13,8.75,8.75,8.39,8.55,1876700.0,16248017.0,204192000.0,0.009190859583137439,8.700000000000001,8.443999999999999,8.006499999999999,8.400166666666667,77.19298198214838,2747252.2,8.455666666666668,8.111,False,False,8.84,16045785.000000002,21986166.306
2024-05-14,8.61,8.66,8.41,8.45,1769600.0,15112233.0,204192000.0,0.008666353236169879,8.628,8.515,7.986999999999999,8.408333333333333,79.27927877931981,2728292.2,8.438166666666667,8.082,False,False,8.84,14953119.999999998,21784052.706
2024-05-15,8.47,8.52,8.33,8.39,1852082.0,15695878.0,204192000.0,0.009070296583607584,8.558,8.565000000000001,7.978500000000001,8.424,80.73394443565357,2717906.3,8.422,8.049000000000001,False,False,8.81,15538967.98,21679406.705
2024-05-16,8.53,8.61,8.3,8.47,2434800.0,20788484.0,204192000.0,0.011924071462153267,8.51,8.59,8.0165,8.4535,79.71014438843382,2608466.3,8.413666666666666,8.0395,False,False,8.81,20622756.0,20928146.705
2024-05-17,8.45,8.92,8.42,8.79,3855300.0,33839665.0,204192000.0,0.018880759285378468,8.530000000000001,8.638,8.109,8.485666666666667,80.28168961317199,2706451.3,8.405,8.0175,False,False,8.81,33888087.0,21964777.854999997
2024-05-20,8.76,9.04,8.56,8.62,3518900.0,30752754.0,204192000.0,0.017233290236640025,8.544,8.622,8.1705,8.508999999999999,71.35922281600527,2631186.3,8.400166666666667,8.006499999999999,False,False,8.81,30332917.999999996,21624981.854999997
2024-05-21,8.57,8.66,8.45,8.64,2304200.0,19773571.0,204192000.0,0.011284477354646607,8.582,8.605,8.236999999999998,8.524166666666668,69.43005130983384,2577690.5,8.408333333333333,7.986999999999999,False,False,8.81,19908288.0,21387156.857
2024-05-22,8.58,8.86,8.57,8.77,2275300.0,19939067.0,204192000.0,0.011142943895941075,8.658,8.608,8.318,8.540666666666668,65.89595322396336,2592890.5,8.424,7.978500000000001,False,False,8.81,19954381.0,21680136.156999998
2024-05-23,8.81,8.81,8.44,8.47,2069770.0,17768767.0,204192000.0,0.010136391239617615,8.657999999999998,8.584,8.389,8.548,54.12371094962271,2587539.0,8.4535,8.0165,False,False,8.81,17530951.900000002,21789361.752
2024-05-24,8.38,8.58,8.33,8.42,1275500.0,10848726.0,204192000.0,0.006246571853941388,8.584,8.556999999999999,8.448,8.547166666666667,38.157894385387834,2559139.0,8.485666666666667,8.109,False,False,8.81,10739710.0,21659000.252
2024-05-27,8.55,8.55,8.15,8.28,3279400.0,27390049.0,204192000.0,0.01606037454944366,8.516,8.53,8.487,8.5395,33.74233099853208,2609694.0,8.508999999999999,8.1705,True,False,8.81,27153431.999999996,22166059.352
2024-05-28,8.25,8.39,8.21,8.33,1854100.0,15457864.0,204192000.0,0.009080179438959411,8.453999999999999,8.517999999999999,8.5165,8.527666666666667,37.267080421280035,2590259.0,8.524166666666668,8.236999999999998,True,True,8.81,15444653.0,22070328.402000003
2024-05-29,8.33,8.59,8.23,8.54,2226600.0,19013582.0,204192000.0,0.01090444287729196,8.408,8.533,8.549,8.5345,45.25139629412311,2525494.0,8.540666666666668,8.318,True,True,8.81,19015163.999999996,21631697.051999997
2024-05-30,8.64,9.4,8.56,9.4,6215500.0,56619061.0,204192000.0,0.030439488324713996,8.594,8.626,8.608,8.55,63.49809852130292,2696057.6,8.548,8.389,True,True,8.81,58425700.0,23400444.344
2024-05-31,9.86,10.34,8.78,9.57,24106080.0,234056275.0,204192000.0,0.11805594734367654,8.824000000000002,8.704,8.671,8.561833333333334,69.172931966759,3747416.6,8.547166666666667,8.448,False,True,9.4,230695185.6,33655920.674
2024-06-03,8.61,8.86,8.61,8.61,7096600.0,61567566.0,204192000.0,0.034754544742203415,8.89,8.703,8.6625,8.559333333333333,52.27272706482438,3889076.6,8.5395,8.487,False,False,9.57,61101725.99999999,34839374.374
2024-06-04,7.76,8.08,7.76,7.76,15104560.0,118500619.0,204192000.0,0.07397233975865852,8.776,8.614999999999998,8.61,8.546666666666669,42.69141517455225,4499779.6,8.527666666666667,8.5165,True,False,9.57,117211385.6,39426678.404
2024-06-05,7.75,7.9,7.55,7.84,7990600.0,62299770.0,204192000.0,0.039132776994201535,8.636,8.522,8.565,8.5335,42.69141517455225,4763054.6,8.5345,8.549,True,True,9.57,62646304.0,41368124.904
2024-06-06,7.78,7.8,7.05,7.05,8739400.0,64101142.0,204192000.0,0.04279991380661338,8.166,8.379999999999999,8.482000000000001,8.508333333333333,31.79916308678071,5093304.6,8.55,8.608,True,True,9.57,61612770.0,43519232.203999996
2024-06-07,7.17,7.63,7.17,7.44,6566960.0,49037035.0,204192000.0,0.032160711487227704,7.74,8.282,8.419500000000001,8.489166666666666,38.199999893040015,5320597.6,8.561833333333334,8.671,True,True,9.57,48858182.400000006,45083973.374
2024-06-11,7.55,7.57,7.22,7.45,4405500.0,32783481.0,204192000.0,0.02157528208744711,7.508,8.199,8.3645,8.467333333333334,38.076152197782335,5447037.6,8.559333333333333,8.6625,True,True,9.57,32820975.0,45922732.874
2024-06-12,7.48,7.64,7.39,7.58,3100400.0,23503824.0,204192000.0,0.015183748628741577,7.4719999999999995,8.123999999999999,8.321000000000002,8.445166666666667,38.076152197782356,5513577.6,8.546666666666669,8.61,True,True,9.57,23501032.0,46350128.474
2024-06-13,7.69,7.74,7.4,7.49,2785780.0,21114867.0,204192000.0,0.013642943895941076,7.401999999999999,8.019,8.276,8.421833333333334,39.748953858475865,5560262.5,8.5335,8.565,True,True,9.57,20865492.2,46616454.684999995
2024-06-14,7.57,7.57,7.35,7.46,3201800.0,23882971.0,204192000.0,0.015680340072089013,7.484,7.825,8.2255,8.398833333333334,39.91596626915472,5598612.5,8.508333333333333,8.482000000000001,True,True,9.57,23885428.0,46779588.285
2024-06-17,7.45,7.5,7.33,7.36,2509600.0,18692057.0,204192000.0,0.012290393355273469,7.468000000000001,7.603999999999999,8.154,8.371166666666667,40.25423716873745,5531327.5,8.489166666666666,8.419500000000001,True,True,9.57,18470656.0,46008716.735
2024-06-18,7.36,7.44,7.28,7.39,2048600.0,15196706.0,204192000.0,0.010032714308102179,7.456,7.481999999999999,8.0925,8.341,39.999999880851064,5457812.5,8.467333333333334,8.3645,True,True,9.57,15139154.0,45249028.535
2024-06-19,7.43,7.49,7.29,7.35,1702200.0,12617350.0,204192000.0,0.008336271744240715,7.409999999999999,7.441000000000001,8.028,8.308833333333334,36.86534204942279,5427712.5,8.445166666666667,8.321000000000002,True,True,9.57,12511170.0,44879172.635
2024-06-20,7.38,7.4,7.12,7.17,2043100.0,14791979.0,204192000.0,0.010005778874784517,7.346000000000001,7.3740000000000006,7.948,8.2715,21.038960962455718,5416102.5,8.421833333333334,8.276,True,True,9.57,14649027.0,44613904.934999995
2024-06-21,7.18,7.23,7.05,7.13,1374900.0,9875271.0,204192000.0,0.006733368594264222,7.279999999999999,7.382000000000001,7.881,8.235166666666666,17.204301010521434,5381359.0,8.398833333333334,8.2255,True,True,9.57,9803037.0,44227509.19
2024-06-24,7.13,7.15,6.77,6.81,2991100.0,20816589.0,204192000.0,0.014648468108446952,7.17,7.319,7.8004999999999995,8.196666666666665,20.77922068476977,5467139.0,8.371166666666667,8.154,True,True,9.57,20369391.0,44708993.239999995
2024-06-25,6.57,6.96,6.57,6.83,2546100.0,17494465.0,204192000.0,0.012469146685472497,7.058,7.257000000000001,7.728,8.1635,29.33333315081481,5430474.0,8.341,8.0925,True,True,9.57,17389863.0,44220814.79
2024-06-26,6.81,7.11,6.7,7.09,2133000.0,14859850.0,204192000.0,0.010446050775740479,7.006,7.208000000000001,7.6659999999999995,8.134833333333333,34.56790103541127,5444419.0,8.308833333333334,8.028,True,True,9.57,15122970.0,44204730.64
2024-06-27,7.1,7.22,6.99,6.99,1669000.0,11881835.0,204192000.0,0.008173679674032283,6.970000000000001,7.1579999999999995,7.588500000000001,8.110000000000001,48.27586168053905,5416539.0,8.2715,7.948,True,True,9.57,11666310.0,43837287.94
2024-06-28,7.01,7.12,6.97,7.0,1714200.0,12147335.0,204192000.0,0.008395039962388341,6.944,7.112,7.468500000000001,8.080666666666668,33.823529063581276,5191474.0,8.235166666666666,7.881,True,True,9.57,11999400.0,41515972.94
2024-07-01,7.08,7.28,6.97,7.24,2752800.0,19690751.0,204192000.0,0.01348142924306535,7.029999999999999,7.1,7.352000000000001,8.051166666666667,43.3962260329892,4123810.0,8.196666666666665,7.8004999999999995,True,True,9.57,19930272.0,30977727.26
2024-07-02,7.27,7.44,7.15,7.43,2109200.0,15610149.0,204192000.0,0.010329493809747688,7.15,7.103999999999999,7.292999999999999,8.022166666666667,45.45454506887051,3874440.0,8.1635,7.728,True,True,8.61,15671356.0,28706208.76
2024-07-03,7.46,7.47,7.31,7.33,1460200.0,10811044.0,204192000.0,0.007151112678263595,7.198,7.101999999999999,7.2715000000000005,7.987833333333333,45.180722510524014,3192222.0,8.134833333333333,7.6659999999999995,False,True,7.84,10703266.0,23380802.78
2024-07-04,7.39,7.48,7.04,7.07,1702100.0,12208915.0,204192000.0,0.008335782009089484,7.214,7.0920000000000005,7.233,7.949,39.68253938859494,2877797.0,8.110000000000001,7.588500000000001,False,False,7.84,12033847.0,20850179.93
2024-07-05,7.06,7.15,6.9,7.1,1747500.0,12398663.0,204192000.0,0.008558121767748002,7.234,7.089,7.235499999999999,7.9190000000000005,42.857142527472504,2528202.0,8.080666666666668,7.468500000000001,True,False,7.58,12407250.0,18389903.93
2024-07-08,7.22,7.22,6.85,6.86,2452200.0,17089238.0,204192000.0,0.012009285378467325,7.1579999999999995,7.093999999999999,7.2065,7.881166666666666,36.945812553083066,2322464.0,8.051166666666667,7.352000000000001,True,True,7.58,16822092.0,16788099.41
2024-07-09,6.89,7.02,6.66,6.95,2271900.0,15625031.0,204192000.0,0.011126292900799247,7.062,7.106,7.1815,7.850833333333333,40.38461511279586,2215784.0,8.022166666666667,7.292999999999999,True,True,7.58,15789705.0,15936535.91
2024-07-10,6.97,7.54,6.97,7.4,8301600.0,61097923.0,204192000.0,0.04065585331452751,7.0760000000000005,7.1370000000000005,7.172499999999999,7.826833333333334,54.89361669425081,2475844.0,7.987833333333333,7.2715000000000005,True,True,7.58,61431840.0,17833076.31
2024-07-11,7.39,7.44,7.23,7.43,7466980.0,54990557.0,204192000.0,0.03656842579532989,7.148000000000001,7.181,7.169500000000001,7.808000000000001,56.410256072759154,2709904.0,7.949,7.233,False,True,7.49,55479661.4,19563784.770000003
2024-07-12,7.47,7.55,7.3,7.31,5438900.0,40361934.0,204192000.0,0.026636205140260147,7.19,7.212000000000001,7.162000000000001,7.801333333333333,61.682242587125536,2821759.0,7.9190000000000005,7.235499999999999,False,False,7.46,39758359.0,20357431.32
2024-07-15,7.27,7.32,7.13,7.18,3278800.0,23619111.0,204192000.0,0.01605743613853628,7.2540000000000004,7.206,7.1530000000000005,7.8053333333333335,57.77777741827162,2860219.0,7.881166666666666,7.2065,False,False,7.43,23541784.0,20610987.720000003
2024-07-16,7.35,7.36,7.14,7.2,2676900.0,19413418.0,204192000.0,0.013109720263281617,7.303999999999999,7.183,7.1435,7.8021666666666665,52.73631804064258,2891634.0,7.850833333333333,7.1815,False,False,7.43,19273680.0,20817714.020000003
2024-07-17,7.17,7.2,7.03,7.03,2455000.0,17482147.0,204192000.0,0.012022997962701771,7.2299999999999995,7.1530000000000005,7.1275,7.797499999999999,50.96153811852812,2929274.0,7.826833333333334,7.172499999999999,False,False,7.43,17258650.0,21055088.020000003
2024-07-18,6.99,7.02,6.85,6.98,2079900.0,14486726.0,204192000.0,0.010186001410437236,7.140000000000001,7.144,7.117999999999999,7.794666666666667,49.52830155971877,2931114.0,7.808000000000001,7.169500000000001,True,False,7.43,14517702.0,21048521.770000003
2024-07-19,7.0,7.02,6.87,6.97,1801300.0,12578144.0,204192000.0,0.008821599279109858,7.072,7.131,7.109999999999999,7.793333333333334,42.85714253968253,2952434.0,7.801333333333333,7.162000000000001,True,True,7.43,12555061.0,21186122.970000003
2024-07-22,6.95,7.07,6.91,7.06,1877597.0,13211001.0,204192000.0,0.009195252507443975,7.048,7.151000000000001,7.1225,7.790333333333334,39.66480415904621,2896758.85,7.8053333333333335,7.1530000000000005,True,True,7.43,13255834.819999998,20830445.161000002
2024-07-23,7.1,7.22,7.0,7.01,2732100.0,19600333.0,204192000.0,0.013380054066760697,7.01,7.157000000000001,7.131500000000001,7.782166666666667,40.804597372836554,2906058.85,7.8021666666666665,7.1435,True,True,7.43,19152021.0,20918553.061
2024-07-24,7.05,7.06,6.84,6.88,2349100.0,16344190.0,204192000.0,0.011504368437548974,6.9799999999999995,7.1049999999999995,7.121,7.767833333333333,44.09937849851471,2916863.85,7.797499999999999,7.1275,True,True,7.43,16161808.0,20970494.961000003
2024-07-25,6.88,7.0,6.77,6.91,1894100.0,13114759.0,204192000.0,0.009276073499451497,6.965999999999999,7.053,7.117,7.751499999999999,44.09937849851473,2928118.85,7.794666666666667,7.117999999999999,True,True,7.43,13088231.0,21041591.011
2024-07-26,6.87,7.05,6.87,7.01,1538200.0,10813785.0,204192000.0,0.007533106096223163,6.974000000000001,7.023000000000001,7.1175,7.7313333333333345,55.10204029154518,2919318.85,7.793333333333334,7.109999999999999,True,True,7.43,10782782.0,20980760.111
2024-07-29,7.01,7.1,6.94,7.07,1540900.0,10900807.0,204192000.0,0.007546328945306378,6.975999999999999,7.0120000000000005,7.108999999999999,7.7106666666666674,54.1666661400463,2858723.85,7.790333333333334,7.1225,True,True,7.43,10894163.0,20528954.661000002
2024-07-30,7.11,7.22,7.04,7.15,1757200.0,12583735.0,204192000.0,0.008605626077417333,7.0040000000000004,7.007,7.095000000000001,7.6834999999999996,38.31775650799197,2841123.85,7.782166666666667,7.131500000000001,True,True,7.43,12563980.0,20373585.861
2024-07-31,7.22,7.32,7.14,7.29,2317624.0,16873548.0,204192000.0,0.011350219401347752,7.086,7.0329999999999995,7.092999999999999,7.658166666666667,44.06779608733125,2883995.05,7.767833333333333,7.121,False,True,7.43,16895478.96,20683196.509
2024-08-01,7.27,7.41,7.22,7.26,2109800.0,15431133.0,204192000.0,0.01033243222065507,7.156000000000001,7.061,7.102500000000001,7.6335,47.70642140560561,2904380.05,7.751499999999999,7.117,False,False,7.43,15317148.0,20847361.559
2024-08-02,7.21,7.32,7.12,7.14,1873400.0,13578058.0,204192000.0,0.009174698323146843,7.1819999999999995,7.078,7.1045,7.607333333333333,48.1481475240055,2910675.05,7.7313333333333345,7.1175,False,False,7.43,13376076.0,20895802.859
2024-08-05,7.15,7.19,6.93,6.93,2547100.0,18088941.0,204192000.0,0.012474044036984799,7.153999999999999,7.065,7.108,7.578,39.3700783061566,2915420.05,7.7106666666666674,7.108999999999999,False,False,7.43,17651403.0,20937268.409
2024-08-06,7.03,7.07,6.94,7.07,1484200.0,10473862.0,204192000.0,0.007268649114558846,7.138,7.071000000000001,7.114,7.553333333333333,51.612902643080126,2876035.05,7.6834999999999996,7.095000000000001,True,False,7.43,10493294.0,20672447.859
2024-08-07,7.05,7.18,7.01,7.07,1339800.0,9520457.0,204192000.0,0.006561471556182416,7.093999999999999,7.090000000000001,7.097499999999999,7.530333333333333,53.78151197231834,2527945.05,7.658166666666667,7.092999999999999,True,True,7.43,9472386.0,18074475.159
2024-08-08,7.08,7.13,6.93,7.09,1657800.0,11717589.0,204192000.0,0.0081188293370945,7.06,7.108,7.080499999999999,7.5086666666666675,54.99999935833334,2237486.05,7.6335,7.102500000000001,True,True,7.43,11753802.0,15888182.189
2024-08-09,7.15,7.15,7.03,7.05,1499100.0,10674258.0,204192000.0,0.007341619652092148,7.042,7.111999999999999,7.0675,7.484999999999999,49.565216787901726,2040496.05,7.607333333333333,7.1045,False,True,7.31,10568655.0,14428696.988999998
2024-08-12,7.17,7.7,7.11,7.15,5571800.0,40557918.0,204192000.0,0.027287063156245104,7.086,7.12,7.066,7.457666666666666,55.833332681944476,2155146.05,7.578,7.108,True,False,7.29,39838370.0,15243526.289
2024-08-13,7.08,7.26,6.92,7.19,4686203.0,33395835.0,204192000.0,0.022949983349004856,7.109999999999999,7.124,7.0655,7.433833333333334,63.96396315721128,2255611.2,7.553333333333333,7.114,False,True,7.29,33693799.57,15964532.267500002
2024-08-14,7.18,7.26,7.08,7.11,2835800.0,20421808.0,204192000.0,0.013887909418586428,7.118,7.106,7.0695,7.408333333333333,58.620688947681344,2274651.2,7.530333333333333,7.097499999999999,False,False,7.29,20162538.0,16109726.6675
2024-08-15,7.07,7.17,6.98,7.07,2284900.0,16229596.0,204192000.0,0.011189958470459175,7.114,7.087000000000001,7.074000000000001,7.38,52.727272056198366,2284901.2,7.5086666666666675,7.080499999999999,False,False,7.29,16154243.0,16191553.717500001
2024-08-16,7.1,7.34,6.96,6.98,3762500.0,26678074.0,204192000.0,0.018426285065036827,7.1,7.071000000000001,7.0745000000000005,7.355166666666666,46.01769854491348,2382961.2,7.484999999999999,7.0675,True,False,7.29,26262250.0,16876913.1675
2024-08-19,6.91,6.97,6.79,6.9,2367400.0,16356573.0,204192000.0,0.011593989970224103,7.05,7.0680000000000005,7.0665000000000004,7.329833333333334,38.9380526149268,2407451.35,7.457666666666666,7.066,True,True,7.29,16335060.0,17030874.4265
2024-08-20,6.87,6.92,6.7,6.72,2336800.0,15891640.0,204192000.0,0.011444131013947657,6.956,7.0329999999999995,7.052,7.3038333333333325,25.641025334209985,2387686.35,7.433833333333334,7.0655,True,True,7.29,15703296.0,16858438.1765
2024-08-21,6.65,6.75,6.63,6.69,1067500.0,7174005.0,204192000.0,0.005227922739382542,6.872,6.995,7.0424999999999995,7.2764999999999995,25.64102533421,2323606.35,7.408333333333333,7.0695,True,True,7.29,7141575.0,16407426.526500002
2024-08-22,6.67,6.8,6.56,6.59,1353600.0,9047705.0,204192000.0,0.006629055007052186,6.776000000000001,6.945,7.0265,7.244,26.086956204158824,2296581.35,7.38,7.074000000000001,True,True,7.29,8920224.0,16199026.176500002
2024-08-23,6.59,6.74,6.47,6.59,1743600.0,11519133.0,204192000.0,0.008539022096850023,6.698,6.898999999999999,7.0055000000000005,7.197166666666666,31.914893141693113,2306851.35,7.355166666666666,7.0745000000000005,True,True,7.29,11490324.0,16234403.276500002
2024-08-26,6.6,6.76,6.58,6.69,1597600.0,10750209.0,204192000.0,0.00782400877605391,6.656000000000001,6.853,6.986500000000001,7.149166666666667,28.888888439506218,2309686.35,7.329833333333334,7.0665000000000004,True,True,7.29,10687944.0,16224092.326500002
2024-08-27,6.59,6.75,6.59,6.69,1342800.0,8990943.0,204192000.0,0.006576163610719323,6.65,6.803,6.963500000000001,7.117166666666666,28.888888439506218,2288966.35,7.3038333333333325,7.052,True,True,7.29,8983332.0,16045059.926500002
2024-08-28,6.67,6.86,6.57,6.74,1735100.0,11762164.0,204192000.0,0.008497394608995455,6.659999999999999,6.766,6.936000000000002,7.1001666666666665,31.182795229506368,2259840.15,7.2764999999999995,7.0424999999999995,True,True,7.29,11694574.0,15785014.6785
2024-08-29,6.77,7.06,6.65,6.9,2927100.0,20199269.0,204192000.0,0.014335037611659614,6.7219999999999995,6.749,6.917999999999999,7.0845,42.85714228571433,2300705.15,7.244,7.0265,True,True,7.26,20196990.0,16029006.7785
2024-08-30,6.92,6.99,6.84,6.93,3207400.0,22297235.0,204192000.0,0.015707765240557905,6.790000000000001,6.744,6.907500000000001,7.0825000000000005,38.77550965014576,2367405.15,7.197166666666666,7.0055000000000005,True,True,7.19,22227282.0,16471567.078499999
2024-09-02,6.97,7.08,6.88,6.88,2370100.0,16625429.0,204192000.0,0.011607212819307319,6.828,6.742,6.904999999999999,7.073166666666667,34.3434338577696,2358555.15,7.149166666666667,6.986500000000001,False,True,7.19,16306288.0,16404311.328499999
2024-09-03,6.88,6.98,6.84,6.89,1457500.0,10102079.0,204192000.0,0.007137889829180379,6.868,6.759,6.896000000000001,7.063833333333333,38.04347768194704,2357220.15,7.117166666666666,6.963500000000001,True,False,7.19,10042175.0,16381755.3785
2024-09-04,6.89,6.95,6.79,6.81,1412400.0,9721325.0,204192000.0,0.006917019275975552,6.882,6.770999999999999,6.883000000000001,7.051,36.45833280164928,2360850.15,7.1001666666666665,6.936000000000002,True,True,7.19,9618444.0,16389058.2785
2024-09-05,6.9,6.94,6.76,6.94,1961300.0,13561358.0,204192000.0,0.0096051755210782,6.890000000000001,6.806,6.875500000000001,7.041833333333333,47.99999932800001,2376025.15,7.0845,6.917999999999999,True,True,7.19,13611422.0,16481939.2785
2024-09-06,7.04,7.04,6.75,6.77,1867500.0,12869447.0,204192000.0,0.00914580394922426,6.858,6.824,6.8614999999999995,7.030333333333333,44.03669668209745,2394445.15,7.0825000000000005,6.907500000000001,False,True,7.19,12642975.0,16585655.2785
2024-09-09,6.68,6.89,6.66,6.8,1901400.0,12962471.0,204192000.0,0.009311824165491303,6.841999999999999,6.834999999999999,6.843999999999999,7.021,54.25531834087824,2210925.15,7.073166666666667,6.904999999999999,True,False,7.19,12929520.0,15240212.7785
2024-09-10,6.82,6.91,6.75,6.89,1430500.0,9816749.0,204192000.0,0.007005661338348222,6.8420000000000005,6.8549999999999995,6.828999999999999,7.012666666666666,59.99999915999996,2048140.0,7.063833333333333,6.896000000000001,True,True,7.19,9856145.0,14048330.05
2024-09-11,6.89,6.94,6.85,6.89,1517000.0,10500207.0,204192000.0,0.007429282244162357,6.858,6.87,6.8180000000000005,7.004999999999999,66.66666562962962,1982200.0,7.051,6.883000000000001,False,True,7.11,10452130.0,13562809.65
2024-09-12,6.9,6.98,6.88,6.88,1253500.0,8733401.0,204192000.0,0.006138830120670741,6.845999999999999,6.867999999999999,6.8084999999999996,7.000166666666668,65.93406491969569,1930630.0,7.041833333333333,6.875500000000001,False,False,7.07,8624080.0,13186301.5
2024-09-13,6.92,6.92,6.72,6.78,1562600.0,10707050.0,204192000.0,0.007652601473123335,6.848000000000001,6.853,6.7985,6.9943333333333335,54.94505409974641,1820635.0,7.030333333333333,6.8614999999999995,False,False,6.98,10594428.0,12402910.4
2024-09-18,6.79,6.79,6.5,6.58,1879500.0,12498308.0,204192000.0,0.009204572167371885,6.803999999999999,6.823,6.782500000000001,6.9905,45.04504447690933,1796240.0,7.021,6.843999999999999,True,False,6.94,12367110.0,12204512.9
2024-09-19,6.63,6.86,6.57,6.86,2163703.0,14695516.0,204192000.0,0.010596414159222693,6.798,6.82,6.789499999999999,6.991,54.477611371129434,1787585.15,7.012666666666666,6.828999999999999,True,True,6.94,14843002.58,12161498.228999998
2024-09-20,6.86,6.89,6.72,6.76,1430400.0,9727009.0,204192000.0,0.007005171603196991,6.772,6.8149999999999995,6.792999999999999,6.9855,44.531249512939446,1805730.15,7.004999999999999,6.8180000000000005,False,True,6.94,9669504.0,12287894.679
2024-09-23,6.75,6.86,6.63,6.77,1398700.0,9523083.0,204192000.0,0.006849925560257013,6.75,6.798,6.802,6.981833333333333,43.65079316578484,1807985.15,7.000166666666668,6.8084999999999996,True,False,6.94,9469199.0,12315343.429
2024-09-24,6.77,7.02,6.77,7.0,2694903.0,18776257.0,204192000.0,0.013197887282557592,6.794,6.821,6.8225,6.981833333333333,54.1666661400463,1855550.3,6.9943333333333335,6.7985,True,True,6.94,18864321.0,12684043.279
2024-09-25,7.0,7.45,7.0,7.19,6104100.0,44389454.0,204192000.0,0.029893923366243535,6.9159999999999995,6.859999999999999,6.847499999999999,6.981,59.25925874714221,2080875.3,6.9905,6.782500000000001,False,True,7.0,43888479.0,14344070.029
2024-09-26,7.2,7.34,7.13,7.31,3419600.0,24892508.0,204192000.0,0.01674698323146842,7.006,6.901999999999999,6.8785,6.979,65.06024041515458,2184715.3,6.991,6.789499999999999,False,False,7.19,24997276.0,15144767.228999998
2024-09-27,7.34,7.66,7.34,7.56,4302800.0,32488648.0,204192000.0,0.02107232408713368,7.1659999999999995,6.968999999999999,6.919499999999999,6.982833333333334,67.41572980684253,2313100.3,6.9855,6.792999999999999,False,False,7.31,32529168.0,16186496.929
2024-09-30,7.78,8.31,7.58,8.28,8636700.0,68939187.0,204192000.0,0.042296955806299955,7.467999999999999,7.109,6.9885,7.003,82.40343298126692,2598580.3,6.981833333333333,6.802,False,False,7.56,71511876.0,18752241.229
2024-10-08,9.11,9.11,8.17,8.59,10093800.0,87092658.0,204192000.0,0.04943288669487541,7.786,7.290000000000001,7.0715,7.027833333333333,84.29118728732696,2942900.3,6.981833333333333,6.8225,False,False,8.28,86705742.0,21976164.229
2024-10-09,8.37,8.56,7.83,7.86,6620900.0,53799816.0,204192000.0,0.03242487462780128,7.92,7.418000000000001,7.1205,7.0445,64.9230766434083,3155440.3,6.981,6.847499999999999,False,False,8.59,52040274.0,23762863.529
2024-10-10,7.98,8.19,7.74,8.02,4597800.0,36919525.0,204192000.0,0.02251704278326281,8.062000000000001,7.534000000000001,7.177,7.062333333333333,66.56891468270827,3312455.3,6.979,6.8785,False,False,8.59,36874356.0,25104472.579
2024-10-11,7.99,8.08,7.55,7.6,4216900.0,32822879.0,204192000.0,0.020651641592226922,8.069999999999999,7.617999999999999,7.216499999999999,7.065666666666667,59.42408355184891,3452680.3,6.982833333333334,6.919499999999999,False,False,8.59,32048440.0,26225972.379
2024-10-14,7.76,7.93,7.65,7.82,3941700.0,30747990.0,204192000.0,0.019303890456041372,7.978,7.723000000000001,7.260499999999999,7.072166666666666,63.1979693185859,3551700.3,7.003,6.9885,False,False,8.59,30824094.0,27086605.978999995
2024-10-15,7.77,7.82,7.6,7.6,2980500.0,23045943.0,204192000.0,0.014596556182416549,7.779999999999999,7.7829999999999995,7.302000000000001,7.077,62.87878765648913,3607350.3,7.027833333333333,7.0715,False,False,8.59,22651800.0,27587047.228999995
2024-10-16,7.61,7.72,7.53,7.62,2146500.0,16429326.0,204192000.0,0.010512165021156558,7.731999999999999,7.8260000000000005,7.342999999999999,7.084333333333333,60.27027004222059,3619605.3,7.0445,7.1205,False,False,8.59,16356330.0,27758387.728999995
2024-10-17,7.64,7.85,7.48,7.5,3258300.0,25058907.0,204192000.0,0.015957040432534087,7.628,7.845000000000001,7.3735,7.089333333333333,59.94623633353567,3710995.3,7.062333333333333,7.177,False,False,8.59,24437250.0,28487442.978999995
2024-10-18,7.59,7.75,7.45,7.6,4236300.0,32226286.0,204192000.0,0.020746650211565586,7.628,7.848999999999999,7.409000000000001,7.098833333333333,60.89238822769201,3846960.3,7.065666666666667,7.216499999999999,False,False,8.59,32195880.0,29574630.478999995
2024-10-21,7.73,7.73,7.55,7.63,3900300.0,29856872.0,204192000.0,0.019101140103432064,7.589999999999999,7.784000000000001,7.4465,7.109666666666667,58.725761545107844,3979300.3,7.072166666666666,7.260499999999999,False,False,8.59,29759289.0,30631390.928999998
2024-10-22,7.6,7.81,7.55,7.79,3580600.0,27608904.0,204192000.0,0.01753545682494907,7.628,7.703999999999999,7.497,7.123333333333333,58.37988803985519,4080200.3,7.077,7.302000000000001,False,False,8.59,27892874.0,31496313.228999995
2024-10-23,7.76,7.91,7.73,7.85,3877200.0,30459642.0,204192000.0,0.018988011283497884,7.6739999999999995,7.703,7.560499999999999,7.1365,57.67045431608342,4180085.3,7.084333333333333,7.342999999999999,False,False,8.59,30436020.0,32399758.728999995
2024-10-24,7.86,7.91,7.68,7.9,3288000.0,25774045.0,204192000.0,0.01610249177244946,7.754,7.691,7.6125,7.151333333333333,55.12048169527509,4236300.15,7.089333333333333,7.3735,False,False,8.59,25975200.0,32956368.6
2024-10-25,8.02,8.68,7.93,8.35,17780198.0,150465880.0,204192000.0,0.0870758795643316,7.903999999999999,7.766,7.692,7.175833333333333,51.14754074883097,5053790.05,7.098833333333333,7.409000000000001,False,False,8.59,148464653.29999998,39896126.065
2024-10-28,8.31,8.54,8.21,8.54,13308968.0,112879388.0,204192000.0,0.06517869456198087,8.085999999999999,7.837999999999999,7.780500000000001,7.203,49.14675744434996,5649303.45,7.109666666666667,7.4465,False,False,8.59,113658586.71999998,45105595.45099999
2024-10-29,8.52,8.56,8.16,8.19,7060500.0,58963215.0,204192000.0,0.03457775035260931,8.166,7.897,7.840000000000001,7.222666666666666,56.4705879252595,5867583.3,7.123333333333333,7.497,False,False,8.59,57825495.0,47053654.151
2024-10-30,8.41,8.45,8.11,8.22,6497398.0,54169220.0,204192000.0,0.031820041921328944,8.239999999999998,7.956999999999999,7.891500000000001,7.241833333333333,54.132231091797024,5887248.2,7.1365,7.560499999999999,False,False,8.59,53408611.56,47529660.779
2024-10-31,8.22,8.36,8.22,8.32,4696300.0,39142892.0,204192000.0,0.022999431907224574,8.324,8.039,7.942,7.261333333333334,67.1428566952381,5951083.2,7.151333333333333,7.6125,False,False,8.59,39073216.0,48233457.779
2024-11-01,8.31,8.44,8.0,8.04,5905800.0,48241659.0,204192000.0,0.02892277856135402,8.261999999999999,8.083,7.965999999999999,7.273833333333333,55.09259223551095,6031233.2,7.175833333333333,7.692,False,False,8.59,47482631.99999999,48981130.978999995
2024-11-04,8.04,8.15,7.99,8.15,3140000.0,25502644.0,204192000.0,0.015377683748628742,8.184,8.135,7.9595,7.288666666666667,63.41463371326592,5756398.2,7.203,7.780500000000001,False,False,8.59,25591000.0,46685087.179
2024-11-05,8.18,8.29,8.09,8.27,4003753.0,32970240.0,204192000.0,0.01960778580943426,8.2,8.183,7.9435,7.3075,65.11627864575445,5451895.85,7.222666666666666,7.840000000000001,False,False,8.59,33111037.31,44005351.94449999
2024-11-06,8.24,8.49,8.21,8.37,4326970.0,36284405.0,204192000.0,0.02119069307318602,8.23,8.235,7.968999999999999,7.3315,70.42253474839646,5337199.35,7.241833333333333,7.891500000000001,False,False,8.54,36216738.9,43214175.1895
2024-11-07,8.32,8.62,8.27,8.62,5566082.0,47539406.0,204192000.0,0.027259060100297758,8.29,8.306999999999999,7.999,7.357333333333333,72.36842060826406,5385613.45,7.261333333333334,7.942,False,False,8.54,47979626.839999996,43769438.73149999
2024-11-08,8.72,8.76,8.52,8.59,5043747.0,43611154.0,204192000.0,0.024701001998119417,8.4,8.331,8.0485,7.382666666666667,71.05263114265928,5426955.8,7.273833333333333,7.965999999999999,False,False,8.62,43325786.73,44333306.067999996
2024-11-11,8.58,8.74,8.49,8.73,4605282.0,39965877.0,204192000.0,0.022553684767277857,8.516,8.35,8.094,7.409999999999999,70.79645973842901,5460134.9,7.288666666666667,7.9595,False,False,8.62,40204111.86,44802306.960999995
2024-11-12,8.73,8.96,8.53,8.62,7355300.0,64691691.0,204192000.0,0.03602148957843598,8.585999999999999,8.393,8.145,7.436166666666667,66.66666626262625,5678874.9,7.3075,7.9435,False,False,8.73,63402685.99999999,46839851.261
2024-11-13,8.58,8.7,8.38,8.63,3513500.0,30123424.0,204192000.0,0.017206844538473594,8.638,8.434000000000001,8.1955,7.4608333333333325,66.0792947466475,5747224.9,7.3315,7.968999999999999,False,False,8.73,30321505.000000004,47538110.011
2024-11-14,8.61,8.68,8.33,8.36,2961282.0,25249244.0,204192000.0,0.014502438881053126,8.586,8.437999999999999,8.2385,7.480333333333333,50.239234113230005,5732374.0,7.357333333333333,7.999,False,False,8.73,24756317.52,47554063.387
2024-11-15,8.4,8.51,8.22,8.22,2704000.0,22767081.0,204192000.0,0.013242438489265006,8.512,8.456,8.269499999999999,7.498833333333333,42.15686245578629,5655759.0,7.382666666666667,8.0485,False,False,8.73,22226880.0,47055613.387
2024-11-18,8.33,8.34,7.96,8.04,4039268.0,32867531.0,204192000.0,0.01978171524839367,8.374,8.444999999999999,8.29,7.515,45.98930446852927,5662707.4,7.409999999999999,8.094,True,False,8.73,32475714.719999995,47191434.673
2024-11-19,8.03,8.22,7.96,8.21,2549335.0,20716929.0,204192000.0,0.012484989617614795,8.291999999999998,8.439,8.311,7.5355,49.751243434568465,5611144.15,7.436166666666667,8.145,True,True,8.73,20930040.35,46843292.9905
2024-11-20,8.25,8.59,8.17,8.5,3845900.0,32586918.0,204192000.0,0.01883472418116283,8.266,8.452,8.3435,7.562166666666667,54.09090874669419,5609579.15,7.4608333333333325,8.1955,True,True,8.73,32690150.0,46955999.490499996
2024-11-21,8.52,8.6,8.34,8.5,2721400.0,23148514.0,204192000.0,0.013327652405579062,8.294,8.440000000000001,8.3735,7.591833333333333,61.97916621473524,5581249.15,7.480333333333333,8.2385,False,True,8.73,23131900.0,46813834.490499996
2024-11-22,8.55,8.56,8.14,8.15,3337800.0,28047253.0,204192000.0,0.016346379877762107,8.280000000000001,8.396,8.3635,7.616166666666667,49.99999967592593,4859129.25,7.498833333333333,8.269499999999999,False,False,8.73,27203070.0,40750755.3255
2024-11-25,8.31,8.51,8.18,8.48,4655666.0,39103511.0,204192000.0,0.02280043292587369,8.367999999999999,8.370999999999999,8.3605,7.647666666666667,54.43037942530578,4426464.15,7.515,8.29,True,False,8.73,39480047.68,37041828.373500004
2024-11-26,8.54,8.57,8.33,8.38,3410000.0,28875854.0,204192000.0,0.01669996865695032,8.402,8.347000000000001,8.37,7.6775,50.210970167530164,4243939.15,7.5355,8.311,False,True,8.73,28575800.000000004,35579343.623500004
2024-11-27,8.45,8.45,8.03,8.31,3630000.0,29922538.0,204192000.0,0.017777385989656794,8.364,8.315000000000001,8.3745,7.7045,42.92237415483418,4100569.25,7.562166666666667,8.3435,False,False,8.73,30165300.0,34417178.045499995
2024-11-28,8.3,8.55,8.27,8.49,4460200.0,37927525.0,204192000.0,0.021843167215170035,8.362,8.328,8.383,7.734500000000001,47.86324757688657,4088764.25,7.591833333333333,8.3735,True,False,8.73,37867098.0,34356872.1455
2024-11-29,8.5,8.53,8.31,8.49,3830900.0,32567194.0,204192000.0,0.018761263908478296,8.43,8.355,8.4055,7.7636666666666665,44.54545426198347,3985019.25,7.616166666666667,8.3635,False,True,8.73,32524341.0,33608957.5955
2024-12-02,8.5,8.67,8.48,8.65,4874344.0,42017558.0,204192000.0,0.023871375959880897,8.464000000000002,8.416,8.4305,7.792833333333333,50.666666351407436,4071736.45,7.647666666666667,8.3605,False,False,8.73,42163075.6,34437561.3755
2024-12-03,8.6,8.73,8.55,8.66,3402800.0,29552704.0,204192000.0,0.016664707726061746,8.52,8.461,8.45,7.821666666666666,50.66666635140739,4041688.8,7.6775,8.37,False,False,8.73,29468248.0,34255421.910000004
2024-12-04,8.68,8.68,8.42,8.51,3149000.0,27116662.0,204192000.0,0.015421759912239461,8.559999999999999,8.462,8.457,7.848833333333332,53.521126408781335,3982790.3,7.7045,8.3745,False,False,8.73,26797990.0,33784484.464999996
2024-12-05,8.57,8.64,8.37,8.6,3252200.0,28024642.0,204192000.0,0.015927166588309043,8.582,8.472,8.456,7.8773333333333335,59.1346149865939,3867096.2,7.734500000000001,8.383,False,False,8.73,27968920.0,32783949.123000003
2024-12-06,8.61,8.83,8.59,8.71,4082732.0,35649219.0,204192000.0,0.01999457373452437,8.626000000000001,8.528,8.462,7.909,66.66666620232175,3819045.45,7.7636666666666665,8.4055,False,False,8.73,35560595.720000006,32395689.5725
2024-12-09,8.71,8.97,8.65,8.77,4942800.0,43581670.0,204192000.0,0.02420662905500705,8.65,8.557,8.464000000000002,7.9395,64.73684162825484,3835921.35,7.792833333333333,8.4305,False,False,8.73,43348356.0,32552901.7795
2024-12-10,9.06,9.06,8.67,8.69,3913100.0,34502519.0,204192000.0,0.01916382620278953,8.656,8.588,8.467500000000001,7.971500000000001,55.621301314379735,3663811.35,7.821666666666666,8.45,False,False,8.77,34004839.0,31083009.429500002
2024-12-11,8.72,8.77,8.63,8.77,2506532.0,21981506.0,204192000.0,0.012275368280833724,8.708,8.633999999999999,8.4745,8.004333333333333,57.62711818826007,3613462.95,7.848833333333332,8.457,False,False,8.77,21982285.64,30666048.4615
2024-12-12,8.8,8.97,8.65,8.96,4262832.0,37998216.0,204192000.0,0.020876586741889986,8.78,8.681000000000001,8.5045,8.038833333333333,75.15527884958142,3678540.45,7.8773333333333335,8.456,False,False,8.77,38194974.720000006,31337981.321500003
2024-12-13,8.94,8.99,8.8,8.86,3320400.0,29631345.0,204192000.0,0.016261165961448047,8.809999999999999,8.718,8.5365,8.071666666666667,63.768115295106014,3709360.45,7.909,8.462,False,False,8.96,29418743.999999996,31697574.521500003
2024-12-16,8.87,9.16,8.86,8.93,4354800.0,39352436.0,204192000.0,0.02132698636577339,8.842,8.745999999999999,8.581,8.105833333333333,70.37036964060349,3725137.05,7.9395,8.464000000000002,False,False,8.96,38888364.0,32018206.9855
2024-12-17,8.93,9.03,8.31,8.36,5246725.0,44839175.0,204192000.0,0.025695056613383484,8.776,8.716,8.5885,8.132166666666667,51.35135096274651,3860006.55,7.971500000000001,8.467500000000001,False,False,8.96,43862621.0,33164836.017999995
2024-12-18,8.4,8.44,8.08,8.24,3887700.0,32395050.0,204192000.0,0.019039433474377056,8.67,8.689,8.5755,8.159833333333333,43.0167594400924,3862096.55,8.004333333333333,8.4745,True,False,8.96,32034648.0,33132060.917999994
2024-12-19,8.24,8.31,8.1,8.17,3072500.0,25275609.0,204192000.0,0.015047112521548346,8.512,8.646,8.559000000000001,8.181666666666667,41.39784915076888,3879651.55,8.038833333333333,8.5045,True,True,8.96,25102325.0,33230582.167999994
2024-12-20,8.2,8.4,8.14,8.36,3800300.0,31777303.0,204192000.0,0.01861140495220185,8.412,8.611,8.5695,8.208333333333334,42.328042014501264,3902776.55,8.071666666666667,8.5365,True,True,8.96,31770507.999999996,33458954.067999996
2024-12-23,8.41,8.44,7.57,7.63,6877900.0,54161828.0,204192000.0,0.03368349396646294,8.152,8.497,8.527,8.222666666666665,30.26819907135834,4013888.25,8.105833333333333,8.581,True,True,8.96,52478377.0,34108870.534
2024-12-24,7.65,7.78,7.42,7.6,3869800.0,29529936.0,204192000.0,0.01895177088230685,8.0,8.388,8.488000000000001,8.232666666666667,31.72690745213788,4036878.25,8.132166666666667,8.5885,True,True,8.96,29410480.0,34150604.534
2024-12-25,7.6,7.63,7.22,7.38,5222000.0,38722160.0,204192000.0,0.02557396959724181,7.828,8.249,8.441500000000001,8.235833333333334,26.717557109142845,4116478.25,8.159833333333333,8.5755,True,True,8.96,38538360.0,34569257.534
2024-12-26,7.37,7.53,7.37,7.49,4873700.0,36656783.0,204192000.0,0.023868222065506973,7.691999999999998,8.102,8.391499999999999,8.238833333333334,26.717557109142817,4137153.25,8.181666666666667,8.559000000000001,True,True,8.96,36504013.0,34501103.284
2024-12-27,7.52,7.74,7.46,7.61,4419702.0,33856355.0,204192000.0,0.021644834273624822,7.542,7.976999999999999,8.3475,8.239666666666666,28.358208807084026,4166593.35,8.208333333333334,8.5695,True,True,8.96,33633932.22,34556582.845
2024-12-30,7.6,7.63,7.28,7.47,4075200.0,30376093.0,204192000.0,0.01995768688293371,7.51,7.831,8.2885,8.226166666666666,27.737226135649237,4126636.15,8.222666666666665,8.527,True,True,8.96,30441744.0,33970516.265
2024-12-31,7.45,7.6,7.3,7.33,3283000.0,24450016.0,204192000.0,0.016078005014887948,7.456,7.728,8.222,8.205166666666667,24.285714164285736,4120646.15,8.232666666666667,8.488000000000001,True,True,8.96,24064390.0,33700323.364999995
2025-01-02,7.33,7.54,7.22,7.32,4587200.0,33975535.0,204192000.0,0.02246513085723241,7.444,7.636,8.1625,8.196166666666667,18.70228997639998,4192556.15,8.235833333333334,8.441500000000001,True,True,8.96,33578304.0,34039339.065
2025-01-03,7.31,7.38,6.82,6.88,4276600.0,30263505.0,204192000.0,0.02094401347751136,7.322,7.507,8.0765,8.177166666666668,16.554053975757867,4243776.15,8.238833333333334,8.391499999999999,True,True,8.96,29423008.0,34112043.464999996
2025-01-06,6.87,7.03,6.49,6.84,3374000.0,22999766.0,204192000.0,0.016523664002507443,7.168000000000001,7.3549999999999995,7.983,8.1645,14.334470921268746,4208339.55,8.239666666666666,8.3475,True,True,8.96,23078160.0,33487921.678999998
2025-01-07,6.88,7.07,6.81,7.07,3719300.0,25980374.0,204192000.0,0.018214719479705377,7.088000000000001,7.2989999999999995,7.897999999999999,8.152,25.096524960868223,4147164.55,8.226166666666666,8.2885,True,True,8.96,26295451.0,32635276.428999998
2025-01-08,7.07,7.12,6.85,7.07,4114596.0,28897450.0,204192000.0,0.020150622943112366,7.036,7.246,7.816999999999998,8.143166666666666,26.315789324525895,4157239.35,8.205166666666667,8.222,True,True,8.96,29090193.720000003,32389544.165
2025-01-09,7.02,7.12,6.97,7.06,2473400.0,17562812.0,204192000.0,0.01211310923052813,6.984,7.214,7.7315,8.133833333333333,26.970954200168734,4155582.75,8.196166666666667,8.1625,True,True,8.96,17462204.0,32163540.082999997
2025-01-10,7.06,7.13,6.8,6.87,3757200.0,26121233.0,204192000.0,0.018400329102021627,6.982000000000001,7.151999999999999,7.627,8.123333333333333,19.087136818580987,4130301.15,8.177166666666668,8.0765,True,True,8.96,25811964.0,31544389.547
2025-01-13,6.87,7.15,6.6,7.15,4045668.0,28196378.0,204192000.0,0.0198130582980724,7.044,7.106,7.541500000000001,8.115833333333333,37.75510177113705,4166564.55,8.1645,7.983,True,True,8.93,28926526.200000003,31519778.656999998
2025-01-14,7.14,7.87,7.14,7.87,12851304.0,97511315.0,204192000.0,0.06293735307945462,7.204000000000001,7.146000000000001,7.4885,8.119833333333334,55.094339331577075,4591389.75,8.152,7.897999999999999,True,True,8.93,101139762.48,34632348.58100001
2025-01-15,8.59,8.65,8.58,8.65,8375900.0,72529464.0,204192000.0,0.04101972653189155,7.5200000000000005,7.2780000000000005,7.503,8.134166666666667,69.78193115982958,4747848.5,8.143166666666666,7.816999999999998,False,True,8.36,72451535.0,36061794.281
2025-01-16,9.52,9.52,9.52,9.52,1504800.0,14385888.0,204192000.0,0.007369534555712271,8.012,7.497999999999999,7.567,8.161999999999999,75.56675036324066,4628703.5,8.133833333333333,7.7315,False,False,8.65,14325696.0,35176346.68100001
2025-01-17,10.47,10.47,8.75,10.47,41702278.0,396686587.0,204192000.0,0.20423071422974456,8.732000000000001,7.857000000000001,7.6819999999999995,8.204833333333333,79.79166643394097,6560192.4,8.123333333333333,7.627,False,False,9.52,436622850.66,55752372.96400001
2025-01-20,10.47,10.79,9.43,9.43,29365348.0,298145554.0,204192000.0,0.14381243143707884,9.188,8.116,7.7355,8.222833333333334,67.19298229110495,7838444.8,8.115833333333333,7.541500000000001,False,False,10.47,276915231.64,68009609.146
2025-01-21,8.48,8.66,8.48,8.48,6114700.0,52139734.0,204192000.0,0.029945835292273938,9.309999999999999,8.257000000000001,7.7780000000000005,8.221833333333333,58.83256515765654,7800284.8,8.119833333333334,7.4885,False,False,10.47,51852656.0,67978323.096
2025-01-22,7.77,7.95,7.64,7.64,24271155.0,188757789.0,204192000.0,0.11886437764456982,9.108,8.314,7.779999999999999,8.212666666666667,52.179836412735995,8820352.55,8.134166666666667,7.503,False,False,10.47,185431624.2,75779380.30600001
2025-01-23,7.67,7.69,7.31,7.33,18040800.0,136011522.0,204192000.0,0.08835213916314057,8.669999999999998,8.341,7.777499999999999,8.197833333333334,53.120665638878044,9461292.55,8.161999999999999,7.567,True,False,10.47,132239064.0,80464415.50600001
2025-01-24,7.31,7.37,7.21,7.36,10741088.0,78870155.0,204192000.0,0.05260288356057044,8.047999999999998,8.39,7.771000000000001,8.181833333333334,53.611111006867276,9754661.95,8.204833333333333,7.6819999999999995,True,True,10.47,79054407.68,82591935.24000001
2025-01-27,7.46,7.56,7.38,7.41,11450010.0,85951070.0,204192000.0,0.056074723789374704,7.644,8.416,7.761,8.171333333333333,52.42165231710781,10106177.35,8.222833333333334,7.7355,True,True,10.47,84844574.10000001,85152467.334
2025-02-05,7.43,7.69,7.43,7.63,9278300.0,70764634.0,204192000.0,0.04543909653659301,7.474000000000001,8.392,7.769,8.162666666666667,53.867403210753636,10366332.35,8.221833333333333,7.7780000000000005,True,True,10.47,70793429.0,87170051.584
2025-02-06,7.6,7.66,7.52,7.66,7221113.0,55108021.0,204192000.0,0.03536432867105469,7.478,8.293000000000001,7.785499999999999,8.1525,54.13223130057146,10563238.0,8.212666666666667,7.779999999999999,True,True,10.47,55313725.58,88732518.363
2025-02-07,7.68,7.73,7.55,7.63,9204798.0,70701877.0,204192000.0,0.04507913140573578,7.537999999999999,8.104,7.801,8.140166666666667,55.35211256691132,10794117.9,8.197833333333334,7.777499999999999,True,True,10.47,70232608.74,90565233.6
2025-02-10,7.63,7.89,7.61,7.86,8522653.0,66373580.0,204192000.0,0.04173842755837643,7.638,7.842999999999999,7.85,8.127500000000001,55.035460883617525,11006420.55,8.181833333333334,7.771000000000001,True,True,10.47,66988052.580000006,92443485.82900001
2025-02-11,7.83,7.89,7.69,7.81,5690613.0,44407011.0,204192000.0,0.027868932181476257,7.718000000000001,7.681,7.8985,8.1145,49.529780455577274,11122251.2,8.171333333333333,7.761,False,True,10.47,44443687.53,93511762.2055
2025-02-12,7.82,7.86,7.72,7.8,5676300.0,44367328.0,204192000.0,0.027798836389280678,7.752,7.6129999999999995,7.9350000000000005,8.099,42.42424231837087,11220101.2,8.162666666666667,7.769,True,False,10.47,44275140.0,94410746.65550001
2025-02-13,7.8,7.84,7.72,7.75,5119500.0,39962199.0,204192000.0,0.02507199106723084,7.7700000000000005,7.624,7.969000000000001,8.0845,31.524008258593724,11270346.4,8.1525,7.785499999999999,True,True,10.47,39676125.0,94940043.2195
2025-02-14,7.77,7.88,7.69,7.73,6301000.0,49145041.0,204192000.0,0.03085821187901583,7.789999999999999,7.664,8.002500000000001,8.0695,14.507771968106539,11461726.4,8.140166666666667,7.801,True,True,10.47,48706730.0,96502269.5195
2025-02-17,7.76,8.02,7.74,7.93,6823200.0,53932627.0,204192000.0,0.03341560883874001,7.803999999999999,7.720999999999999,8.0555,8.062333333333333,25.165562797245727,11615026.4,8.127500000000001,7.85,True,True,10.47,54107976.0,97917070.11950001
2025-02-18,7.93,8.02,7.72,7.77,6890000.0,54655803.0,204192000.0,0.033742751919761796,7.795999999999999,7.757000000000001,8.0865,8.054833333333333,34.08071727482957,11757243.0,8.1145,7.8985,True,True,10.47,53535300.0,99147508.80950001
2025-02-19,7.73,7.92,7.73,7.9,5037500.0,39782811.0,204192000.0,0.024670408243222065,7.816,7.783999999999999,8.088,8.0525,58.55263103964684,11366552.8,8.099,7.9350000000000005,True,True,10.47,39796250.0,96080333.1855
2025-02-20,7.87,8.01,7.87,7.99,5117000.0,40829661.0,204192000.0,0.025059747688450085,7.864,7.817,8.055,8.048833333333333,75.38461457278106,11203607.8,8.0845,7.969000000000001,True,True,10.47,40884830.0,94501997.9355
2025-02-21,7.99,8.04,7.86,8.0,5991163.0,47699963.0,204192000.0,0.02934083117849867,7.917999999999999,7.854000000000001,7.979000000000001,8.0405,74.99999917968749,11427925.95,8.0695,8.002500000000001,True,True,10.47,47929304.0,96182178.3355
2025-02-24,8.03,8.25,7.98,8.18,7129500.0,58206375.0,204192000.0,0.034915667606958155,7.968000000000001,7.886,7.864500000000001,8.035166666666665,77.30496377144006,9699287.05,8.062333333333333,8.0555,False,True,10.47,58319310.0,77267001.30250001
2025-02-25,8.09,8.22,8.06,8.09,5493600.0,44859800.0,204192000.0,0.026904090267983075,8.032,7.914,7.797499999999999,8.034166666666668,67.96874925659179,8505699.65,8.054833333333333,8.0865,False,False,9.43,44443224.0,65643400.9205
2025-02-26,8.15,8.25,8.09,8.2,5031500.0,41327328.0,204192000.0,0.024641024134148252,8.091999999999999,7.954000000000001,7.783500000000001,8.0295,69.85294045739619,8451539.65,8.0525,8.088,False,False,8.48,41258300.0,65113683.120500006
2025-02-27,8.21,8.23,7.98,8.09,6055700.0,49144942.0,204192000.0,0.029656891553048112,8.112,7.9879999999999995,7.806,8.024666666666667,65.97222158082565,7540766.9,8.048833333333333,8.055,False,False,8.2,48990613.0,58291632.5605
2025-02-28,8.03,8.11,7.88,7.9,5358900.0,43026962.0,204192000.0,0.026244417019275976,8.092,8.004999999999999,7.834500000000001,8.017833333333334,51.42857091428572,6906671.9,8.0405,7.979000000000001,False,False,8.2,42335310.0,53796444.8605
2025-03-03,7.97,8.08,7.9,7.95,4818300.0,38701640.0,204192000.0,0.023596908791725435,8.046000000000001,8.007000000000001,7.864,8.008833333333333,54.99999945000004,6610532.5,8.035166666666665,7.864500000000001,False,False,8.2,38305485.0,51758998.7265
2025-03-04,7.93,8.23,7.9,8.19,6661450.0,54172184.0,204192000.0,0.032623462231625135,8.065999999999999,8.049,7.9030000000000005,8.003833333333334,61.963189651849916,6371104.5,8.034166666666668,7.797499999999999,False,False,8.2,54557275.5,50244633.7965
2025-03-05,8.18,8.2,7.96,8.06,6720000.0,54104321.0,204192000.0,0.032910202162670425,8.038,8.065000000000001,7.9245,7.994,59.064327001812565,6243189.5,8.0295,7.783500000000001,False,False,8.2,54163200.0,49413122.346499994
2025-03-06,8.1,8.24,8.03,8.21,6138000.0,50416349.0,204192000.0,0.030059943582510577,8.062000000000001,8.087,7.952000000000001,7.9865,63.043477781190965,6189033.85,8.024666666666667,7.806,False,False,8.2,50392980.00000001,49167085.067499995
2025-03-07,8.19,8.28,8.12,8.16,3811600.0,31409285.0,204192000.0,0.018666745024290863,8.114,8.103,7.9784999999999995,7.980666666666667,56.80473325723892,5919373.95,8.017833333333334,7.834500000000001,False,False,8.21,31102656.0,47210587.4305
2025-03-10,8.18,8.29,8.16,8.25,4367600.0,36132715.0,204192000.0,0.021389672465130856,8.174,8.110000000000001,7.998,7.974833333333334,64.81481425468684,5711621.3,8.008833333333333,7.864,False,False,8.21,36032700.0,45662819.8015
2025-03-11,8.16,8.3,8.12,8.3,3745300.0,30934388.0,204192000.0,0.018342050619025232,8.196000000000002,8.131,8.022499999999999,7.968000000000001,62.987012414403814,5614355.65,8.003833333333334,7.9030000000000005,False,False,8.25,31085990.000000004,44994934.925
2025-03-12,8.3,8.35,8.23,8.29,3516400.0,29322427.0,204192000.0,0.01722104685785927,8.242,8.139999999999999,8.047,7.959999999999999,60.2739720247701,5506360.65,7.994,7.9245,False,False,8.3,29150955.999999996,44238725.725
2025-03-13,8.28,8.35,8.15,8.33,4754500.0,39374513.0,204192000.0,0.023284457765240556,8.266,8.164000000000001,8.075999999999999,7.954,61.073824929507694,5488110.65,7.9865,7.952000000000001,False,False,8.3,39604985.0,44235168.725
2025-03-14,8.34,8.47,8.22,8.46,4914854.0,41241155.0,204192000.0,0.024069767669644256,8.326,8.22,8.1125,7.948833333333334,59.72222164158954,5418803.35,7.980666666666667,7.9784999999999995,False,False,8.33,41579664.84,43878815.467
2025-03-17,8.51,8.66,8.4,8.62,6596696.0,56776044.0,204192000.0,0.03230633913179752,8.4,8.287,8.147,7.943166666666667,67.54966824788386,5407478.15,7.974833333333334,7.998,False,False,8.46,56863519.519999996,44016592.643
2025-03-18,8.61,8.82,8.58,8.78,5742600.0,50315124.0,204192000.0,0.028123530794546308,8.495999999999999,8.346,8.197500000000002,7.941833333333333,68.5897429741946,5350108.15,7.968000000000001,8.022499999999999,False,False,8.62,50420028.0,43860829.043
2025-03-19,8.74,8.77,8.59,8.64,5220900.0,45481729.0,204192000.0,0.02556858251057828,8.565999999999999,8.404,8.2345,7.937,67.2955968917369,5359278.15,7.959999999999999,8.047,False,False,8.78,45108576.0,44126445.343
2025-03-20,8.76,8.78,8.56,8.65,4166100.0,36148726.0,204192000.0,0.020402856135401975,8.629999999999999,8.448,8.2675,7.941833333333333,76.59574392032594,5311733.15,7.954,8.075999999999999,False,False,8.78,36036765.0,43884042.093
2025-03-21,8.66,8.67,8.46,8.49,5167300.0,44382252.0,204192000.0,0.025306084469518885,8.636,8.481,8.292,7.946,67.76315727060249,5270540.0,7.948833333333334,8.1125,False,False,8.78,43870377.0,43681095.743
2025-03-24,8.44,8.53,7.87,7.98,8967100.0,72904441.0,204192000.0,0.043915040745964584,8.508000000000001,8.453999999999999,8.282,7.9428333333333345,44.1340778671078,5362420.0,7.943166666666667,8.147,False,False,8.78,71557458.0,44343003.143
2025-03-25,7.98,8.08,7.83,8.04,5931100.0,47425519.0,204192000.0,0.029046681554615265,8.36,8.428,8.2795,7.9375,49.4186042489183,5384295.0,7.941833333333333,8.197500000000002,True,False,8.78,47686043.99999999,44505144.143
2025-03-26,7.97,8.29,7.97,8.23,5570700.0,45951658.0,204192000.0,0.02728167606958157,8.278,8.422,8.281,7.947500000000001,50.56818141593491,5411255.0,7.937,8.2345,True,True,8.78,45846861.0,44734572.193
2025-03-27,8.23,8.23,8.03,8.08,4067300.0,33082053.0,204192000.0,0.01991899780598652,8.164,8.397,8.2805,7.9555,47.849462005434155,5311835.0,7.941833333333333,8.2675,True,True,8.78,32863784.0,43928230.743
2025-03-28,8.08,8.12,7.83,7.87,4633354.0,36926771.0,204192000.0,0.022691163218931203,8.040000000000001,8.338,8.279,7.963666666666667,40.404040118355276,5275557.7,7.946,8.292,True,True,8.78,36464495.980000004,43634690.042
2025-03-31,7.85,7.95,7.69,7.87,5570100.0,43623450.0,204192000.0,0.02727873765867419,8.017999999999999,8.263,8.275,7.97,38.86010334505624,5313147.7,7.9428333333333345,8.282,True,True,8.78,43836687.0,43911250.142000005
2025-04-01,7.84,8.16,7.83,8.01,5080381.0,40942593.0,204192000.0,0.024880411573421093,8.011999999999999,8.186,8.266,7.976666666666666,43.20388320152701,5234094.25,7.9375,8.2795,True,True,8.78,40693851.81,43218078.9575
2025-04-02,8.05,8.8,7.94,8.24,23564200.0,198780051.0,204192000.0,0.11540217050619025,8.014,8.145999999999999,8.275,7.9895000000000005,47.99999970133334,6076304.25,7.947500000000001,8.281,True,True,8.78,194169008.0,50218369.3575
2025-04-03,7.97,8.13,7.87,8.04,17522300.0,141058614.0,204192000.0,0.08581286240401191,8.006,8.084999999999999,8.266499999999999,8.001333333333333,40.948275614967265,6645519.25,7.9555,8.2805,True,True,8.78,140879291.99999997,54742684.9575
2025-04-07,7.57,7.57,7.23,7.23,8649585.0,63110455.0,204192000.0,0.04236005818053597,7.878,7.958999999999999,8.22,7.999833333333333,26.599326473942583,6887418.5,7.963666666666667,8.279,True,True,8.78,62536499.550000004,56314377.135000005
2025-04-08,6.87,7.14,6.7,6.83,10636224.0,73667859.0,204192000.0,0.05208932769158439,7.67,7.843999999999999,8.149,7.999,19.62616813870207,7200849.7,7.97,8.275,True,True,8.78,72645409.92,58145012.631
2025-04-09,6.65,7.03,6.18,6.96,9339100.0,62322826.0,204192000.0,0.04573685550854098,7.460000000000001,7.736,8.082,8.001,23.74999989609374,7480539.7,7.976666666666666,8.266,True,True,8.78,65000136.0,59840719.930999994
2025-04-10,7.06,7.35,7.06,7.17,7483100.0,54281559.0,204192000.0,0.036647371101708195,7.2459999999999996,7.63,8.026,8.002666666666666,28.235294001384077,7678874.7,7.9895000000000005,8.275,True,True,8.78,53653827.0,61065863.48099999
2025-04-11,7.17,7.32,7.17,7.25,3695600.0,27017653.0,204192000.0,0.018098652248863815,7.087999999999999,7.547,7.9719999999999995,8.005666666666666,31.325301072724642,7625929.7,8.001333333333333,8.266499999999999,True,True,8.78,26793100.0,60425269.23099999
2025-04-14,7.32,7.52,7.32,7.4,4399404.0,32830643.0,204192000.0,0.021545427832628115,7.122,7.5,7.919,8.011333333333333,40.20270251255478,7600157.2,7.999833333333333,8.22,True,True,8.78,32555589.6,59974065.469
2025-04-15,7.41,7.54,7.4,7.5,4394499.0,32971689.0,204192000.0,0.021521406323460272,7.256,7.462999999999999,7.8629999999999995,8.021833333333333,40.999999808666686,7490047.35,7.999,8.149,True,True,8.78,32958742.5,58778826.61799999
2025-04-16,7.51,7.52,7.22,7.35,4599403.0,34022368.0,204192000.0,0.022524893237737032,7.3340000000000005,7.397,7.791499999999999,8.025166666666667,35.13513496895543,7432887.5,8.001,8.082,True,True,8.78,33805612.05,57948105.820499994
2025-04-17,7.29,7.54,7.29,7.47,3850800.0,28867694.0,204192000.0,0.018858721203573108,7.394,7.32,7.733,8.0185,39.590443496837466,7364382.5,8.002666666666666,8.026,True,True,8.65,28765476.0,57130950.820499994
2025-04-18,7.5,7.52,7.32,7.46,3570900.0,26601123.0,204192000.0,0.017487952515279737,7.436,7.261999999999999,7.6735,7.998666666666667,42.49084227294073,7334622.5,8.005666666666666,7.9719999999999995,True,True,8.65,26638914.0,56661058.27049999
2025-04-21,7.45,7.6,7.39,7.53,3393099.0,25663544.0,204192000.0,0.016617198519040904,7.462000000000001,7.292,7.6255,7.9655000000000005,43.928571208928574,7245912.45,8.011333333333333,7.919,True,True,8.49,25550035.470000003,55745041.19399999
2025-04-22,7.56,7.7,7.5,7.66,3750399.0,28611873.0,204192000.0,0.01836702221438646,7.494,7.375,7.6095,7.918666666666667,43.72759834688661,6985077.4,8.021833333333333,7.8629999999999995,True,True,8.24,28728056.34,53603571.111
2025-04-23,7.66,7.8,7.66,7.73,3664800.0,28422049.0,204192000.0,0.017947813822284907,7.57,7.452,7.594000000000001,7.8903333333333325,40.30418229495873,6871762.4,8.025166666666667,7.791499999999999,False,True,8.24,28328904.0,52635714.111
2025-04-24,7.69,7.75,7.57,7.66,3505704.0,26976599.0,204192000.0,0.017168664786083684,7.608,7.5009999999999994,7.5655,7.876666666666667,42.399999762560014,6768512.6,8.0185,7.733,False,False,8.24,26853692.64,51686055.693
2025-04-25,7.68,7.75,7.59,7.67,3667000.0,28269311.0,204192000.0,0.017958587995611973,7.65,7.542999999999999,7.545,7.8771666666666675,62.94117595224912,6748497.6,7.998666666666667,7.6735,False,False,8.24,28125890.0,51449160.993
2025-04-28,7.64,7.67,7.39,7.57,3202760.0,24188871.0,204192000.0,0.015685041529540825,7.6579999999999995,7.5600000000000005,7.529999999999999,7.881166666666667,76.42857066428573,6676967.9,7.9655000000000005,7.6255,False,False,8.24,24244893.2,50838180.853999995
2025-04-29,7.42,7.77,7.31,7.72,5359000.0,41351677.0,204192000.0,0.026244906754427207,7.67,7.582000000000001,7.522499999999999,7.887166666666666,76.7605626234874,6666412.9,7.918666666666667,7.6095,False,False,8.24,41371480.0,50714920.50399999
2025-04-30,7.74,7.9,7.69,7.82,4252100.0,33395249.0,204192000.0,0.02082402836545996,7.688,7.629,7.513000000000001,7.894,74.80915950585631,6624998.85,7.8903333333333325,7.594000000000001,False,False,8.24,33251422.0,50342799.01349999
2025-05-06,7.94,8.11,7.86,8.11,4623300.0,37309544.0,204192000.0,0.022641925246826518,7.7780000000000005,7.693,7.5065,7.902,78.28947296312327,5677953.85,7.876666666666667,7.5655,False,False,8.24,37494963.0,42509096.7635
2025-05-07,8.22,8.22,8.06,8.14,4152300.0,33916903.0,204192000.0,0.020335272684532207,7.872,7.761,7.511500000000001,7.909999999999999,76.42857066428573,5009453.85,7.8771666666666675,7.545,False,False,8.11,33799722.0,37155118.2635
2025-05-08,8.19,8.3,8.09,8.28,3110400.0,25758978.0,204192000.0,0.015232722143864598,8.014,7.836,7.564,7.920833333333333,77.08333258391204,4732494.6,7.881166666666667,7.529999999999999,False,False,8.14,25754111.999999996,35315998.88599999
2025-05-09,8.28,8.34,8.19,8.25,4039801.0,33559941.0,204192000.0,0.019784325536749726,8.120000000000001,7.8950000000000005,7.635000000000001,7.927333333333333,84.09090819903588,4402673.45,7.887166666666666,7.522499999999999,False,False,8.28,33328358.25,33350146.3025
2025-05-12,8.3,8.34,8.2,8.25,3820300.0,31677445.0,204192000.0,0.018709351982447893,8.206,7.947,7.6995000000000005,7.934666666666668,82.49999903750006,4126733.45,7.894,7.513000000000001,False,False,8.28,31517475.0,31676013.252499998
2025-05-13,8.34,8.34,8.18,8.21,2321601.0,19253354.0,204192000.0,0.011369696168312177,8.226,8.002,7.7515,7.9415000000000004,80.48780396192753,3868658.5,7.902,7.5065,False,False,8.28,19060344.21,29946339.112999998
2025-05-14,8.2,8.26,8.12,8.17,2442200.0,20094715.0,204192000.0,0.011960311863344304,8.232,8.052000000000001,7.797500000000001,7.9485,76.66666577222225,3805988.5,7.909999999999999,7.511500000000001,False,False,8.28,19952774.0,29604322.813
2025-05-15,8.2,8.24,8.09,8.18,3371000.0,27649752.0,204192000.0,0.016508971947970536,8.212,8.113,7.836500000000001,7.956,74.07407311385462,3754568.3,7.920833333333333,7.564,False,False,8.28,27574780.0,29355282.332999997
2025-05-16,8.18,8.28,8.13,8.18,2314100.0,19102353.0,204192000.0,0.011332961134618399,8.197999999999999,8.159,7.8705,7.960166666666667,72.27722672090974,3650548.35,7.927333333333333,7.635000000000001,False,False,8.28,18929338.0,28653812.108
2025-05-19,8.19,8.42,8.18,8.35,3507200.0,29303386.0,204192000.0,0.01717599122394609,8.218,8.212,7.9205,7.969833333333333,81.08108005843687,3595938.2,7.934666666666668,7.6995000000000005,False,False,8.28,29285120.0,28427787.5055
2025-05-20,8.38,8.46,8.29,8.46,2699500.0,22723039.0,204192000.0,0.013220400407459646,8.267999999999999,8.247,7.970000000000001,7.979166666666667,82.64462714295479,3538373.2,7.9415000000000004,7.7515,False,False,8.35,22837770.000000004,28131402.2055
2025-05-21,8.46,8.55,8.29,8.43,2791437.0,23524440.0,204192000.0,0.013670648213446168,8.32,8.276,8.0185,7.9865,87.71929716835946,3499400.05,7.9485,7.797500000000001,False,False,8.46,23531813.91,27976047.200999998
2025-05-22,8.44,8.54,8.17,8.25,3844100.0,32110911.0,204192000.0,0.018825908948440682,8.334,8.273,8.0545,7.990666666666667,72.64957178026154,3521950.1,7.956,7.836500000000001,False,False,8.46,31713825.0,28284236.6775
2025-05-23,8.24,8.33,8.12,8.12,3716900.0,30729324.0,204192000.0,0.01820296583607585,8.322,8.26,8.0775,7.9896666666666665,62.499999270833285,3520275.15,7.960166666666667,7.8705,False,False,8.46,30181227.999999996,28356895.260499995
2025-05-26,8.14,8.33,8.12,8.27,2775600.0,23004144.0,204192000.0,0.01359308885754584,8.306000000000001,8.262,8.104499999999998,7.992666666666667,57.54716905126379,3475815.15,7.969833333333333,7.9205,False,False,8.46,22954212.0,28088160.660499997
2025-05-27,8.35,8.41,8.2,8.39,2773500.0,23219626.0,204192000.0,0.013582804419370004,8.292,8.28,8.141,7.995833333333334,60.8695644763705,3439204.95,7.979166666666667,7.970000000000001,False,False,8.46,23269665.0,27908959.2785
2025-05-28,8.36,8.51,8.29,8.39,2874485.0,24221128.0,204192000.0,0.014077363461839836,8.284,8.302,8.177,8.000833333333334,55.445543785903396,3399579.2,7.9865,8.0185,False,False,8.46,24116929.150000002,27708511.236
2025-05-29,8.35,8.58,8.3,8.53,3288737.0,28062810.0,204192000.0,0.016106101120514027,8.34,8.337,8.225,8.011333333333333,62.499999218749956,3403878.05,7.990666666666667,8.0545,False,False,8.46,28052926.61,27898912.9065
2025-05-30,8.58,8.63,8.35,8.41,2587500.0,21916553.0,204192000.0,0.012671897038081805,8.398,8.36,8.2595,8.019,56.45161226586889,3265303.05,7.9896666666666665,8.0775,False,False,8.53,21760875.0,26918382.6565
2025-06-03,8.41,8.45,8.33,8.4,2459800.0,20768247.0,204192000.0,0.012046505249960822,8.424000000000001,8.365,8.288499999999999,8.0225,57.85123900006828,3175688.05,7.992666666666667,8.104499999999998,False,False,8.53,20662320.0,26288927.5565
2025-06-04,8.47,8.55,8.4,8.53,2388300.0,20382162.0,204192000.0,0.011696344616831217,8.452,8.372,8.3095,8.030333333333333,63.84615315857985,3063938.05,7.995833333333334,8.141,False,False,8.53,20372199.0,25432789.3565
2025-06-05,8.49,8.59,8.44,8.53,2635200.0,22574106.0,204192000.0,0.012905500705218618,8.48,8.382,8.328999999999999,8.035666666666668,63.56589078300581,2988083.05,8.000833333333334,8.177,False,False,8.53,22478256.0,24866716.0565
2025-06-06,8.59,8.67,8.47,8.66,2983000.0,25728599.0,204192000.0,0.014608799561197304,8.506,8.422999999999998,8.347999999999999,8.044,66.90140779111287,2981713.05,8.011333333333333,8.225,False,False,8.53,25832780.0,24870649.4565
2025-06-09,8.66,8.78,8.63,8.76,2914600.0,25570137.0,204192000.0,0.014273820717755837,8.576,8.486999999999998,8.3735,8.0525,65.18518450919066,2925453.0,8.019,8.2595,False,False,8.66,25531896.0,24480826.344
2025-06-10,8.81,8.88,8.52,8.69,4448600.0,39045751.0,204192000.0,0.021786357937627333,8.634,8.529,8.3955,8.059,58.7786253260299,2956868.0,8.0225,8.288499999999999,False,False,8.76,38658334.0,24837869.294
2025-06-11,8.73,8.84,8.66,8.69,2651300.0,23268892.0,204192000.0,0.012984348064566682,8.666,8.559,8.419500000000001,8.065666666666667,60.15624934204102,2973352.95,8.030333333333333,8.3095,False,False,8.76,23039797.0,25036841.9335
2025-06-12,8.7,8.75,8.63,8.69,2261500.0,19735987.0,204192000.0,0.011075360445071306,8.697999999999999,8.588999999999999,8.4455,8.071666666666665,69.99999910909091,2964317.95,8.035666666666668,8.328999999999999,False,False,8.76,19652435.0,25021824.9835
2025-06-13,8.74,8.74,8.54,8.59,2447001.0,21180920.0,204192000.0,0.011983824047954866,8.684000000000001,8.594999999999999,8.466000000000001,8.073833333333333,71.96261588086303,2918118.0,8.044,8.347999999999999,False,False,8.76,21019738.59,24694072.913
2025-06-16,8.63,8.77,8.28,8.66,3612333.0,31479071.0,204192000.0,0.01769086448048895,8.663999999999998,8.62,8.49,8.074499999999999,69.69696871135606,2983029.65,8.0525,8.3735,False,False,8.76,31282803.78,25311746.202
2025-06-17,8.72,8.72,8.58,8.69,2359300.0,20507557.0,204192000.0,0.011554321422974455,8.664,8.649,8.507000000000001,8.073,66.66666562962965,2925634.65,8.059,8.3955,False,False,8.76,20502317.0,24872606.052
2025-06-18,8.66,8.71,8.53,8.57,2851500.0,24616977.0,204192000.0,0.013964797837329573,8.64,8.653,8.5125,8.071833333333334,58.823528604382965,2933234.65,8.065666666666667,8.419500000000001,False,False,8.76,24437355.0,24952585.302
2025-06-19,8.61,8.61,8.3,8.34,2938100.0,24808308.0,204192000.0,0.014388908478294937,8.57,8.634,8.508,8.066666666666666,41.441440918756605,2940567.8,8.071666666666665,8.4455,False,False,8.76,24503754.0,25001182.3065
2025-06-20,8.33,8.49,8.28,8.33,2426400.0,20420773.0,204192000.0,0.01188293370944993,8.518,8.601,8.512,8.064,45.999999356,2869682.8,8.073833333333333,8.466000000000001,True,False,8.76,20211912.0,24426086.6565
2025-06-23,8.22,8.58,8.22,8.57,2911900.0,24775441.0,204192000.0,0.014260597868672622,8.5,8.581999999999999,8.5345,8.073833333333333,56.91056845792849,2829432.8,8.074499999999999,8.49,True,True,8.76,24954983.0,24164774.4065
2025-06-24,8.62,8.83,8.53,8.83,3078200.0,27043700.0,204192000.0,0.01507502742516847,8.528,8.596,8.5625,8.087,61.029411136461974,2844562.8,8.073,8.507000000000001,False,True,8.76,27180506.0,24376089.1065
2025-06-25,8.86,8.97,8.8,8.84,3399433.0,30320917.0,204192000.0,0.016648218343519823,8.581999999999999,8.611,8.584999999999999,8.097166666666666,61.31386798657364,2875859.45,8.071833333333334,8.5125,False,False,8.83,30050987.72,24715155.2425
2025-06-26,9.26,9.31,8.81,9.0,5070200.0,45579517.0,204192000.0,0.024830551637674347,8.714,8.642,8.6155,8.1125,62.142856521428584,2985645.2,8.066666666666666,8.508,False,False,8.84,45631800.0,25790898.785
2025-06-27,8.99,9.28,8.95,9.06,5760000.0,52578372.0,204192000.0,0.028208744710860368,8.86,8.689,8.642,8.132333333333333,61.029411136461974,3109208.35,8.064,8.512,False,False,9.0,52185600.0,26997532.4545
2025-06-30,9.24,9.24,8.97,9.06,3847698.0,34902038.0,204192000.0,0.018843529619181947,8.958000000000002,8.729,8.6745,8.152166666666666,64.34108457304254,3172218.25,8.073833333333333,8.5345,False,False,9.06,34860143.88,27652495.898500003
2025-07-01,9.1,9.14,8.94,9.07,3803400.0,34593860.0,204192000.0,0.018626586741889987,9.006,8.767,8.708,8.169833333333333,64.61538391952666,3239398.25,8.087,8.5625,False,False,9.06,34496838.0,28344221.7985
2025-07-02,9.13,9.14,9.01,9.13,2945300.0,26828160.0,204192000.0,0.014424169409183514,9.064000000000002,8.823,8.738,8.184666666666667,66.17646990700698,3267248.25,8.097166666666666,8.584999999999999,False,False,9.07,26890589.000000004,28670141.2985
2025-07-03,9.13,9.23,9.09,9.2,3031400.0,27903060.0,204192000.0,0.014845831374392729,9.104000000000001,8.909,8.7715,8.203999999999999,72.93233005935895,3287058.25,8.1125,8.6155,False,False,9.13,27888879.999999996,28940672.4985
2025-07-04,9.26,9.26,9.04,9.11,3112900.0,28469941.0,204192000.0,0.015244965522645353,9.114,8.987,8.794,8.235333333333333,66.66666597530865,3293553.25,8.132333333333333,8.642,False,False,9.2,28358519.0,29066959.4485
2025-07-07,9.04,9.28,9.04,9.28,3079600.0,28465620.0,204192000.0,0.015081883717285692,9.158,9.058000000000002,8.819999999999999,8.276166666666667,69.79865706229451,3301803.25,8.152166666666666,8.6745,False,False,9.2,28578687.999999996,29219299.0485
2025-07-08,9.36,9.36,9.18,9.21,4218800.0,39286281.0,204192000.0,0.0206609465601003,9.186,9.096,8.846,8.313666666666666,72.2222215200618,3290313.25,8.169833333333333,8.708,False,False,9.28,38855148.0,29229139.7485
2025-07-09,9.21,9.31,9.17,9.23,2958900.0,27417479.0,204192000.0,0.014490773389750822,9.206,9.135000000000002,8.873,8.348,86.1788608077204,3305693.25,8.184666666666667,8.738,False,False,9.28,27310647.0,29442682.2485
2025-07-10,9.27,9.32,9.16,9.26,2622900.0,24256359.0,204192000.0,0.012845263281617302,9.218,9.161000000000001,8.9015,8.381499999999999,87.1999990233601,3323763.25,8.203999999999999,8.7715,False,False,9.28,24288054.0,29674463.1985
2025-07-11,9.3,9.34,9.12,9.22,2865200.0,26418537.0,204192000.0,0.014031891553048112,9.24,9.177000000000001,8.933,8.411833333333332,80.95237987301604,3344673.2,8.235333333333333,8.794,False,False,9.28,26417144.0,29944333.469
2025-07-14,9.27,9.38,9.22,9.35,2409600.0,22425197.0,204192000.0,0.011800658204043253,9.254,9.206,8.9675,8.442666666666666,78.26086837429128,3284536.55,8.276166666666667,8.819999999999999,False,False,9.28,22529760.0,29506681.28
2025-07-15,9.3,9.36,9.05,9.18,3002100.0,27554223.0,204192000.0,0.014702338975082276,9.248,9.216999999999999,8.992,8.473166666666666,65.74073988854605,3316676.55,8.313666666666666,8.846,False,False,9.35,27559278.0,29859529.330000002
2025-07-16,9.22,9.31,9.18,9.29,2547300.0,23621992.0,204192000.0,0.012475023507287259,9.26,9.233,9.028,8.5035,64.07766903195406,3301466.55,8.348,8.873,False,False,9.35,23664416.999999996,29820882.43
2025-07-17,9.35,9.38,9.25,9.35,2588650.0,24091673.0,204192000.0,0.012677528992320953,9.277999999999999,9.248,9.0785,8.535,64.07766903195406,3283994.05,8.381499999999999,8.9015,False,False,9.35,24203877.5,29805888.605
2025-07-18,9.37,9.4,9.26,9.33,2015600.0,18757035.0,204192000.0,0.009871101708196207,9.3,9.27,9.1285,8.565,62.85714201904769,3263454.05,8.411833333333332,8.933,False,False,9.35,18805548.0,29735570.405
2025-07-21,9.41,9.65,9.4,9.53,3747900.0,35805797.0,204192000.0,0.018354783732957215,9.336,9.294999999999998,9.1765,8.596166666666667,68.54838632284087,3305254.05,8.442666666666666,8.9675,False,False,9.35,35717487.0,30273695.605
2025-07-22,9.53,9.57,9.38,9.47,3117700.0,29476470.0,204192000.0,0.015268472809904404,9.394,9.321000000000002,9.2085,8.625166666666667,63.70967670005213,3307229.05,8.473166666666666,8.992,False,False,9.53,29524619.000000004,30390901.255000003
2025-07-23,9.51,10.42,9.32,9.62,21676635.0,215438389.0,204192000.0,0.10615810119887165,9.459999999999999,9.36,9.2475,8.657833333333334,65.90909021005521,4221089.15,8.5035,9.028,False,False,9.53,208529228.7,39314813.304
2025-07-24,9.42,9.99,9.42,9.63,18519593.0,179141239.0,204192000.0,0.09069695678577025,9.516,9.397,9.279,8.690499999999998,70.96774113423535,4893558.8,8.535,9.0785,False,False,9.62,178343680.59,45950407.3335
2025-07-25,9.66,9.77,9.48,9.61,9079208.0,87002019.0,204192000.0,0.04446407302930575,9.572,9.435999999999998,9.3065,8.7245,65.13761384226926,5059519.2,8.565,9.1285,False,False,9.63,87251188.88,47703686.777499996
2025-07-28,9.57,9.73,9.57,9.69,6890808.0,66606354.0,204192000.0,0.033746708979783734,9.604000000000001,9.47,9.338,8.757333333333333,71.81818090413226,5211674.7,8.596166666666667,9.1765,False,False,9.63,66771929.519999996,49299276.059499994
2025-07-29,9.79,9.85,9.3,9.49,8220800.0,78074416.0,204192000.0,0.04026014731233349,9.607999999999999,9.501000000000001,9.359,8.785166666666665,60.15624934204104,5432544.7,8.625166666666667,9.2085,False,False,9.69,78015392.0,51475203.7595
2025-07-30,9.48,9.5,9.3,9.39,5455000.0,51142637.0,204192000.0,0.026715052499608212,9.562000000000001,9.511,9.372,8.8065,54.81481424636494,5558029.7,8.657833333333334,9.2475,False,False,9.69,51222450.0,52691796.809499994
2025-07-31,9.39,9.49,9.27,9.31,4468182.0,41860963.0,204192000.0,0.021882257874941233,9.498000000000001,9.507000000000001,9.3775,8.825999999999999,53.23740953573832,5629868.8,8.690499999999998,9.279,False,False,9.69,41598774.42,53377291.530499995
2025-08-01,9.31,9.54,9.31,9.5,4740400.0,44873864.0,204192000.0,0.0232154051089171,9.475999999999999,9.524000000000001,9.397,8.846333333333332,55.172413260404305,5711243.8,8.7245,9.3065,True,False,9.69,45033800.0,54211055.58049999
2025-08-04,9.55,9.68,9.39,9.68,4777300.0,45849681.0,204192000.0,0.023396117379721047,9.474,9.539,9.417,8.870166666666668,67.12328702758495,5796128.8,8.757333333333333,9.338,False,True,9.69,46244264.0,55094334.380499996
2025-08-05,9.7,9.79,9.68,9.76,3736400.0,36371492.0,204192000.0,0.01829846419056574,9.528,9.568,9.4445,8.895333333333333,66.43356578316792,5772008.8,8.785166666666665,9.359,False,False,9.69,36467264.0,54974940.18049999
2025-08-06,9.76,9.83,9.67,9.72,3475400.0,33769196.0,204192000.0,0.017020255445854882,9.594,9.578,9.469000000000001,8.920499999999999,63.12056674915756,5797833.8,8.8065,9.372,False,False,9.76,33780888.0,55298452.2305
2025-08-07,9.72,9.76,9.65,9.67,3212700.0,31100042.0,204192000.0,0.01573372120357311,9.666,9.582,9.4895,8.945500000000001,61.80555495466823,5827323.8,8.825999999999999,9.3775,False,False,9.76,31066809.0,55637389.9805
2025-08-08,9.74,9.79,9.56,9.79,3488900.0,33862554.0,204192000.0,0.01708636969127096,9.724,9.6,9.517999999999999,8.972333333333333,59.55882291630625,5858508.8,8.846333333333332,9.397,False,False,9.76,34156331.0,56024349.33049999
2025-08-11,9.8,9.99,9.72,9.99,4677800.0,46308769.0,204192000.0,0.022908830904246984,9.786,9.629999999999999,9.55,9.0025,67.33333270488887,5971918.8,8.870166666666668,9.417,False,False,9.79,46731222.0,57234422.43049999
2025-08-12,10.0,10.08,9.92,10.0,3984200.0,39860548.0,204192000.0,0.019512027895314213,9.834,9.681000000000001,9.591,9.03,63.97058757677338,6021023.8,8.895333333333333,9.4445,False,False,9.99,39842000.0,57848558.530499995
2025-08-13,10.01,11.0,9.96,10.26,20197860.0,210675719.0,204192000.0,0.09891602021626704,9.941999999999998,9.768,9.6395,9.06,69.5652167863894,6903551.8,8.920499999999999,9.469000000000001,False,False,10.0,207230043.6,67026839.8605
2025-08-14,10.27,10.27,9.71,9.84,16423966.0,162681147.0,204192000.0,0.08043393472809904,9.975999999999999,9.821,9.664,9.083499999999999,55.72139264671668,7595317.6,8.945500000000001,9.4895,False,False,10.26,161611825.44,73897237.2575
2025-08-15,9.82,9.89,9.74,9.84,7841399.0,77007173.0,204192000.0,0.038402087251214544,9.986,9.855,9.689499999999999,9.109999999999998,53.88600997181134,7886607.55,8.972333333333333,9.517999999999999,False,False,10.26,77159366.16,76814928.1655
2025-08-18,9.84,9.86,9.73,9.77,7152973.0,69931912.0,204192000.0,0.03503062313900643,9.942,9.864,9.7015,9.1375,57.777777328395054,8056861.2,9.0025,9.55,False,False,10.26,69884546.21,78523281.126
2025-08-19,9.77,9.92,9.64,9.88,6843163.0,67255347.0,204192000.0,0.033513374666980095,9.918000000000001,9.876000000000001,9.722,9.164333333333333,63.53591111077196,8243134.35,9.03,9.591,False,False,10.26,67610450.44000001,80427572.698
2025-08-20,9.86,9.92,9.77,9.92,4198100.0,41338394.0,204192000.0,0.020559571383795643,9.85,9.896,9.736999999999998,9.189833333333333,67.23163788630342,7369207.6,9.06,9.6395,False,False,10.26,41645152.0,72083368.863
2025-08-21,9.92,10.11,9.88,10.06,6585899.0,65971476.0,204192000.0,0.0322534624275192,9.894,9.934999999999999,9.7585,9.217666666666668,66.27906922796107,6772522.9,9.083499999999999,9.664,False,False,10.26,66254143.940000005,66478892.030499995
2025-08-22,10.02,10.05,9.8,9.91,6092202.0,60289989.0,204192000.0,0.029835654677950164,9.908,9.947000000000001,9.7735,9.240666666666668,56.80473325723891,6623172.6,9.109999999999998,9.689499999999999,False,False,10.26,60373721.82,65135018.67750001
2025-08-25,9.94,10.0,9.86,9.9,5171200.0,51215667.0,204192000.0,0.025325184140416863,9.934000000000001,9.937999999999999,9.784,9.2655,54.32098718488037,6537192.2,9.1375,9.7015,False,False,10.26,51194880.0,64356166.2015
2025-08-26,9.9,10.89,9.89,10.89,11587321.0,123067067.0,204192000.0,0.056747184022880426,10.136,10.027,9.854000000000001,9.306999999999999,72.76264551802448,6705518.25,9.164333333333333,9.722,False,False,10.26,126185925.69000001,66764692.88599999
2025-08-27,11.98,11.98,11.98,11.98,7339500.0,87927210.0,204192000.0,0.03594411142454161,10.548000000000002,10.199,9.9835,9.3645,81.99445951581096,6799743.25,9.189833333333333,9.736999999999998,False,False,10.89,87927210.0,68599930.88599999
2025-08-28,13.18,13.18,13.18,13.18,3656200.0,48188716.0,204192000.0,0.01790569659927911,11.172,10.533000000000001,10.177000000000001,9.442,86.1407246895586,6759144.15,9.217666666666668,9.7585,False,False,11.98,48188716.0,68929427.965
2025-08-29,14.5,14.5,14.5,14.5,6566094.0,95208363.0,204192000.0,0.03215647038081805,12.09,10.999,10.427000000000001,9.539333333333332,88.81239221284449,6850428.85,9.240666666666668,9.7735,False,False,13.18,95208363.0,71438156.11500001
2025-09-01,15.95,15.95,15.95,15.95,5126993.0,81775538.0,204192000.0,0.02510868692211252,13.3,11.617,10.7405,9.659166666666666,91.03448258282997,6867913.5,9.2655,9.784,False,False,14.5,81775538.35,73214719.83250001
2025-09-02,17.55,17.55,14.36,14.5,59140914.0,873656231.0,204192000.0,0.2896338446168312,14.022,12.078999999999999,10.977500000000001,9.756,75.11848328771816,9638139.2,9.306999999999999,9.854000000000001,False,False,15.95,857543253.0,114268519.2825
2025-09-03,13.05,13.34,13.05,13.05,28450800.0,372468662.0,204192000.0,0.13933356840620592,14.235999999999999,12.392000000000001,11.144,9.828666666666665,66.9482575567819,10886909.2,9.3645,9.9835,False,False,15.95,371282940.0,131143621.88250001
2025-09-04,11.98,12.38,11.75,11.75,27167174.0,322605842.0,204192000.0,0.13304720067387557,13.95,12.561000000000002,11.248000000000001,9.879666666666667,58.86722369320881,12084632.9,9.442,10.177000000000001,False,False,15.95,319214294.5,145550996.1575
2025-09-05,11.3,11.48,11.02,11.38,26216174.0,295435017.0,204192000.0,0.12838981938567623,13.326000000000002,12.708,11.3275,9.926166666666665,57.27190597996327,13220996.6,9.539333333333332,10.427000000000001,False,False,15.95,298340060.12,158760182.6135
2025-09-08,11.25,11.49,11.23,11.37,17941024.0,203529164.0,204192000.0,0.08786350101864912,12.41,12.855,11.3965,9.971333333333332,56.79124878805127,13884157.8,9.659166666666666,10.7405,False,False,15.95,203989442.88,166623093.6575
2025-09-09,11.35,11.52,11.14,11.18,15963050.0,180571595.0,204192000.0,0.07817666705845479,11.746,12.884,11.4555,10.012833333333333,55.66546755581685,14483100.3,9.756,10.977500000000001,True,False,15.95,178466899.0,173554338.60750002
2025-09-10,11.21,11.31,11.11,11.3,12414738.0,139329883.0,204192000.0,0.06079933591913493,11.396,12.815999999999999,11.5075,10.058333333333334,55.58558551547764,14093944.2,9.828666666666665,11.144,True,True,15.95,140286539.4,170207163.3975
2025-09-11,11.31,11.39,11.11,11.37,11990335.0,134842887.0,204192000.0,0.05872088524525936,11.32,12.635,11.584,10.108833333333333,56.624319347301224,13872262.65,9.879666666666667,11.248000000000001,True,True,15.95,136330108.95,168943077.573
2025-09-12,11.38,11.47,11.29,11.41,11279790.0,128208180.0,204192000.0,0.055241096614950636,11.326,12.325999999999999,11.6625,10.160166666666667,56.83257911351528,14044182.2,9.926166666666665,11.3275,True,True,15.95,128702403.9,171520229.46
2025-09-15,11.45,12.45,11.39,12.43,31898050.0,381555040.0,204192000.0,0.1562159634069895,11.538,11.974,11.7955,10.2245,56.94945841179671,15281436.05,9.971333333333332,11.3965,True,True,15.95,396492761.5,187850640.2245
2025-09-16,11.98,12.18,11.9,12.06,19143933.0,230271093.0,204192000.0,0.09375456922896097,11.714000000000002,11.73,11.9045,10.278333333333332,50.38610031801106,15896474.55,10.012833333333333,11.4555,False,True,15.95,230875831.98000002,196013909.30150002
2025-09-17,12.0,12.0,11.61,11.65,14713459.0,172551564.0,204192000.0,0.07205698068484563,11.784,11.59,11.991000000000001,10.325166666666666,42.00626953102531,16422242.5,10.058333333333334,11.5075,False,False,15.95,171411797.35,202502241.569
2025-09-18,11.56,11.88,11.46,11.67,13704559.0,160256020.0,204192000.0,0.067116042744084,11.844,11.582,12.0715,10.369666666666665,32.88996366862642,16778175.5,10.108833333333333,11.584,True,False,15.95,159932203.53,207186144.5485
2025-09-19,11.51,12.25,11.45,11.79,11721600.0,138420147.0,204192000.0,0.057404795486600844,11.919999999999998,11.623,12.1655,10.415166666666666,20.028818403400066,17059645.4,10.160166666666667,11.6625,True,True,15.95,138197664.0,211077341.6575
2025-09-22,11.79,11.99,11.55,11.84,9424000.0,110766882.0,204192000.0,0.04615264065193543,11.802,11.669999999999998,12.2625,10.4615,25.992779717707776,17272285.4,10.2245,11.7955,True,True,15.95,111580160.0,214096605.6575
2025-09-23,11.86,11.87,11.08,11.23,10929100.0,123831431.0,204192000.0,0.053523644413101396,11.636000000000001,11.675,12.279499999999999,10.4975,30.638297781077412,17239374.35,10.278333333333332,11.9045,True,True,15.95,122733793.0,213923999.023
2025-09-24,11.24,11.55,11.02,11.49,8800756.0,99932330.0,204192000.0,0.043100395706002194,11.604,11.693999999999999,12.254999999999999,10.536833333333334,46.44808725402371,17312437.15,10.325166666666666,11.991000000000001,True,True,15.95,101120686.44,214583672.845
2025-09-25,11.44,11.55,11.27,11.31,7078600.0,80669244.0,204192000.0,0.03466639241498198,11.532,11.687999999999999,12.1615,10.572,48.99135426919914,17483557.15,10.369666666666665,12.0715,True,True,15.95,80058966.0,216177185.34499997
2025-09-26,11.36,11.55,11.18,11.34,6705191.0,76282824.0,204192000.0,0.03283767728412475,11.442000000000002,11.681000000000001,12.003499999999999,10.609166666666665,49.570200374216974,17490512.0,10.415166666666666,12.1655,True,True,15.95,76036865.94,215218610.492
2025-09-29,11.35,11.65,11.21,11.5,8136200.0,93539849.0,204192000.0,0.03984583137439273,11.374,11.588,11.781,10.646166666666666,54.62427723562433,17640972.35,10.4615,12.2625,True,True,15.95,93566300.0,215808148.5745
2025-09-30,11.49,11.68,11.49,11.55,6383500.0,73836246.0,204192000.0,0.03126224337878076,11.437999999999999,11.536999999999999,11.633500000000002,10.685166666666666,53.68731541250077,15003101.65,10.4975,12.279499999999999,True,True,14.5,73729425.0,176617457.1745
2025-10-09,11.61,11.65,11.45,11.51,7506483.0,86734502.0,204192000.0,0.036761885872120356,11.442,11.523,11.5565,10.723166666666666,52.08333311631945,13955885.8,10.536833333333334,12.254999999999999,True,True,13.05,86399619.33,162373291.141
2025-10-10,11.43,11.84,11.43,11.79,10008800.0,117382373.0,204192000.0,0.04901661181632973,11.538,11.535,11.558499999999999,10.765333333333334,55.27777756280863,13097967.1,10.572,12.1615,True,True,12.43,118003751.99999999,152312764.016
2025-10-13,11.23,11.77,10.85,11.75,11751900.0,134514947.0,204192000.0,0.0575531852374236,11.62,11.531,11.577,10.807500000000001,37.02290056552648,12374753.4,10.609166666666665,12.003499999999999,False,True,12.43,138084825.0,144300002.26000002
2025-10-14,11.73,11.98,11.51,11.6,9212000.0,108109352.0,204192000.0,0.04511440213132738,11.639999999999999,11.507000000000001,11.5885,10.845,40.41666643090275,11938302.2,10.646166666666666,11.781,False,False,12.43,106859200.0,139443490.116
2025-10-15,11.6,11.82,11.45,11.8,6610500.0,77303122.0,204192000.0,0.032373942172073344,11.690000000000001,11.564,11.619499999999999,10.888666666666667,53.424657192719096,11470674.7,10.685166666666666,11.633500000000002,False,False,12.43,78003900.0,134420340.166
2025-10-16,11.81,11.88,11.46,11.52,7092000.0,82255473.0,204192000.0,0.03473201692524683,11.692,11.567,11.630500000000001,10.925833333333333,46.938775241982505,11204537.8,10.723166666666666,11.5565,False,False,12.43,81699840.0,131491005.19600001
2025-10-17,11.52,11.68,11.42,11.49,6060800.0,69959572.0,204192000.0,0.029681868045760854,11.632000000000001,11.585,11.6365,10.9615,43.64406753770471,10908061.05,10.765333333333334,11.558499999999999,True,False,12.43,69638592.0,128156429.34850001
2025-10-20,11.66,11.94,11.55,11.9,11704491.0,138311228.0,204192000.0,0.05732100669957687,11.662,11.641,11.661,11.004333333333333,51.102940913440754,10929296.1,10.807500000000001,11.577,True,True,12.43,139283442.9,128685481.29849999
2025-10-21,12.01,12.18,11.8,11.98,11580000.0,138641748.0,204192000.0,0.056711330512458864,11.738,11.689,11.638499999999999,11.045166666666667,67.12328724213424,9913393.6,10.845,11.5885,False,True,12.43,138728400.0,115797263.22349998
2025-10-22,11.95,12.17,11.92,11.95,9211300.0,110740886.0,204192000.0,0.04511097398526877,11.768,11.729000000000001,11.633,11.086500000000001,61.734693436588884,9416761.95,10.888666666666667,11.619499999999999,False,False,12.06,110075035.0,109757223.37449999
2025-10-23,11.85,12.18,11.76,12.07,9088909.0,108924450.0,204192000.0,0.04451158223632659,11.878,11.785,11.654,11.127333333333333,69.99999948421048,9135534.45,10.925833333333333,11.630500000000001,False,False,11.98,109703131.63,106671790.0885
2025-10-24,12.07,12.22,11.99,12.22,9484300.0,114833909.0,204192000.0,0.04644795094812725,12.024,11.828,11.6815,11.1705,71.7821777203215,8924521.5,10.9615,11.6365,False,False,12.07,115898146.0,104470087.21199998
2025-10-27,12.25,12.25,11.7,11.85,10521700.0,125078669.0,204192000.0,0.0515284634069895,12.014,11.838000000000001,11.6845,11.207833333333333,57.84753326911859,8864526.5,11.004333333333333,11.661,False,False,12.22,124682145.0,103794311.262
2025-10-28,11.8,11.93,11.74,11.84,5920300.0,70250798.0,204192000.0,0.0289937901582824,11.986,11.862,11.6845,11.243666666666666,56.62100420424925,8689341.5,11.045166666666667,11.638499999999999,False,False,12.22,70096352.0,101720120.86199999
2025-10-29,11.94,11.94,11.5,11.6,6668700.0,77499511.0,204192000.0,0.03265896803008933,11.916,11.842,11.703,11.278833333333333,51.88284488436826,8476321.5,11.086500000000001,11.633,False,False,12.22,77356920.0,99451277.21199998
2025-10-30,11.61,11.62,11.4,11.41,5203600.0,59673130.0,204192000.0,0.02548385832941545,11.784,11.831,11.699000000000002,11.3125,41.73913018071837,8296463.7,11.127333333333333,11.654,True,False,12.22,59373076.0,97363896.69
2025-10-31,11.54,11.7,11.41,11.64,5264400.0,61125655.0,204192000.0,0.025781617301363424,11.668000000000001,11.846,11.7155,11.351333333333335,47.791164389929214,8205753.7,11.1705,11.6815,True,True,12.22,61277616.0,96424829.19
2025-11-03,11.77,12.08,11.56,11.87,8185400.0,96478896.0,204192000.0,0.040086781068798,11.672,11.843,11.742,11.390833333333335,55.25291798694907,8279764.15,11.207833333333333,11.6845,True,True,12.22,97160698.0,97481020.793
2025-11-04,12.07,12.07,11.71,11.85,4217600.0,49839558.0,204192000.0,0.020655069738285535,11.674,11.83,11.7595,11.427,51.04602480558811,8083834.15,11.243666666666666,11.6845,False,True,12.22,49978560.0,95301633.793
2025-11-05,11.75,12.08,11.55,11.97,6564000.0,78396857.0,204192000.0,0.03214621532675129,11.748000000000001,11.831999999999999,11.7805,11.463833333333332,60.08968572141006,8092859.15,11.278833333333333,11.703,False,False,12.22,78571080.0,95543716.543
2025-11-06,11.92,12.0,11.82,11.9,3695400.0,43947230.0,204192000.0,0.018097672778561353,11.846,11.815000000000001,11.8,11.500166666666667,59.03083664033844,7902305.0,11.3125,11.699000000000002,False,False,12.22,43975260.0,93422498.5765
2025-11-07,11.9,12.05,11.81,11.97,5251900.0,62880251.0,204192000.0,0.025720400407459647,11.912,11.790000000000001,11.809000000000001,11.538499999999999,51.81347112674166,7664460.0,11.351333333333335,11.7155,False,False,12.22,62865243.0,90665573.1265
2025-11-10,11.98,12.28,11.92,12.04,6866900.0,83032506.0,204192000.0,0.033629623099827616,11.946000000000002,11.809000000000001,11.8235,11.576,51.56249962402341,7420210.0,11.390833333333335,11.742,False,False,12.22,82677476.0,87895205.6765
2025-11-11,12.1,12.34,11.96,12.23,7511609.0,91585054.0,204192000.0,0.03678698969597242,12.022,11.847999999999999,11.855,11.613333333333333,56.73076884892754,7335190.45,11.427,11.7595,False,False,12.22,91866978.07000001,87145594.58000001
2025-11-12,12.2,12.26,12.07,12.13,5629300.0,68353917.0,204192000.0,0.027568660868202477,12.054,11.901,11.871500000000001,11.648833333333332,51.45631032990859,7286130.45,11.463833333333332,11.7805,False,False,12.23,68283409.0,86659570.03
2025-11-13,12.07,12.25,11.97,12.2,6094600.0,74136681.0,204192000.0,0.029847398526876665,12.114,11.98,11.9055,11.681166666666666,49.49494914498517,7236260.45,11.500166666666667,11.8,False,False,12.23,74354120.0,86292284.03
2025-11-14,12.14,13.0,12.13,12.79,16886300.0,213564274.0,204192000.0,0.08269814684218775,12.277999999999999,12.095,11.9705,11.730333333333332,71.36363590950415,7777535.45,11.538499999999999,11.809000000000001,False,False,12.23,215975777.0,93609143.28
2025-11-17,12.79,13.74,12.67,13.56,24732452.0,329178211.0,204192000.0,0.12112351120514026,12.581999999999999,12.264,12.0535,11.792333333333335,79.05405368014976,8428933.5,11.576,11.8235,False,False,12.79,335372049.12,103413573.59099999
2025-11-18,13.43,13.43,12.7,12.77,16066400.0,207802971.0,204192000.0,0.07868280833725122,12.690000000000001,12.356,12.093,11.842333333333332,66.66666640075974,8653253.5,11.613333333333333,11.855,False,False,13.56,205167928.0,106735549.991
2025-11-19,12.82,14.05,12.57,13.28,25256247.0,340554112.0,204192000.0,0.12368871944052656,12.919999999999998,12.487,12.1595,11.899,74.41253236507167,9455500.85,11.648833333333332,11.871500000000001,False,False,13.56,335402960.15999997,118001946.249
2025-11-20,13.31,14.61,13.19,14.12,33239287.0,464738007.0,204192000.0,0.1627844724572951,13.303999999999998,12.709,12.262,11.969,77.92792768220923,10663019.75,11.681166666666666,11.9055,False,False,13.56,469338732.44,135983726.2895
2025-11-21,13.8,14.4,12.71,12.91,23919653.0,322345842.0,204192000.0,0.11714294879329258,13.328,12.803,12.2965,12.016499999999999,59.59409578702633,11384787.4,11.730333333333332,11.9705,False,False,14.12,308802720.23,145628955.001
2025-11-24,13.17,13.45,12.37,13.0,16106753.0,207217267.0,204192000.0,0.07888043116282714,13.216,12.899000000000001,12.354000000000001,12.068,60.473588188227644,11664040.05,11.792333333333335,12.0535,False,False,14.12,209387789.0,149864237.201
2025-11-25,13.29,13.8,12.85,13.59,18492550.0,247741606.0,204192000.0,0.09056451770882307,13.38,13.035,12.441500000000001,12.1295,63.59060387747173,12292652.55,11.842333333333332,12.093,False,False,14.12,251313754.5,158925107.326
2025-11-26,13.38,13.5,12.68,12.75,14837100.0,192094823.0,204192000.0,0.07266249412317818,13.274000000000001,13.097,12.499,12.1605,56.3150073122719,12701072.55,11.899,12.1595,False,False,14.12,189173025.0,164515912.576
2025-11-27,12.87,13.0,12.23,12.26,12220100.0,152412382.0,204192000.0,0.059846125215483464,12.901999999999997,13.103,12.5415,12.165166666666666,52.02797192609907,13051897.55,11.969,12.262,False,False,14.12,149818426.0,169038180.076
2025-11-28,12.21,12.49,11.7,12.44,12367700.0,149758242.0,204192000.0,0.060568974298699264,12.807999999999998,13.068000000000001,12.5815,12.152833333333335,52.75482083490807,13407062.55,12.016499999999999,12.2965,True,False,14.12,153854188.0,173667008.676
2025-12-01,12.58,12.65,12.1,12.25,9296200.0,114220909.0,204192000.0,0.04552675912866322,12.658,12.937000000000001,12.6005,12.115333333333334,50.1377409501476,13462602.55,12.068,12.354000000000001,True,True,14.12,113878450.0,174502896.276
2025-12-02,12.32,12.32,11.78,11.82,8011300.0,95282030.0,204192000.0,0.03923415217050619,12.304,12.841999999999999,12.599,12.0465,47.9578391737273,13652287.55,12.1295,12.441500000000001,True,True,14.12,94693566.0,176738646.576
2025-12-03,11.82,11.95,11.26,11.36,8618800.0,98965775.0,204192000.0,0.04220929321422975,12.026,12.65,12.5685,11.994166666666667,44.73684202677747,13755027.55,12.1605,12.499,True,True,14.12,97909568.0,177705570.976
2025-12-04,11.37,11.41,11.01,11.03,6789800.0,75483311.0,204192000.0,0.03325203729822912,11.78,12.341,12.525,11.9605,38.60103619942817,13909747.55,12.165166666666666,12.5415,True,True,14.12,74891494.0,179251382.676
2025-12-05,10.99,12.13,10.93,12.13,11281550.0,132538031.0,204192000.0,0.055249715953612284,11.718,12.263,12.533,11.966833333333334,41.118012350850655,14211230.05,12.152833333333335,12.5815,True,True,14.12,136845201.5,182950380.601
2025-12-08,12.3,12.3,11.96,12.22,14611602.0,177919987.0,204192000.0,0.07155815115185707,11.712,12.184999999999999,12.542,11.980833333333333,46.25850331324912,14598465.15,12.115333333333334,12.6005,True,True,14.12,178553776.44,187744195.623
2025-12-09,12.31,12.45,12.08,12.17,8625000.0,105481308.0,204192000.0,0.042239656793606015,11.782,12.043,12.538999999999998,11.994166666666668,41.94484751999596,14654134.7,12.0465,12.599,True,True,14.12,104966250.0,188399159.2195
2025-12-10,12.18,12.28,11.78,11.79,6811600.0,81162709.0,204192000.0,0.033358799561197305,11.868,11.947,12.522,12.004333333333333,31.881803974129824,14713249.7,11.994166666666667,12.5685,True,True,14.12,80308764.0,189000426.9695
2025-12-11,11.75,11.8,11.48,11.49,5117600.0,59329204.0,204192000.0,0.025062686099357467,11.959999999999999,11.870000000000001,12.4865,12.0075,37.13768106523052,14664399.7,11.9605,12.525,True,True,14.12,58801224.0,188222782.16950002
2025-12-12,11.49,11.71,11.33,11.43,5046500.0,58049370.0,204192000.0,0.024714484406832785,11.82,11.769,12.4185,12.0085,35.701274954495844,14072409.7,11.966833333333334,12.533,True,True,14.12,57681495.0,180308068.06950003
2025-12-15,11.34,11.59,11.22,11.5,4111300.0,47021477.0,204192000.0,0.020134481272527815,11.675999999999998,11.693999999999999,12.3155,12.009999999999998,28.97384297673365,13041352.1,11.980833333333333,12.542,True,True,14.12,47279950.0,165903463.1135
2025-12-16,11.44,11.44,11.11,11.18,4023300.0,45148456.0,204192000.0,0.019703514339445227,11.477999999999998,11.629999999999999,12.236,11.989166666666668,32.359550459992434,12439197.1,11.994166666666668,12.538999999999998,True,True,14.12,44980494.0,157894091.4135
2025-12-17,11.18,11.2,10.7,10.95,5933000.0,64662825.0,204192000.0,0.029055986522488638,11.309999999999999,11.589,12.119499999999999,11.970666666666666,34.367541651277904,11473034.75,12.004333333333333,12.522,True,True,14.12,64966349.99999999,144372260.9055
2025-12-18,10.96,11.15,10.8,10.96,4220400.0,46588241.0,204192000.0,0.02066878232251998,11.204,11.581999999999999,11.9615,11.959166666666667,31.59203969097304,10022090.4,12.0075,12.4865,True,True,14.12,46255584.0,123218103.4835
2025-12-19,11.09,11.35,10.91,11.28,4272100.0,47525430.0,204192000.0,0.020921975395706,11.174000000000001,11.497,11.879999999999999,11.952666666666666,38.31325288279867,9039712.75,12.0085,12.4185,True,True,13.59,48189288.0,110187431.87200001
2025-12-22,11.29,11.41,11.25,11.3,3916400.0,44365842.0,204192000.0,0.01917998746278013,11.134,11.405,11.795,11.944500000000001,43.04812818110328,8430195.1,12.009999999999998,12.3155,True,True,13.59,44255320.0,101930808.42199999
2025-12-23,11.26,11.44,11.15,11.39,4576600.0,51818883.0,204192000.0,0.022413218931202007,11.176,11.327,11.684999999999999,11.937000000000001,50.44510364800255,7734397.6,11.989166666666668,12.236,True,True,13.59,52127474.0,91971494.397
2025-12-24,11.34,11.76,11.25,11.49,4266300.0,49222263.0,204192000.0,0.02089357075693465,11.284,11.297,11.622,11.941333333333334,57.32484050874276,7205857.6,11.970666666666666,12.119499999999999,True,True,12.75,49019787.0,84963832.49700001
2025-12-25,11.58,11.58,11.28,11.4,3742200.0,42608136.0,204192000.0,0.018326868829337095,11.372,11.288,11.579,11.939833333333333,32.86384954925171,6781962.6,11.959166666666667,11.9615,True,True,12.44,42661080.0,79605965.197
2025-12-26,11.41,11.6,11.37,11.39,4108852.0,47120759.0,204192000.0,0.0201224925560257,11.394,11.284,11.5265,11.941166666666668,29.756097357763267,6369020.2,11.952666666666666,11.879999999999999,True,True,12.44,46799824.28,74253247.011
2025-12-29,11.4,11.64,11.23,11.32,4621252.0,52584497.0,204192000.0,0.022631895470929322,11.398,11.266000000000002,11.48,11.940833333333334,29.468598834511923,6135272.8,11.944500000000001,11.795,True,True,12.25,52312572.64,71174953.14299999
2025-12-30,11.21,11.45,11.12,11.4,3952552.0,44732649.0,204192000.0,0.019357036514652877,11.4,11.288,11.459,11.939166666666667,38.98305053911716,5932335.4,11.937000000000001,11.684999999999999,True,True,12.22,45059092.800000004,68693229.48300001
2025-12-31,11.41,11.45,11.05,11.13,3594600.0,40143376.0,204192000.0,0.0176040197461213,11.328,11.306000000000001,11.4475,11.932166666666667,39.655172094728535,5681125.4,11.941333333333334,11.622,True,True,12.22,40007898.0,65798145.982999995
2026-01-05,11.21,11.53,11.21,11.42,4569400.0,52128904.0,204192000.0,0.02237795800031343,11.332,11.352,11.467,11.930666666666667,49.746192539874784,5570105.4,11.939833333333333,11.579,True,True,12.22,52182548.0,64662698.68299999
2026-01-06,11.39,11.54,11.3,11.46,4814400.0,54952820.0,204192000.0,0.023577809120827457,11.346,11.370000000000001,11.4335,11.925166666666666,48.969071811563424,5246747.9,11.941166666666668,11.5265,True,True,12.22,55173024.00000001,60579089.80799999
2026-01-07,11.41,11.59,11.38,11.43,3928400.0,45104182.0,204192000.0,0.019238755680927755,11.368,11.383000000000001,11.394,11.919833333333333,57.57575708723599,4712587.8,11.940833333333334,11.48,False,True,12.22,44901612.0,53896481.586
2026-01-08,11.39,11.57,11.37,11.5,3977100.0,45699142.0,204192000.0,0.01947725669957687,11.388000000000002,11.394000000000002,11.360499999999998,11.918166666666666,68.45637519571191,4480192.8,11.939166666666667,11.459,False,False,12.17,45736650.0,50935001.586
2026-01-09,11.63,11.86,11.41,11.55,5754800.0,66605142.0,204192000.0,0.028183278482996395,11.472,11.4,11.3485,11.914,69.28104511768976,4427352.8,11.932166666666667,11.4475,False,False,11.79,66467940.00000001,50242960.386
2026-01-12,11.63,11.63,11.36,11.51,4535500.0,52110073.0,204192000.0,0.022211937784046388,11.49,11.411000000000001,11.3495,11.913833333333335,59.199999336960005,4398247.8,11.930666666666667,11.467,False,False,11.55,52203605.0,49913079.436000004
2026-01-13,11.54,12.06,11.47,11.76,10317977.0,121697704.0,204192000.0,0.05053076026484877,11.55,11.448,11.366000000000001,11.918333333333333,65.5405399205624,4661821.65,11.925166666666666,11.4335,False,False,11.55,121339409.52,53095975.162
2026-01-14,11.77,12.06,11.51,11.7,8354127.0,98310887.0,204192000.0,0.040913096497414196,11.604,11.486,11.376000000000001,11.915,60.68965458644465,4873963.0,11.919833333333333,11.394,False,False,11.76,97743285.89999999,55619141.957
2026-01-15,11.61,11.71,11.5,11.62,4019500.0,46575725.0,204192000.0,0.01968490440369848,11.628,11.508000000000001,11.398,11.908999999999999,54.54545401144307,4873773.0,11.918166666666666,11.360499999999998,False,False,11.76,46706590.0,55705446.75700001
2026-01-16,11.65,11.74,11.47,11.51,4394453.0,50915331.0,204192000.0,0.021521181045290706,11.620000000000001,11.546,11.426,11.901666666666667,53.79310292889416,4796845.65,11.914,11.3485,False,False,11.76,50580154.03,54986136.958500005
2026-01-19,11.58,11.87,11.48,11.86,4893600.0,57361151.0,204192000.0,0.023965679360601788,11.690000000000001,11.59,11.471,11.898166666666667,63.12849112636929,4830505.65,11.913833333333335,11.3495,False,False,11.76,58038096.0,55575262.55850001
2026-01-20,11.86,11.86,11.65,11.76,4097423.0,48059064.0,204192000.0,0.0200665207255916,11.69,11.620000000000001,11.495000000000001,11.8905,62.08791161031274,4821771.8,11.918333333333333,11.366000000000001,False,False,11.86,48185694.48,55575082.88250001
2026-01-21,11.7,12.04,11.65,11.99,4800800.0,56982247.0,204192000.0,0.023511205140260148,11.748000000000001,11.675999999999998,11.5295,11.892833333333332,64.97461882759151,4865991.8,11.915,11.376000000000001,False,False,11.86,57561592.0,56240396.4825
2026-01-22,12.09,12.09,11.81,12.05,3533300.0,42370156.0,204192000.0,0.017303812098417175,11.834,11.730999999999998,11.5625,11.896333333333333,76.13636303073343,4813826.8,11.908999999999999,11.398,False,False,11.99,42576265.0,55762836.032500006
2026-01-23,12.08,12.16,11.95,12.1,4331745.0,52374324.0,204192000.0,0.021214077926657263,11.952,11.786,11.593,11.904666666666667,72.36842038608029,4817099.05,11.901666666666667,11.426,False,False,12.05,52414114.5,55932552.407500006
2026-01-26,12.15,12.19,11.82,11.92,4172900.0,49916344.0,204192000.0,0.020436158125685628,11.964,11.827,11.619,11.913166666666665,63.85542114820724,4838634.05,11.898166666666667,11.471,False,False,12.1,49740968.0,56286546.807500005
2026-01-27,11.99,12.0,11.42,11.82,4875300.0,56941858.0,204192000.0,0.023876057827926657,11.976,11.833,11.6405,11.916166666666667,61.27167580473789,4876956.45,11.8905,11.495000000000001,False,False,12.1,57626046.0,56827857.89350001
2026-01-28,11.82,11.88,11.56,11.63,4119600.0,48060135.0,204192000.0,0.020175129290079925,11.904,11.825999999999999,11.656,11.912166666666668,53.513513108546405,4851873.85,11.892833333333332,11.5295,False,False,12.1,47910948.0,56607776.6615
2026-01-29,11.63,11.91,11.43,11.58,5098845.0,59673842.0,204192000.0,0.02497083627174424,11.81,11.822,11.665000000000001,11.907666666666666,50.810810426296555,4909188.5,11.896333333333333,11.5625,True,False,12.1,59044625.1,57307053.2765
2026-01-30,11.08,11.62,11.08,11.59,6631700.0,75526242.0,204192000.0,0.03247776602413415,11.708,11.83,11.688,11.901333333333334,52.19780179628065,5061043.5,11.904666666666667,11.593,True,True,12.1,76861403.0,59149728.5265
2026-02-02,11.65,11.85,11.47,11.47,4146000.0,48243739.0,204192000.0,0.0203044193700047,11.618,11.791,11.6905,11.894166666666669,41.42011800007003,5039873.5,11.913166666666665,11.619,True,True,12.1,47554620.0,58918332.126499996
2026-02-03,11.81,11.81,11.46,11.72,4331100.0,50538375.0,204192000.0,0.021210919134931828,11.598,11.787,11.7035,11.889999999999999,50.53191451731557,5015708.5,11.916166666666667,11.6405,True,True,12.1,50760492.0,58697705.5265
2026-02-04,11.76,11.95,11.65,11.95,5079100.0,60339985.0,204192000.0,0.024874138066133835,11.661999999999999,11.783,11.7295,11.888499999999999,58.12807841685071,5073243.5,11.912166666666668,11.656,False,True,12.1,60695245.0,59487387.1765
2026-02-05,12.0,12.02,11.78,11.84,3299700.0,39223644.0,204192000.0,0.016159790785143395,11.714,11.762,11.746500000000001,11.882000000000001,58.12807841685071,5039373.5,11.907666666666666,11.665000000000001,False,False,12.1,39068448.0,59153977.0765
2026-02-06,11.86,12.0,11.7,11.91,2836245.0,33759689.0,204192000.0,0.013890088740009403,11.778,11.742999999999999,11.7645,11.878333333333334,51.42857101714288,4893445.75,11.901333333333334,11.688,False,False,12.1,33779677.95,57519563.974
2026-02-09,12.01,12.1,11.91,12.04,3282700.0,39451788.0,204192000.0,0.01607653580943426,11.892,11.754999999999999,11.791,11.875666666666666,57.86516808420654,4830805.75,11.894166666666669,11.6905,False,False,12.1,39523708.0,56885569.124
2026-02-10,12.09,12.15,11.91,11.93,2536700.0,30500769.0,204192000.0,0.012423111581256856,11.934,11.766,11.799499999999998,11.861333333333334,48.19277067789227,4441741.9,11.889999999999999,11.7035,False,False,12.1,30262831.0,52331740.198
2026-02-11,11.94,12.07,11.81,11.93,2860100.0,34157028.0,204192000.0,0.01400691506033537,11.93,11.796000000000001,11.811,11.834166666666667,46.24999959531245,4167040.55,11.888499999999999,11.7295,False,False,12.1,34120993.0,49150625.552999996
2026-02-12,11.92,11.93,11.66,11.79,2859600.0,33773996.0,204192000.0,0.01400446638457922,11.919999999999998,11.816999999999998,11.8195,11.817833333333335,40.82840202864042,4109045.55,11.882000000000001,11.746500000000001,False,False,12.1,33714684.0,48501030.253
2026-02-13,11.76,11.95,11.71,11.75,3361200.0,39764406.0,204192000.0,0.016460977903149977,11.888,11.833,11.8315,11.792333333333335,44.51612863017689,4057382.9,11.878333333333334,11.7645,True,False,12.1,39494100.0,47946727.5515
2026-02-24,11.86,12.14,11.8,12.11,3437200.0,41365003.0,204192000.0,0.01683317661808494,11.902,11.896999999999998,11.844,11.758833333333333,58.01104927505266,3984562.9,11.875666666666666,11.791,True,True,12.1,41624492.0,47126047.3515
2026-02-25,12.12,12.24,12.0,12.0,2947800.0,35578203.0,204192000.0,0.01443641278796427,11.916,11.924999999999999,11.856,11.743666666666666,60.6936411273347,3927081.75,11.861333333333334,11.799499999999998,False,True,12.11,35373600.0,46485442.6275
2026-02-26,12.12,12.8,11.9,12.35,8738800.0,107805548.0,204192000.0,0.042796975395706004,12.0,11.965,11.873999999999999,11.732833333333334,68.9655167657551,4123981.75,11.834166666666667,11.811,False,False,12.11,107924180.0,49003572.027499996
2026-02-27,12.5,13.4,12.32,12.59,18229920.0,229040859.0,204192000.0,0.08927832628114715,12.16,12.040000000000001,11.901,11.716166666666668,72.12389335852461,4858812.75,11.817833333333335,11.8195,False,False,12.35,229514692.8,58350493.4175
2026-03-02,12.13,12.79,12.05,12.29,11661600.0,144692815.0,204192000.0,0.057110954395862716,12.268,12.078,11.9105,11.708499999999999,66.80327830522708,5225305.5,11.792333333333335,11.8315,False,False,12.59,143321064.0,62895840.8925
2026-03-03,12.46,12.76,12.05,12.36,12941843.0,160539684.0,204192000.0,0.06338075438802696,12.318000000000001,12.11,11.9325,11.710166666666668,64.1592916379513,5663752.65,11.758833333333333,11.844,False,False,12.59,159961179.48,68406851.4665
2026-03-04,12.15,12.44,11.8,12.33,9125800.0,111414360.0,204192000.0,0.04469225043096693,12.384,12.15,11.958,11.708333333333334,59.22330056838537,5876277.65,11.743666666666666,11.856,False,False,12.59,112521114.0,71151604.86649999
2026-03-05,12.39,12.69,12.33,12.6,9468000.0,118551106.0,204192000.0,0.046368124118476725,12.434000000000001,12.216999999999999,12.006499999999999,11.714166666666667,67.11711669385605,6143697.65,11.732833333333334,11.873999999999999,False,False,12.59,119296800.0,74720897.4665
2026-03-06,12.52,13.08,12.38,12.89,9745400.0,125433942.0,204192000.0,0.04772664942798934,12.494,12.327000000000002,12.072,11.732000000000001,70.08196681100513,6376025.4,11.716166666666668,11.901,False,False,12.6,125618206.0,78049576.5115
2026-03-09,12.73,12.79,12.39,12.65,6815057.0,85574945.0,204192000.0,0.033375729705375334,12.566,12.417,12.125,11.7535,61.96078397354867,6385193.25,11.708499999999999,11.9105,False,False,12.89,86210471.05,78517029.914
2026-03-10,12.84,12.9,12.65,12.73,5409143.0,69047607.0,204192000.0,0.026490474651308573,12.639999999999999,12.479000000000001,12.187999999999999,11.781833333333335,65.8730155070547,6448350.4,11.710166666666668,11.9325,False,False,12.89,68858390.39,79582218.4335
2026-03-11,12.76,12.8,12.35,12.39,6326300.0,79291385.0,204192000.0,0.03098211487227707,12.652,12.518,12.221499999999999,11.786166666666666,58.041957757836585,6548110.4,11.708333333333334,11.958,False,False,12.89,78382857.0,80963336.6835
2026-03-12,12.38,12.49,12.06,12.16,6025400.0,73787147.0,204192000.0,0.029508501802225355,12.564,12.498999999999999,12.232000000000001,11.785166666666667,56.271186173628294,6595425.4,11.714166666666667,12.006499999999999,False,False,12.89,73268864.0,81592017.63350001
2026-03-13,12.1,12.5,12.01,12.25,5297300.0,65111775.0,204192000.0,0.025942740166118163,12.436000000000002,12.465,12.252500000000001,11.786499999999998,58.333333061111105,6695305.4,11.732000000000001,12.072,True,False,12.89,64891925.0,82883191.4835
2026-03-16,12.26,12.37,11.8,12.19,4089300.0,49642524.0,204192000.0,0.02002673953925717,12.344,12.455,12.2665,11.793166666666668,51.48148121454047,6757958.15,11.7535,12.125,True,True,12.89,49848567.0,83686635.936
2026-03-17,12.18,12.26,11.88,11.91,2988100.0,35955210.0,204192000.0,0.014633776053910046,12.180000000000001,12.41,12.260000000000002,11.800166666666666,48.43205551287499,6743228.15,11.781833333333335,12.187999999999999,True,True,12.89,35588271.0,83489864.086
2026-03-18,11.97,12.26,11.83,12.12,2480300.0,29814712.0,204192000.0,0.012146900955963016,12.126000000000001,12.389,12.2695,11.811666666666667,45.78754555273785,6740408.15,11.786166666666666,12.221499999999999,True,True,12.89,30061235.999999996,83479784.336
2026-03-19,12.0,12.08,11.51,11.58,3650900.0,42820191.0,204192000.0,0.017879740636263908,12.01,12.286999999999999,12.251999999999999,11.813,33.33333317931793,6779948.15,11.785166666666667,12.232000000000001,True,True,12.89,42277422.0,83887605.786
2026-03-20,11.6,11.72,11.17,11.2,4245200.0,48160159.0,204192000.0,0.020790236640025075,11.8,12.117999999999999,12.2225,11.813333333333333,32.47588409817931,6849228.15,11.786499999999998,12.252500000000001,True,True,12.89,47546240.0,84579183.586
2026-03-23,10.9,11.09,10.35,10.46,5315700.0,57025766.0,204192000.0,0.026032851433944522,11.453999999999999,11.899000000000001,12.158,11.805166666666668,24.867724775622193,6946953.15,11.793166666666668,12.2665,True,True,12.89,55602222.00000001,85384589.686
2026-03-24,10.79,11.18,10.6,11.18,5717300.0,62253494.0,204192000.0,0.027999627801285065,11.308000000000002,11.744,12.1115,11.808833333333332,37.136465208073695,7060958.15,11.800166666666666,12.260000000000002,True,True,12.89,63919414.0,86499335.786
2026-03-25,11.21,11.49,11.18,11.48,3666800.0,41782996.0,204192000.0,0.01795760852530951,11.18,11.653,12.0855,11.812166666666666,37.555555438716056,7096908.15,11.811666666666667,12.2695,True,True,12.89,42094864.0,86835398.986
2026-03-26,11.49,11.56,11.1,11.15,3182000.0,35873529.0,204192000.0,0.015583372512145432,11.094,11.552,12.0255,11.809666666666665,30.837004310194246,6819068.15,11.813,12.251999999999999,True,True,12.89,35479300.0,83213154.986
2026-03-27,11.15,11.5,11.0,11.37,3435457.0,38956985.0,204192000.0,0.016824640534398996,11.128,11.464,11.9645,11.809333333333333,35.8407078535907,6079345.0,11.813333333333333,12.2225,True,True,12.89,39061146.089999996,73690477.6505
2026-03-30,11.3,11.65,11.23,11.63,3400800.0,38956242.0,204192000.0,0.016654913023037142,11.362,11.408,11.9315,11.811666666666666,38.297872226346755,5666305.0,11.805166666666668,12.158,True,True,12.89,39551304.0,68501989.6505
2026-03-31,11.61,11.69,11.24,11.27,3786200.0,43426932.0,204192000.0,0.01854235229587839,11.379999999999999,11.344,11.876999999999999,11.809499999999998,38.13559310722492,5208522.85,11.808833333333332,12.1115,True,True,12.89,42670474.0,62637454.376499996
2026-04-01,11.43,11.55,11.32,11.51,2506600.0,28646789.0,204192000.0,0.012275701300736562,11.386,11.283,11.836,11.8115,43.12896393154217,4877562.85,11.812166666666666,12.0855,True,True,12.89,28850966.0,58453946.9765
2026-04-02,11.5,11.56,11.06,11.12,2513416.0,28274205.0,204192000.0,0.012309081648644414,11.379999999999999,11.237,11.762,11.808166666666665,38.76739551834123,4529833.65,11.809666666666665,12.0255,True,True,12.89,27949185.919999998,53886566.2725
2026-04-03,11.12,11.18,10.04,10.25,9434800.0,98008725.0,204192000.0,0.0462055320482683,11.156,11.142,11.629999999999999,11.788999999999998,33.3904108788586,4514303.65,11.809333333333333,11.9645,True,True,12.89,96706700.0,52440990.972500004
2026-04-07,10.38,10.79,10.28,10.7,6149184.0,65291674.0,204192000.0,0.030114715561824164,10.97,11.166,11.532499999999999,11.781833333333333,39.933444166544376,4481010.0,11.811666666666666,11.9315,True,True,12.73,65796268.8,51420280.86
2026-04-08,11.03,11.3,10.97,11.23,4569700.0,51042947.0,204192000.0,0.022379427205767122,10.962,11.171,11.4575,11.778666666666668,42.96998410717539,4439037.85,11.809499999999998,11.876999999999999,True,True,12.73,51317731.0,50543247.890499994
2026-04-09,11.23,11.23,10.83,10.9,3961000.0,43505921.0,204192000.0,0.019398409340228805,10.84,11.113,11.383000000000001,11.769333333333332,44.44444434277415,4320772.85,11.8115,11.836,True,True,12.39,43174900.0,48782850.0405
2026-04-10,11.05,11.14,10.95,11.0,2696300.0,29790392.0,204192000.0,0.01320472888262028,10.815999999999999,11.098,11.325,11.762166666666667,48.287671117118606,4154317.85,11.808166666666665,11.762,True,True,12.25,29659300.0,46602371.8405
2026-04-13,11.0,12.1,10.7,12.1,7117900.0,82353112.0,204192000.0,0.03485885832941545,11.186,11.171,11.317499999999999,11.772166666666667,63.22580630884494,4245347.85,11.788999999999998,11.629999999999999,True,True,12.25,86126590.0,47664105.0905
2026-04-14,12.18,12.48,11.85,12.04,16469103.0,199320490.0,204192000.0,0.08065498648330982,11.453999999999999,11.212,11.309999999999999,11.780333333333333,57.76173270601728,4864338.0,11.781833333333333,11.532499999999999,False,True,12.19,198288000.11999997,55086076.74649999
2026-04-15,12.04,12.14,11.58,11.63,7964700.0,93836882.0,204192000.0,0.03900593559003291,11.534,11.248,11.296,11.782333333333332,51.32743350113556,5113168.0,11.778666666666668,11.4575,False,False,12.12,92629461.0,57938136.24649999
2026-04-16,11.74,11.92,11.44,11.82,6197700.0,72586027.0,204192000.0,0.030352315467795016,11.718,11.279,11.280999999999999,11.783333333333333,56.079854666947746,5299038.0,11.769333333333332,11.383000000000001,False,False,12.12,73256814.0,60097915.14649999
2026-04-17,11.82,11.94,11.33,11.52,8325200.0,96367303.0,204192000.0,0.040771430810217835,11.822,11.318999999999999,11.278,11.780333333333335,51.341681445655894,5532753.0,11.762166666666667,11.325,False,False,12.1,95906304.0,62779359.24649999
2026-04-20,11.5,11.66,11.4,11.63,5492800.0,63553118.0,204192000.0,0.02690017238677323,11.728,11.456999999999999,11.2995,11.7805,49.99999987132353,5595133.0,11.772166666666667,11.317499999999999,False,False,12.1,63881264.00000001,63596110.4465
2026-04-21,11.64,12.16,11.57,12.06,10186670.0,121516983.0,204192000.0,0.04988770372982291,11.732000000000001,11.593,11.3795,11.789666666666667,57.16878388378168,5838681.5,11.780333333333333,11.309999999999999,False,False,12.1,122851240.2,66958561.35649999
2026-04-22,12.23,12.94,11.76,11.76,10720700.0,129582068.0,204192000.0,0.05250303635793763,11.758,11.646,11.4085,11.788000000000002,52.244165039242674,6088851.5,11.782333333333332,11.296,False,False,12.1,126075432.0,70066362.25649999
2026-04-23,11.88,12.08,11.52,11.6,7130900.0,83458447.0,204192000.0,0.03492252389907538,11.714,11.716,11.4145,11.785333333333334,54.49438187960275,6262056.5,11.783333333333333,11.280999999999999,False,False,12.1,82718440.0,72097541.05649999
2026-04-24,11.56,11.78,11.5,11.66,5073600.0,59080134.0,204192000.0,0.024847202632816173,11.741999999999999,11.782,11.440000000000001,11.779833333333334,65.56291370466207,6356636.5,11.780333333333335,11.278,False,False,12.1,59158176.0,73281484.8565
2026-04-27,11.54,11.75,11.31,11.7,4871200.0,56208161.0,204192000.0,0.023855978686726217,11.756,11.742,11.4565,11.774,62.1359221189556,6428423.65,11.7805,11.2995,False,False,12.1,56993040.0,74178079.552
2026-04-28,11.65,11.95,11.59,11.71,4582700.0,53791581.0,204192000.0,0.02244309277542705,11.686,11.709,11.4605,11.7675,56.666666446296304,6487518.65,11.789666666666667,11.3795,False,False,12.1,53663417.00000001,74883685.20199999
2026-04-29,11.51,11.88,11.5,11.75,5480100.0,64108083.0,204192000.0,0.026837976022566996,11.684000000000001,11.721,11.4845,11.764666666666667,62.83987888829054,6572213.65,11.788000000000002,11.4085,False,False,12.1,64391175.0,75969720.252
2026-04-30,11.39,12.18,11.39,12.09,7972300.0,95629053.0,204192000.0,0.0390431554615264,11.782,11.748,11.5135,11.769166666666667,65.35211241832968,6845498.65,11.785333333333334,11.4145,False,False,12.1,96385107.0,79346427.302
2026-05-06,12.1,12.12,11.83,11.9,7002200.0,83585193.0,204192000.0,0.03429223475944209,11.830000000000002,11.786,11.5525,11.773666666666665,46.21212096705695,7069937.85,11.779833333333334,11.440000000000001,False,False,12.1,83326180.0,82115277.006
2026-05-07,11.88,12.19,11.82,12.14,6110900.0,73767209.0,204192000.0,0.02992722535652719,11.918000000000001,11.837,11.647,11.783,51.773049388360775,6903742.85,11.774,11.4565,False,False,12.1,74186326.0,80989258.306
2026-05-08,12.08,12.15,11.95,12.12,3833300.0,46214981.0,204192000.0,0.01877301755210782,12.0,11.843,11.718,11.791833333333333,60.082304180595735,6787948.65,11.7675,11.4605,False,False,12.14,46459596.0,80022424.666
2026-05-11,12.29,12.29,11.84,11.99,4543600.0,54474499.0,204192000.0,0.022251606331296036,12.048,11.866,11.756,11.8005,53.58649757375064,6786643.65,11.764666666666667,11.4845,False,False,12.14,54477764.0,80180426.316
2026-05-12,11.97,12.2,11.73,11.83,4113400.0,48946367.0,204192000.0,0.02014476571070365,11.996,11.889,11.8025,11.802333333333335,56.95067228820206,6794263.65,11.769166666666667,11.5135,False,False,12.14,48661522.0,80454757.416
2026-05-13,11.83,11.92,11.64,11.68,3876000.0,45554756.0,204192000.0,0.018982134461683123,11.952,11.891,11.836500000000001,11.797833333333333,51.10132127074073,6853248.65,11.773666666666665,11.5525,False,False,12.14,45271680.0,81235376.416
2026-05-14,11.67,11.81,11.47,11.64,3946366.0,45896019.0,204192000.0,0.019326741498197776,11.852,11.885000000000002,11.8135,11.7945,38.82978694488457,6694671.95,11.783,11.647,True,False,12.14,45935700.24,79225831.928
2026-05-15,11.56,11.75,11.35,11.4,3363178.0,38700998.0,204192000.0,0.01647066486444131,11.708,11.854,11.7815,11.786,40.109889801352516,6039375.7,11.791833333333333,11.718,True,True,12.14,38340229.2,71228443.382
2026-05-18,11.36,11.67,11.36,11.62,2891800.0,33314896.0,204192000.0,0.014162161103275348,11.634,11.841,11.781,11.779,50.53191451731553,5785730.7,11.8005,11.756,True,True,12.14,33602716.0,68277106.132
2026-05-19,11.68,11.94,11.42,11.5,3826000.0,44485270.0,204192000.0,0.018737266886068013,11.568000000000001,11.782,11.765,11.771833333333332,45.8762883287278,5667145.7,11.802333333333335,11.8025,True,True,12.14,43999000.0,66814215.432
2026-05-20,11.51,11.61,11.22,11.52,3027866.0,34410936.0,204192000.0,0.014828524134148252,11.536,11.744,11.765,11.764999999999999,45.31249966959636,5402279.0,11.797833333333333,11.836500000000001,True,True,12.14,34881016.32,63762951.04799999
2026-05-21,11.48,12.55,11.48,11.74,12199500.0,147525090.0,204192000.0,0.05974523977433004,11.556000000000001,11.704,11.7705,11.764166666666664,50.70422501884546,5737614.0,11.7945,11.8135,True,True,12.14,143222130.0,67729994.348
2026-05-22,11.88,12.12,11.32,11.6,8271100.0,96066426.0,204192000.0,0.04050648409340229,11.596,11.652,11.747499999999999,11.761666666666665,46.636771007661515,5641835.5,11.786,11.7815,True,True,12.14,95944760.0,66384670.338000014
2026-05-25,11.63,11.88,11.05,11.2,6118500.0,69674122.0,204192000.0,0.029964445228020685,11.511999999999999,11.573,11.7195,11.746500000000001,30.56768540264295,5411725.5,11.779,11.781,True,True,12.14,68527200.0,63507258.73800001
2026-05-26,11.24,11.3,10.61,10.75,5309800.0,57358927.0,204192000.0,0.02600395706002194,11.362,11.465,11.677,11.725666666666667,27.450980241445578,5320670.5,11.771833333333332,11.765,True,True,12.14,57080350.0,62225354.23800001
2026-05-27,10.6,10.81,10.36,10.51,3888100.0,40967742.0,204192000.0,0.019041392414981977,11.16,11.347999999999999,11.619499999999999,11.695,18.03921558723566,5261395.5,11.764999999999999,11.765,True,True,12.14,40863931.0,61310641.98800001
2026-05-28,10.61,10.93,10.56,10.72,4122900.0,44173622.0,204192000.0,0.02019129055007052,10.956,11.256,11.5705,11.663833333333335,24.4525546195855,5223980.5,11.764166666666664,11.7705,True,True,12.14,44197488.0,60670864.38800001
2026-05-29,10.72,10.83,10.18,10.29,3308300.0,34645081.0,204192000.0,0.016201908008149194,10.693999999999999,11.145,11.499500000000001,11.630500000000001,22.039473582712944,5160260.5,11.761666666666665,11.747499999999999,True,True,12.14,34042407.0,59689813.88800001
2026-06-01,10.29,10.65,10.01,10.56,3640200.0,38329841.0,204192000.0,0.017827338975082277,10.565999999999999,11.039,11.44,11.6005,29.841269708642002,5068265.5,11.746500000000001,11.7195,True,True,12.14,38440512.0,58392280.73800001
2026-06-02,10.7,11.27,10.25,10.37,4700000.0,49521359.0,204192000.0,0.02301755210782009,10.49,10.925999999999998,11.354,11.567833333333333,29.467084510175823,4904650.5,11.725666666666667,11.677,True,True,12.14,48739000.0,56009975.388
2026-06-03,10.44,10.44,9.89,9.99,4607162.0,46303152.0,204192000.0,0.022562891788120983,10.386,10.773,11.2585,11.524333333333333,26.628895078525645,4784898.6,11.695,11.619499999999999,True,True,12.14,46025548.38,54144943.807000004
2026-06-04,9.97,10.06,9.79,9.89,3316262.0,32772884.0,204192000.0,0.016240900720890142,10.219999999999999,10.588,11.145999999999999,11.474333333333332,27.728613454808112,4645166.7,11.663833333333335,11.5705,True,True,12.14,32797831.180000003,52075519.066
2026-06-05,9.8,10.09,9.57,9.93,3526700.0,34634232.0,204192000.0,0.01727148957843598,10.148,10.421,11.0365,11.429,23.67601235779935,4629836.7,11.630500000000001,11.499500000000001,True,True,12.12,35020131.0,51503545.816
2026-06-08,9.58,9.98,9.48,9.6,3822800.0,37175851.0,204192000.0,0.01872159536122865,9.956,10.261,10.916999999999998,11.376833333333334,22.222222131254085,4593796.7,11.6005,11.44,True,True,11.99,36698880.0,50614601.616
2026-06-09,9.69,9.79,9.39,9.53,2799800.0,26678184.0,204192000.0,0.013711604764143551,9.788,10.139,10.802,11.329166666666667,21.325648328945547,4528116.7,11.567833333333333,11.354,True,True,11.83,26682094.0,49515630.216
2026-06-10,9.53,9.59,9.17,9.49,3089100.0,28897823.0,204192000.0,0.015128408556652562,9.687999999999999,10.037,10.692499999999999,11.284666666666668,15.805471057362766,4488771.7,11.524333333333333,11.2585,True,True,11.74,29315559.0,48717824.16599999
2026-06-11,9.54,9.61,9.1,9.33,2434700.0,22580490.0,204192000.0,0.011923581727002038,9.576,9.898,10.577000000000002,11.235999999999999,15.709969722072657,4413188.4,11.474333333333332,11.145999999999999,True,True,11.74,22715751.0,47556826.703999996
2026-06-12,9.39,9.55,9.17,9.44,2768400.0,26067866.0,204192000.0,0.013557827926657265,9.478,9.812999999999999,10.479000000000001,11.190166666666666,20.86092705561161,4383449.5,11.429,11.0365,True,True,11.74,26133696.0,46946500.04400001
2026-06-15,9.52,9.67,9.12,9.2,3514800.0,32707089.0,204192000.0,0.017213211095439586,9.398,9.677,10.358,11.145000000000001,22.419928713922076,4414599.5,11.376833333333334,10.916999999999998,True,True,11.74,32336159.999999996,46883172.244
2026-06-16,9.22,9.5,9.03,9.38,3543900.0,32757783.0,204192000.0,0.01735572402444758,9.367999999999999,9.578,10.251999999999999,11.099333333333334,29.454545304595086,4400494.5,11.329166666666667,10.802,True,True,11.74,33241782.000000004,46345311.344000004
2026-06-17,9.19,10.28,9.06,9.89,10401835.0,99265619.0,204192000.0,0.0509414423679674,9.447999999999999,9.568,10.1705,11.071166666666667,36.39344245589897,4769192.95,11.284666666666668,10.692499999999999,True,True,11.74,102874148.15,49744967.9355
2026-06-18,9.8,10.88,9.08,10.88,17938255.0,177486816.0,204192000.0,0.08784994025231155,9.758,9.667,10.127500000000001,11.065833333333334,58.1717449267578,5056130.7,11.235999999999999,10.577000000000002,True,True,11.74,195168214.4,52342272.1555
2026-06-22,10.5,11.76,9.79,11.2,22496055.0,233639762.0,204192000.0,0.11017108897508228,10.11,9.794,10.107499999999998,11.078166666666666,58.74316917420645,5767378.45,11.190166666666666,10.479000000000001,False,True,11.6,251955815.99999997,60142824.95549999
2026-06-23,10.63,10.65,10.08,10.08,18082155.0,184162635.0,204192000.0,0.08855466913493183,10.286,9.842,10.0515,11.059833333333334,46.84095846279447,6365561.2,11.145000000000001,10.358,False,False,11.2,182268122.4,65829871.0755
2026-06-24,9.49,10.21,9.12,9.75,16830400.0,161320758.0,204192000.0,0.08242438489265005,10.360000000000001,9.864,10.0015,11.031,47.356828047798324,6941591.2,11.099333333333334,10.251999999999999,False,False,11.2,164096400.0,71180673.5755
2026-06-25,9.49,9.75,8.78,8.78,15835700.0,143066634.0,204192000.0,0.0775529893433631,10.138,9.793000000000001,9.915000000000001,10.9915,39.74121986018907,7538971.2,11.071166666666667,10.1705,True,False,11.2,139037446.0,76089349.3255
2026-06-26,8.35,8.4,7.9,8.16,15137558.0,120634580.0,204192000.0,0.07413394256386147,9.594,9.676,9.787,10.937999999999999,35.22537554371364,8089704.1,11.065833333333334,10.127500000000001,True,True,11.2,123522473.28,80055598.5895
2026-06-29,7.94,8.05,7.34,7.83,12519318.0,96118080.0,204192000.0,0.06131150094029149,8.919999999999998,9.515,9.663999999999998,10.874666666666666,35.22537554371364,8550255.0,11.078166666666666,10.107499999999998,True,True,11.2,98026259.94,83254791.2365
2026-06-30,7.82,8.29,7.81,8.27,10002200.0,81127481.0,204192000.0,0.048984289296348536,8.558,9.422,9.5495,10.824666666666667,40.09433953438352,8868355.0,11.059833333333334,10.0515,True,True,11.2,82718194.0,85468675.3365
2026-07-01,8.32,8.58,8.0,8.49,7347000.0,61443701.0,204192000.0,0.035980841560883874,8.306000000000001,9.333000000000002,9.4555,10.774333333333333,42.354739970494435,9000705.0,11.031,10.0015,True,True,11.2,62376030.0,86150526.8365
2026-07-02,8.56,8.76,8.38,8.38,5991100.0,51059046.0,204192000.0,0.029340522645353393,8.225999999999999,9.182,9.375,10.728666666666667,42.68104767372348,9069901.9,10.9915,9.915000000000001,True,True,11.2,50205418.00000001,86359520.3175
2026-07-03,8.54,8.56,8.19,8.38,4465700.0,37507350.0,204192000.0,0.021870102648487696,8.27,8.931999999999999,9.2995,10.6975,41.692789877163165,9127373.8,10.937999999999999,9.787,True,True,11.2,37422566.0,86590757.0585
2026-07-06,8.36,8.61,8.35,8.41,5767600.0,48917321.0,204192000.0,0.02824596458235386,8.386000000000001,8.653,9.2235,10.659333333333334,43.59805500642258,9239418.8,10.874666666666666,9.663999999999998,True,True,11.2,48505516.0,87265026.3085
2026-07-07,8.31,8.4,8.06,8.19,3561400.0,29113705.0,204192000.0,0.017441427675912866,8.370000000000001,8.464,9.153,10.608666666666666,40.4186794579933,9226348.8,10.824666666666667,9.5495,True,True,11.2,29167866.0,86888475.6085
2026-07-08,8.13,8.27,7.92,7.98,3361100.0,26953257.0,204192000.0,0.016460488167998746,8.267999999999999,8.286999999999999,9.075500000000002,10.56,33.840947466366615,9254413.8,10.774333333333333,9.4555,True,True,11.2,26821578.0,86895449.8085
2026-07-09,7.94,8.08,7.71,7.96,3848400.0,30423234.0,204192000.0,0.018846967559943584,8.184000000000001,8.205000000000002,8.998999999999999,10.509333333333334,20.445344071612354,9292378.8,10.728666666666667,9.375,True,True,11.2,30633264.0,86961335.0585
2026-07-10,7.92,8.76,7.82,8.65,12285400.0,105235956.0,204192000.0,0.060165922269236796,8.238,8.254,8.965,10.451833333333333,25.988700496451642,9784913.8,10.6975,9.2995,True,True,11.2,106268710.0,91138983.00850001
2026-07-13,8.66,9.47,8.55,8.9,12515800.0,112768717.0,204192000.0,0.06129427205767121,8.336000000000002,8.361,8.937999999999999,10.3995,36.711711595954064,10272283.8,10.659333333333334,9.2235,True,True,11.2,111390620.0,95401829.2085
2026-07-14,8.9,9.2,8.71,8.98,8414900.0,75015062.0,204192000.0,0.041210723240871334,8.494,8.432,8.927,10.355333333333334,40.81145571089252,10517288.8,10.608666666666666,9.153,True,True,11.2,75565802.0,97563311.3085
2026-07-15,8.96,9.0,8.51,8.71,6346100.0,55526811.0,204192000.0,0.031079082432220656,8.64,8.454,8.8935,10.303500000000001,48.99713447393702,10657398.8,10.56,9.075500000000002,False,True,11.2,55274531.00000001,98664948.75850001
2026-07-16,8.77,9.1,8.32,8.9,6143000.0,54659930.0,204192000.0,0.030084430340072087,8.828,8.506,8.844,10.259833333333335,62.09150298389509,10444457.05,10.509333333333334,8.998999999999999,True,False,11.2,54672700.0,96254876.351
2026-07-17,8.9,9.34,8.82,9.03,8515785.0,77446796.0,204192000.0,0.04170479254818994,8.904,8.571000000000002,8.7515,10.2165,70.97902063157123,9973333.55,10.451833333333333,8.965,False,True,11.2,76897538.55,90341342.55849999
2026-07-20,9.01,9.01,8.13,8.13,7723885.0,65706596.0,204192000.0,0.03782657988559787,8.75,8.543000000000001,8.598,10.151,47.891566063107874,9234725.05,10.3995,8.937999999999999,False,False,11.2,62795185.050000004,80883311.011
2026-07-21,8.03,8.11,7.32,7.9,9164000.0,70360159.0,204192000.0,0.044879329258736875,8.534,8.514,8.489,10.086666666666666,41.14114096817538,8788817.3,10.355333333333334,8.927,True,False,10.08,72395600.0,75389684.891
2026-07-22,7.89,8.18,7.77,7.87,4420700.0,35124013.0,204192000.0,0.0216497218304341,8.366000000000001,8.503000000000002,8.395,10.0245,42.153845972260335,8168332.3,10.303500000000001,8.8935,True,True,9.75,34790909.0,68924410.34099999
2026-07-23,7.86,8.16,7.84,8.16,4224500.0,33879127.0,204192000.0,0.02068886146372042,8.218,8.523,8.364,9.966166666666664,46.892655181780455,7587772.3,10.259833333333335,8.844,True,True,9.03,34471920.0,63696134.04099999
2026-07-24,8.01,8.25,7.95,8.09,4012500.0,32465547.0,204192000.0,0.019650622943112366,8.030000000000001,8.467000000000002,8.3605,9.906,45.530726078930115,7031519.4,10.2165,8.7515,True,True,9.03,32461125.0,59143066.627
2026-07-27,7.94,8.38,7.94,8.32,4200900.0,34639286.0,204192000.0,0.020573283968030088,8.068000000000001,8.409,8.385000000000002,9.8495,51.810584756170435,6615598.5,10.151,8.598,True,True,9.03,34951488.0,55989328.029999994
2026-07-28,8.32,8.74,8.22,8.44,3800100.0,32208648.0,204192000.0,0.01861042548189939,8.176,8.355,8.3935,9.794333333333332,56.57142834514285,6305493.5,10.086666666666666,8.489,True,True,9.03,32072843.999999996,53457060.53
2026-07-29,8.46,8.67,8.35,8.58,3864600.0,32960064.0,204192000.0,0.018926304654442876,8.318,8.342,8.398,9.735833333333334,58.5635356851134,6131373.5,10.0245,8.395,False,True,9.03,33158268.0,51996172.43
2026-07-30,8.66,8.78,8.32,8.44,3633900.0,31043003.0,204192000.0,0.01779648566055477,8.373999999999999,8.296,8.401,9.678166666666666,46.57980434784452,6013513.5,9.966166666666664,8.364,False,False,9.03,30670116.0,51019407.33
2026-07-31,8.58,8.86,8.58,8.76,4681600.0,40819490.0,204192000.0,0.02292744083999373,8.508000000000001,8.269,8.42,9.621833333333333,47.770700423952285,6024308.5,9.906,8.3605,False,False,9.03,41010816.0,51198819.83
2026-08-03,8.76,9.02,8.66,8.99,3492700.0,31026316.0,204192000.0,0.017104979627017708,8.642,8.355,8.449000000000002,9.569666666666667,50.151975470477915,5910563.5,9.8495,8.385000000000002,False,False,9.03,31399373.0,50343512.68
2026-08-04,9.04,9.27,8.96,9.05,4602800.0,41791204.0,204192000.0,0.02254152954082432,8.764,8.47,8.492,9.520666666666667,55.51948026711924,5962633.5,9.794333333333332,8.3935,False,False,9.03,41655340.0,50967886.38
2026-08-05,9.1,9.1,8.81,8.92,4261350.0,38135830.0,204192000.0,0.020869328866948755,8.831999999999999,8.575,8.539,9.472166666666665,50.33112559449145,6007646.0,9.735833333333334,8.398,False,False,9.05,38011242.0,51527369.58
2026-08-06,8.98,9.11,8.88,9.1,3832500.0,34559075.0,204192000.0,0.018769099670897977,8.964,8.669,8.596,9.429166666666667,51.14006491336779,6006851.0,9.678166666666666,8.401,False,False,9.05,34875750.0,51739493.88
2026-08-07,9.04,9.09,8.83,9.05,3326005.0,29827895.0,204192000.0,0.016288615616674502,9.022000000000002,8.764999999999999,8.616000000000001,9.386,70.72072027473418,5558881.25,9.621833333333333,8.42,False,False,9.1,30100345.250000004,47931075.6425
