日期,开盘,最高,最低,收盘,成交量,amount,outstanding_share,turnover,MA5,MA10,MA20,MA60,RSI14,Vol_MA20,MA60_prev5,MA20_prev5,MA20_break_1,MA20_break_2,High_20,成交额估算,Amount_MA20
2021-04-12,7.99,7.99,7.88,7.94,6738537.0,58252943.0,2221551588.0,0.003033257042689931,8.014,8.103,8.1085,8.076333333333332,41.05263097396124,7862326.0,8.092666666666666,8.1195,True,True,8.26,53503983.78,63885016.366
2021-04-13,7.92,7.92,7.82,7.86,5571876.0,47876359.0,2221551588.0,0.0025081011082962075,7.978,8.062999999999999,8.09,8.072833333333334,38.235293592848905,7561314.45,8.091333333333333,8.1145,True,True,8.26,43794945.36,61304611.60350001
2021-04-14,7.87,7.89,7.83,7.88,4915873.0,42203902.0,2221551588.0,0.002212810643945307,7.936,8.038,8.073,8.065999999999999,40.99999942599996,7450787.85,8.0895,8.1155,True,True,8.26,38737079.24,60312513.1105
2021-04-15,7.85,7.88,7.76,7.81,5247746.0,44700095.0,2221551588.0,0.0023621985770424523,7.894,7.993,8.0565,8.054666666666668,38.67924477216084,7385833.7,8.083833333333333,8.121,True,True,8.26,40984896.26,59697198.520500004
2021-04-16,7.84,7.91,7.82,7.91,5689723.0,48972030.0,2221551588.0,0.0025611482671542623,7.88,7.962999999999999,8.0455,8.040333333333333,41.96428518973215,7305680.35,8.081,8.117999999999999,True,True,8.26,45005708.93,58982964.831999995
2021-04-19,7.9,7.95,7.88,7.91,11126283.0,96101649.0,2221551588.0,0.00500833879352614,7.874,7.944,8.0405,8.0315,31.57894690304711,7503884.45,8.076333333333332,8.1085,True,True,8.26,88008898.53,60514948.257999994
2021-04-20,7.88,7.91,7.84,7.86,6259578.0,53796239.0,2221551588.0,0.0028176604287795635,7.874,7.926,8.028,8.021166666666668,34.48275806579467,7341467.05,8.072833333333334,8.09,True,True,8.26,49200283.080000006,59119498.41900001
2021-04-21,7.83,7.87,7.77,7.79,6385839.0,54362905.0,2221551588.0,0.0028744950306326175,7.856,7.896000000000001,8.0125,8.011333333333333,20.98765395823814,7371789.1,8.065999999999999,8.073,True,True,8.26,49745685.81,59266126.519499995
2021-04-22,7.81,7.82,7.73,7.75,5803489.0,49195071.0,2221551588.0,0.002612358421631215,7.843999999999999,7.869,7.997,8.001,21.249999628125053,7377783.4,8.054666666666668,8.0565,True,True,8.26,44977039.75,59224486.498
2021-04-23,7.75,7.77,7.67,7.72,5646802.0,47478694.0,2221551588.0,0.00254182798657566,7.806,7.843000000000001,7.980500000000001,7.991,23.611110652006246,7420643.5,8.040333333333333,8.0455,True,True,8.26,43593311.44,59476338.07000001
2021-04-26,7.72,7.72,7.66,7.69,5453125.0,45747547.0,2221551588.0,0.002454647026634792,7.7620000000000005,7.8180000000000005,7.960500000000001,7.9845,24.63768065952543,7447017.2,8.0315,8.0405,True,True,8.26,41934531.25,59580638.802999996
2021-04-27,7.74,7.8,7.69,7.71,6778269.0,57270553.0,2221551588.0,0.0030511418400606593,7.731999999999999,7.802999999999999,7.933,7.979833333333333,21.212120762167103,7103996.8,8.021166666666668,8.028,True,True,8.26,52260453.99,56560887.9015
2021-04-28,7.69,7.77,7.66,7.77,4781743.0,40432044.0,2221551588.0,0.002152433923132466,7.728,7.792,7.914999999999999,7.976166666666667,30.769230106508843,6898651.75,8.011333333333333,8.0125,True,True,8.26,37154143.11,54805361.271000005
2021-04-29,7.74,7.82,7.72,7.77,4765830.0,40456242.0,2221551588.0,0.0021452709114401173,7.731999999999999,7.787999999999999,7.8905,7.973333333333333,32.786884493415684,6568460.45,8.001,7.997,True,True,8.26,37030499.1,51961218.29799999
2021-04-30,7.76,7.8,7.7,7.74,5074000.0,42956221.0,2221551588.0,0.002283989274616836,7.736,7.770999999999999,7.867,7.971166666666667,33.333332555555515,6406357.25,7.991,7.980500000000001,True,True,8.21,39272760.0,50511112.026
2021-05-06,7.74,7.8,7.71,7.72,4784647.0,40483788.0,2221551588.0,0.002153741117624679,7.742,7.752,7.848000000000001,7.969166666666666,37.037036076817515,6240146.5,7.9845,7.960500000000001,True,True,8.1,36937474.839999996,49073896.658
2021-05-07,7.72,7.78,7.71,7.77,5184605.0,43910613.0,2221551588.0,0.0023337765496895587,7.754,7.743,7.8345,7.967333333333333,40.350876201908264,6155203.8,7.979833333333333,7.933,True,True,8.09,40284380.85,48320965.1825
2021-05-10,7.77,7.78,7.72,7.76,4789705.0,40553693.0,2221551588.0,0.002156017904725785,7.752,7.739999999999999,7.8180000000000005,7.965333333333334,45.098037977700926,5994619.0,7.976166666666667,7.914999999999999,True,True,8.09,37168110.8,46942804.018
2021-05-11,7.75,7.77,7.66,7.74,5232759.0,44091191.0,2221551588.0,0.0023554523911420416,7.7459999999999996,7.739,7.803999999999999,7.963333333333334,30.232557155218984,5753621.4,7.973333333333333,7.8905,True,True,8.02,40501554.660000004,44936744.64
2021-05-12,7.74,7.78,7.69,7.78,4117731.0,34771817.0,2221551588.0,0.0018535383208035591,7.7540000000000004,7.745,7.794,7.965999999999999,36.17021168854684,5717408.0,7.971166666666667,7.867,True,True,7.98,32035947.18,44606584.398
2021-05-13,7.75,7.86,7.72,7.79,7826338.0,66716283.0,2221551588.0,0.003522915264392231,7.768000000000001,7.755,7.786500000000001,7.9701666666666675,41.86046375338018,5771798.05,7.969166666666666,7.848000000000001,True,True,7.94,60967173.02,44979743.86
2021-05-14,7.79,7.86,7.76,7.86,6339427.0,54121019.0,2221551588.0,0.002853603325821124,7.786,7.7700000000000005,7.786499999999999,7.973333333333334,58.13953299080598,5810175.6,7.967333333333333,7.8345,False,True,7.91,49827896.22,45281391.403000005
2021-05-17,7.83,7.88,7.78,7.8,5402566.0,46175785.0,2221551588.0,0.0024318886084764646,7.794,7.772999999999999,7.782500000000001,7.974666666666666,55.555553827160544,5834510.25,7.965333333333334,7.8180000000000005,False,False,7.91,42140014.8,45451538.181
2021-05-18,7.78,7.82,7.75,7.76,5197277.0,44149604.0,2221551588.0,0.0023394806711101233,7.797999999999999,7.772,7.779999999999999,7.975666666666666,54.347824432892324,5831986.8,7.963333333333334,7.803999999999999,False,False,7.91,40330869.519999996,45418836.844
2021-05-19,7.77,7.77,7.68,7.7,6087993.0,51263021.0,2221551588.0,0.0027404238699137514,7.782000000000001,7.768000000000001,7.769499999999999,7.973333333333334,51.02040670553938,5851900.3,7.965999999999999,7.794,True,False,7.91,46877546.1,45512428.7025
2021-05-20,7.72,7.77,7.69,7.72,3648168.0,30757311.0,2221551588.0,0.001642171183287417,7.768000000000001,7.768000000000001,7.76,7.9671666666666665,51.02040670553938,5477994.55,7.9701666666666675,7.786500000000001,True,True,7.91,28163856.96,42520176.624
2021-05-21,7.74,7.75,7.68,7.7,4325300.0,36382624.0,2221551588.0,0.0019469725678951913,7.736,7.761,7.752,7.960999999999999,42.22222090864206,5381280.65,7.973333333333334,7.786499999999999,True,True,7.86,33304810.0,41725402.97
2021-05-24,7.69,7.77,7.68,7.71,3436885.0,28957313.0,2221551588.0,0.001547065131669587,7.718000000000001,7.756,7.748,7.9556666666666676,43.478259546313865,5233832.95,7.974666666666666,7.782500000000001,True,True,7.86,26498383.35,40563037.847
2021-05-25,7.71,7.79,7.69,7.77,5892800.0,49881749.0,2221551588.0,0.0026525605040327335,7.720000000000001,7.758999999999999,7.749,7.951666666666667,53.06122297376092,5238298.5,7.975666666666666,7.779999999999999,True,True,7.86,45787056.0,40603538.6595
2021-05-26,7.77,7.8,7.74,7.79,6380023.0,54107252.0,2221551588.0,0.0028718770405614367,7.7379999999999995,7.76,7.7524999999999995,7.945666666666667,57.142855510204186,5274959.55,7.973333333333334,7.769499999999999,False,True,7.86,49700379.17,40908892.046
2021-05-27,7.77,7.79,7.74,7.77,4810450.0,40819886.0,2221551588.0,0.0021653559728183995,7.748,7.758,7.7565,7.9425,49.99999847826092,5242825.8,7.9671666666666665,7.76,False,False,7.86,37377196.5,40681025.3085
2021-05-28,7.76,7.77,7.7,7.71,5329340.0,44991024.0,2221551588.0,0.002398926961132536,7.75,7.743,7.7565,7.9355,45.098037977700926,5170379.35,7.960999999999999,7.752,False,False,7.86,41089211.4,40122463.179
2021-05-31,7.69,7.72,7.67,7.7,5500518.0,46226557.0,2221551588.0,0.0024759803147096668,7.747999999999999,7.733,7.753,7.929833333333334,45.99999871200003,5206318.1,7.9556666666666676,7.748,True,False,7.86,42353988.6,40382455.4535
2021-06-01,7.68,7.73,7.66,7.73,8240286.0,69234547.0,2221551588.0,0.0037092480969206283,7.74,7.7299999999999995,7.751,7.922666666666666,44.89795790087469,5380040.9,7.951666666666667,7.749,True,True,7.86,63697410.78,41715801.0375
2021-06-02,7.74,7.75,7.66,7.67,7487000.0,62860264.0,2221551588.0,0.0033701670672164467,7.715999999999999,7.726999999999999,7.7475,7.913833333333333,38.88888788065846,5500690.9,7.945666666666667,7.7524999999999995,True,True,7.86,57425290.0,42623427.5375
2021-06-03,7.67,7.71,7.66,7.68,4629886.0,38860284.0,2221551588.0,0.0020840776442054877,7.698,7.723000000000001,7.7455,7.904333333333333,31.249999088541614,5492952.85,7.9425,7.7565,True,True,7.86,35557524.48,42554430.0195
2021-06-04,7.69,7.69,7.64,7.66,5501686.0,46010191.0,2221551588.0,0.002476506073375956,7.688,7.718999999999999,7.74,7.896333333333333,34.09090800619836,5508806.9,7.9355,7.7565,True,True,7.86,42142914.76,42647356.714999996
2021-06-07,7.68,7.68,7.66,7.66,4142049.0,34680202.0,2221551588.0,0.0018644847242683072,7.68,7.714,7.734999999999999,7.8895,37.49999868750004,5476424.1,7.929833333333334,7.753,True,True,7.86,31728095.34,42375355.942
2021-06-08,7.66,7.66,7.6,7.62,6659602.0,55375629.0,2221551588.0,0.0029977255698101753,7.6579999999999995,7.699000000000001,7.729000000000001,7.884666666666666,39.473682756232705,5547766.25,7.922666666666666,7.751,True,True,7.86,50746167.24,42887586.571
2021-06-09,7.6,7.68,7.58,7.67,6328951.0,52718598.0,2221551588.0,0.002848887702714919,7.6579999999999995,7.687,7.7235,7.878500000000001,43.902437525282636,5658327.25,7.913833333333333,7.7475,True,True,7.86,48543054.17,43712941.920499995
2021-06-10,7.66,7.68,7.63,7.64,4527165.0,37799688.0,2221551588.0,0.0020378392401302183,7.65,7.674000000000001,7.715999999999999,7.870333333333334,42.85714142857142,5493368.6,7.904333333333333,7.7455,True,True,7.86,34587540.6,42393960.2995
2021-06-11,7.63,7.72,7.63,7.69,10600348.0,88860117.0,2221551588.0,0.004771596598188023,7.656000000000001,7.672,7.7075000000000005,7.8613333333333335,47.82608550094528,5706414.65,7.896333333333333,7.74,True,True,7.86,81516676.12,43978399.2945
2021-06-15,7.69,7.7,7.62,7.66,5366211.0,44856328.0,2221551588.0,0.0024155239198523624,7.656000000000001,7.668000000000001,7.7005,7.852,37.20930111411589,5704596.9,7.8895,7.734999999999999,True,True,7.8,41105176.26,43926657.3675
2021-06-16,7.63,7.83,7.63,7.77,11775823.0,99948262.0,2221551588.0,0.005300720029914515,7.686,7.672,7.7010000000000005,7.845833333333333,48.07692178254437,6033524.2,7.884666666666666,7.729000000000001,True,True,7.79,91498144.71,46485021.127000004
2021-06-17,7.73,7.77,7.68,7.7,4789411.0,40344949.0,2221551588.0,0.002155885564787524,7.692,7.675,7.7010000000000005,7.838666666666667,43.85964804555255,5968595.1,7.878500000000001,7.7235,False,True,7.79,36878464.7,45985067.057
2021-06-18,7.68,7.73,7.66,7.72,4722759.0,39622126.0,2221551588.0,0.0021258831104848507,7.708,7.678999999999999,7.7010000000000005,7.833833333333334,50.9433948807405,6022324.65,7.870333333333334,7.715999999999999,True,False,7.79,36459699.48,46399859.183
2021-06-21,7.71,7.73,7.66,7.67,4297906.0,36025322.0,2221551588.0,0.001934641546572989,7.703999999999999,7.68,7.6995000000000005,7.826499999999999,47.36841988919669,6020954.95,7.8613333333333335,7.7075000000000005,False,True,7.79,32964939.02,46382865.633999996
2021-06-22,7.67,7.9,7.65,7.77,16075062.0,136654121.0,2221551588.0,0.007235961607568124,7.725999999999999,7.691,7.702499999999999,7.821000000000001,53.12499883789059,6652863.8,7.852,7.7005,True,False,7.79,124903231.74,51303108.0535
2021-06-23,7.7,7.73,7.66,7.69,9556413.0,80198721.0,2221551588.0,0.004301684035437308,7.709999999999999,7.697999999999999,7.6985,7.814833333333334,51.515150422405945,6836044.45,7.845833333333333,7.7010000000000005,False,True,7.79,73488815.97,52688196.052
2021-06-24,7.68,7.71,7.65,7.68,5229700.0,43902700.0,2221551588.0,0.002354075425593943,7.706,7.699,7.6930000000000005,7.808666666666666,49.99999893939396,6778528.3,7.838666666666667,7.7010000000000005,True,False,7.79,40164096.0,52211381.8935
2021-06-25,7.69,7.73,7.66,7.71,4645645.0,39069315.0,2221551588.0,0.002091171334977795,7.704000000000001,7.705999999999999,7.69,7.802333333333333,53.73134216083762,6770288.05,7.833833333333334,7.7010000000000005,True,True,7.77,35817922.95,52133418.216000006
2021-06-28,7.72,7.72,7.66,7.66,5103555.0,42827341.0,2221551588.0,0.0022972930394988423,7.702,7.703,7.6875,7.792333333333333,49.999999027777804,6758998.8,7.826499999999999,7.6995000000000005,False,True,7.77,39093231.3,52033619.211
2021-06-29,7.66,7.67,7.56,7.57,8979224.0,74559138.0,2221551588.0,0.004041870577528988,7.662000000000001,7.694,7.681,7.783,46.75324590318775,6932934.1,7.821000000000001,7.702499999999999,True,False,7.77,67972725.68,53314556.065
2021-06-30,7.59,7.59,7.53,7.55,5068434.0,41083683.0,2221551588.0,0.0022814838185067614,7.634,7.672,7.672,7.771166666666667,41.89189109934258,6774341.5,7.814833333333334,7.6985,True,True,7.77,38266676.699999996,52043019.361
2021-07-01,7.56,7.63,7.54,7.56,4498388.0,36642446.0,2221551588.0,0.002024885680935175,7.609999999999999,7.6579999999999995,7.666500000000001,7.7603333333333335,44.44444358024692,6624910.9,7.808666666666666,7.6930000000000005,True,True,7.77,34007813.28,50872145.525
2021-07-02,7.56,7.62,7.51,7.55,5427620.0,44008279.0,2221551588.0,0.00244316631192271,7.578,7.641,7.659999999999999,7.751166666666666,39.70588153546707,6664797.6,7.802333333333333,7.69,True,True,7.77,40978531.0,51143195.850999996
2021-07-05,7.54,7.56,7.44,7.47,6671320.0,53503421.0,2221551588.0,0.0030030002616351576,7.540000000000001,7.6209999999999996,7.650499999999999,7.741666666666666,36.986300660536635,6723279.3,7.792333333333333,7.6875,True,True,7.77,49834760.4,51527788.133
2021-07-06,7.46,7.5,7.43,7.49,3782340.0,30347344.0,2221551588.0,0.001702566809805724,7.524000000000001,7.593000000000001,7.642,7.7316666666666665,28.124999384765644,6705293.85,7.783,7.681,True,True,7.77,28329726.6,51357869.695999995
2021-07-07,7.48,7.49,7.43,7.43,6757500.0,53989854.0,2221551588.0,0.0030417929687077787,7.5,7.567,7.6325,7.7218333333333335,28.571427936507902,6710188.75,7.771166666666667,7.672,True,True,7.77,50208225.0,51330972.584
2021-07-08,7.43,7.45,7.33,7.34,8061965.0,63805409.0,2221551588.0,0.003628979423006764,7.456,7.5329999999999995,7.616,7.711166666666667,22.857142400000015,6796839.45,7.7603333333333335,7.666500000000001,True,True,7.77,59174823.1,51862561.0305
2021-07-09,7.35,7.38,7.29,7.38,4687579.0,36925055.0,2221551588.0,0.002110047331477949,7.422,7.5,7.603,7.701833333333334,28.985506658265095,6804860.15,7.751166666666666,7.659999999999999,True,True,7.77,34594333.019999996,51862900.6515
2021-07-12,7.41,7.42,7.32,7.36,7612526.0,60212044.0,2221551588.0,0.0034266708192238478,7.4,7.469999999999999,7.586499999999999,7.6935,16.39344224670795,6655469.05,7.741666666666666,7.650499999999999,True,True,7.77,56028191.36,50588476.413499996
2021-07-13,7.35,7.39,7.29,7.31,9001207.0,70757590.0,2221551588.0,0.004051765913797001,7.364,7.444,7.569,7.684,17.24137889417365,6837218.85,7.7316666666666665,7.642,True,True,7.77,65798823.169999994,51823158.758999996
2021-07-14,7.3,7.31,7.2,7.29,8457323.0,65889737.0,2221551588.0,0.0038069442301872846,7.336,7.418000000000001,7.544999999999999,7.675333333333333,16.949152140189682,6671293.85,7.7218333333333335,7.6325,True,True,7.77,61653884.67,50330945.757
2021-07-15,7.28,7.29,7.17,7.2,7065960.0,54654620.0,2221551588.0,0.003180641871279381,7.308,7.382000000000001,7.5200000000000005,7.6635,10.769230537278148,6785121.3,7.711166666666667,7.616,True,True,7.77,50874912.0,51030768.122
2021-07-16,7.18,7.28,7.16,7.22,6338366.0,49073755.0,2221551588.0,0.0028531257316901882,7.276000000000001,7.349000000000001,7.495,7.652,14.516128704474482,6865901.65,7.701833333333334,7.603,True,True,7.77,45763002.519999996,51495933.274000004
2021-07-19,7.22,7.29,7.21,7.26,4396064.0,34261411.0,2221551588.0,0.001978825980790143,7.256,7.328,7.474500000000001,7.6419999999999995,22.807016983687262,6870809.55,7.6935,7.586499999999999,True,True,7.77,31915424.64,51443457.555
2021-07-20,7.27,7.31,7.17,7.29,8633938.0,67210808.0,2221551588.0,0.0038864449723505588,7.252,7.308,7.4505,7.6336666666666675,27.586206230677803,6498753.35,7.684,7.569,True,True,7.77,62941408.02,48345366.369
2021-07-21,7.26,7.29,7.21,7.22,5654600.0,43917672.0,2221551588.0,0.0025453381458904927,7.2379999999999995,7.287000000000001,7.427,7.624833333333333,23.437499487304734,6303662.7,7.675333333333333,7.544999999999999,True,True,7.71,40826212.0,46712236.170499995
2021-07-22,7.22,7.29,7.21,7.27,5102918.0,39757093.0,2221551588.0,0.002297006302965943,7.252,7.279999999999999,7.406499999999999,7.617333333333334,29.411764100346034,6297323.6,7.6635,7.5200000000000005,True,True,7.71,37098213.86,46558942.0635
2021-07-23,7.27,7.38,7.24,7.34,12155101.0,95636915.0,2221551588.0,0.0054714466527166685,7.276000000000001,7.276000000000001,7.388,7.6115,40.29850662062824,6672796.4,7.652,7.495,True,True,7.71,89218441.34,49228967.982999995
2021-07-26,7.35,7.35,7.17,7.19,10296524.0,79793686.0,2221551588.0,0.004634834525391179,7.2620000000000005,7.259,7.3645,7.602833333333334,31.249999453125028,6932444.85,7.6419999999999995,7.474500000000001,True,True,7.66,74032007.56,50975906.796
2021-07-27,7.17,7.21,7.05,7.1,9087097.0,69539521.0,2221551588.0,0.004090428081474739,7.223999999999999,7.2379999999999995,7.340999999999999,7.591666666666667,30.120481419654524,6937838.5,7.6336666666666675,7.4505,True,True,7.57,64518388.699999996,50803189.947000004
2021-07-28,7.05,7.26,7.05,7.19,9904206.0,75986681.0,2221551588.0,0.004458238131177713,7.218000000000001,7.228,7.322999999999999,7.582,40.963854730730205,7179627.1,7.624833333333333,7.427,True,True,7.56,71211241.14,52450418.169
2021-07-29,7.19,7.2,7.09,7.1,6506210.0,49697443.0,2221551588.0,0.002928678332362003,7.184,7.217999999999999,7.3,7.571333333333333,34.09090854855374,7280018.2,7.617333333333334,7.406499999999999,True,True,7.56,46194091.0,53059732.055
2021-07-30,7.06,7.22,7.01,7.11,7476001.0,57055354.0,2221551588.0,0.0033652160230636064,7.138000000000001,7.206999999999999,7.2780000000000005,7.561166666666667,35.63218333465457,7382437.25,7.6115,7.388,True,True,7.55,53154367.11,53668523.8605
2021-08-02,7.07,7.38,7.01,7.24,13403036.0,103740844.0,2221551588.0,0.00603318692773026,7.148000000000001,7.205,7.266500000000001,7.552333333333333,46.31578879113579,7719023.05,7.602833333333334,7.3645,True,True,7.49,97037980.64,56028684.87249999
2021-08-03,7.22,7.38,7.22,7.29,10921471.0,85634886.0,2221551588.0,0.00491614557095759,7.186,7.205,7.2565,7.544499999999999,49.999999285714296,8075979.6,7.591666666666667,7.340999999999999,True,True,7.49,79617523.59,58593074.722
2021-08-04,7.29,7.3,7.21,7.25,7597380.0,59047041.0,2221551588.0,0.0034198530617241736,7.198,7.208,7.2475,7.536333333333332,52.68817124985547,8117973.6,7.582,7.322999999999999,False,True,7.43,55081005.0,58836713.722
2021-08-05,7.2,7.29,7.16,7.16,6186931.0,47888665.0,2221551588.0,0.002784959410089558,7.209999999999999,7.197,7.2385,7.526,46.99999934200004,8024221.9,7.571333333333333,7.3,False,False,7.38,44298425.96,58092893.864999995
2021-08-06,7.16,7.19,7.08,7.14,5334200.0,40736015.0,2221551588.0,0.002401114621336446,7.215999999999999,7.177,7.2265,7.5151666666666666,43.87755039358603,8056552.95,7.561166666666667,7.2780000000000005,True,False,7.38,38086188.0,58267486.614
2021-08-09,7.15,7.32,7.14,7.26,8037074.0,62594554.0,2221551588.0,0.0036177750917031595,7.220000000000001,7.184,7.221500000000001,7.505166666666666,48.5981302052581,8077780.35,7.552333333333333,7.266500000000001,True,True,7.36,58349157.239999995,58383534.90800001
2021-08-10,7.28,7.3,7.21,7.29,6140095.0,47811927.0,2221551588.0,0.002763876847680028,7.220000000000001,7.203,7.2204999999999995,7.496666666666667,53.39805752662835,7934724.75,7.544499999999999,7.2565,False,True,7.34,44761292.55,57331658.377
2021-08-11,7.27,7.38,7.25,7.27,8990274.0,70525418.0,2221551588.0,0.0040468445786098935,7.223999999999999,7.211,7.219500000000001,7.488499999999999,49.99999930000001,7961372.3,7.536333333333332,7.2475,False,False,7.34,65359291.98,57516928.74250001
2021-08-12,7.26,7.33,7.23,7.29,6557107.0,51168261.0,2221551588.0,0.0029515888964357466,7.25,7.2299999999999995,7.223999999999999,7.4816666666666665,47.36842035457067,7935929.65,7.526,7.2385,False,False,7.34,47801310.03,57363248.64400001
2021-08-13,7.29,7.29,7.22,7.26,5353697.0,41650942.0,2221551588.0,0.002409890919895217,7.273999999999999,7.245,7.225999999999999,7.474,54.2168665553781,7886696.2,7.5151666666666666,7.2265,False,False,7.34,38867840.22,57018490.52900001
2021-08-16,7.25,7.36,7.23,7.33,8919964.0,70169120.0,2221551588.0,0.004015195527388311,7.287999999999999,7.2540000000000004,7.2295,7.467833333333333,64.19752975461054,8112891.2,7.505166666666666,7.221500000000001,False,False,7.34,65383336.12,58691886.103
2021-08-17,7.32,7.43,7.28,7.31,10467058.0,82838506.0,2221551588.0,0.004711597991484499,7.292,7.256,7.230500000000001,7.461166666666666,58.10810700876546,8204547.2,7.496666666666667,7.2204999999999995,False,False,7.34,76514193.97999999,59370525.401
2021-08-18,7.29,7.46,7.27,7.43,11667396.0,92572460.0,2221551588.0,0.005251913150710953,7.324,7.273999999999999,7.241000000000001,7.4555,71.42857012987007,8505187.0,7.488499999999999,7.219500000000001,False,False,7.34,86688752.28,61663652.415
2021-08-19,7.41,7.52,7.38,7.43,10024021.0,80153328.0,2221551588.0,0.004512171157377598,7.351999999999999,7.301,7.249,7.4495,71.05263027008303,8751242.15,7.4816666666666665,7.223999999999999,False,False,7.43,74478476.03,63532665.52349999
2021-08-20,7.48,7.48,7.31,7.36,7259766.0,57380129.0,2221551588.0,0.0032678808987441797,7.372,7.323,7.25,7.442666666666667,58.57142740000001,8506475.4,7.474,7.225999999999999,False,False,7.43,53431877.760000005,61743337.34449999
2021-08-23,7.36,7.55,7.36,7.48,8461485.0,67983692.0,2221551588.0,0.003808817695571785,7.401999999999999,7.345000000000001,7.2645,7.438833333333334,62.3376612042503,8414723.45,7.467833333333333,7.2295,False,False,7.43,63291907.800000004,61206332.35650001
2021-08-24,7.48,7.53,7.43,7.51,6997423.0,56207524.0,2221551588.0,0.0031497909109099655,7.442,7.367,7.285000000000001,7.435666666666666,67.10526192174513,8310239.75,7.461166666666666,7.230500000000001,False,False,7.48,52550646.73,60607945.258
2021-08-25,7.5,7.64,7.45,7.59,12602290.0,102447767.0,2221551588.0,0.0056727424508496264,7.473999999999999,7.398999999999999,7.305,7.433333333333334,78.66666519822216,8445143.95,7.4555,7.241000000000001,False,False,7.51,95651381.1,61829952.256
2021-08-26,7.56,7.66,7.56,7.57,9797142.0,79996121.0,2221551588.0,0.004410044787130102,7.502,7.427,7.328500000000001,7.431666666666667,78.66666519822226,8609690.55,7.4495,7.249,False,False,7.59,74164364.94,63228465.952999994
2021-08-27,7.55,7.7,7.49,7.62,13226148.0,107768594.0,2221551588.0,0.005953563298481458,7.554,7.462999999999999,7.354000000000001,7.430666666666666,76.47058666089968,8897197.9,7.442666666666667,7.25,False,False,7.59,100783247.76,65609909.9855
2021-08-30,7.59,7.6,7.43,7.48,15138350.0,121919853.0,2221551588.0,0.006814313960464284,7.554,7.478,7.366,7.427666666666667,62.02531535651343,8983963.6,7.438833333333334,7.2645,False,False,7.62,113234858.0,66419753.85350001
2021-08-31,7.48,7.69,7.4,7.66,18160059.0,147067107.0,2221551588.0,0.008174493492788518,7.5840000000000005,7.513,7.3845,7.427666666666667,70.52631475013857,9345893.0,7.435666666666666,7.285000000000001,False,False,7.62,139106051.94,69394180.271
2021-09-01,7.66,8.16,7.65,7.97,55078305.0,472861128.0,2221551588.0,0.02479271933072031,7.659999999999999,7.567,7.4205,7.4334999999999996,77.41935396462023,11719939.25,7.433333333333334,7.305,False,False,7.66,438974090.84999996,88588834.5635
2021-09-02,7.97,8.09,7.85,8.04,36269301.0,309716815.0,2221551588.0,0.016326112432370848,7.754,7.628,7.464499999999999,7.439666666666667,80.4687491198731,13224057.75,7.431666666666667,7.328500000000001,False,False,7.97,291605180.03999996,100954172.2675
2021-09-03,8.0,8.04,7.85,7.88,19249921.0,163672029.0,2221551588.0,0.00866507944446618,7.806,7.68,7.5015,7.443666666666667,70.0729919846556,13919843.8,7.430666666666666,7.354000000000001,False,False,8.04,151689377.48,106634331.74149999
2021-09-06,7.88,8.22,7.84,8.01,27822127.0,239960780.0,2221551588.0,0.012523736630868641,7.912000000000001,7.733,7.539,7.449,73.64864795197232,14909096.45,7.427666666666667,7.366,False,False,8.04,222855237.26999998,114859635.74299999
2021-09-07,8.01,8.08,7.94,8.03,19957227.0,171730188.0,2221551588.0,0.008983463228043661,7.986,7.785000000000001,7.5760000000000005,7.455166666666666,71.73912970699439,15599953.05,7.427666666666667,7.3845,False,False,8.04,160256532.80999997,120634397.756
2021-09-08,8.05,8.1,7.97,8.0,17727087.0,152503546.0,2221551588.0,0.007979597275955763,7.992,7.8260000000000005,7.6125,7.459,70.21276526029887,16036793.7,7.4334999999999996,7.4205,False,False,8.04,141816696.0,124457267.95699999
2021-09-09,8.0,8.34,7.97,8.22,35971655.0,316349965.0,2221551588.0,0.016192131298820866,8.028,7.891000000000001,7.659000000000001,7.467666666666667,77.56410186801455,17507521.1,7.439666666666667,7.464499999999999,False,False,8.04,295687004.1,136851552.6605
2021-09-10,8.24,8.36,8.08,8.12,26706120.0,235064636.0,2221551588.0,0.012021381877538465,8.075999999999999,7.941,7.702000000000001,7.474333333333333,70.77922013577333,18575142.25,7.443666666666667,7.5015,False,False,8.22,216853694.39999998,145750845.36949998
2021-09-13,8.07,8.24,8.01,8.13,16831436.0,146999053.0,2221551588.0,0.007576432656759893,8.1,8.006,7.742,7.482,70.39473619373274,18970715.85,7.449,7.539,False,False,8.22,136839574.68,149323657.29749998
2021-09-14,8.13,8.17,7.85,7.88,20693852.0,177044896.0,2221551588.0,0.009315044544443863,8.07,8.028,7.7705,7.483833333333333,58.57988117152761,19482055.55,7.455166666666666,7.5760000000000005,False,False,8.22,163067553.76,153651325.28649998
2021-09-15,7.88,8.03,7.85,7.92,11366130.0,96697639.0,2221551588.0,0.00511630252540415,8.053999999999998,8.023,7.794999999999999,7.487666666666667,60.23391763551177,19466992.25,7.459,7.6125,False,False,8.22,90019749.6,153817875.15249997
2021-09-16,7.92,8.11,7.84,7.84,15974460.0,136550717.0,2221551588.0,0.007190677041347193,7.978,8.003,7.8155,7.490333333333334,56.321838627295534,19764514.2,7.467666666666667,7.659000000000001,False,False,8.22,125239766.39999999,156355939.67099997
2021-09-17,7.84,7.9,7.68,7.78,13215397.0,110430771.0,2221551588.0,0.005948723888018035,7.910000000000001,7.993,7.836499999999999,7.4915,59.03614408041805,20062295.75,7.474333333333333,7.702000000000001,False,False,8.22,102815788.66,158825135.21600002
2021-09-22,7.7,7.94,7.69,7.92,12762861.0,107324604.0,2221551588.0,0.0057450212135249324,7.868,7.984,7.858500000000001,7.495833333333334,58.02469085657674,20277364.55,7.482,7.742,True,False,8.22,101081859.12,160714632.782
2021-09-23,7.96,8.08,7.93,8.05,15072358.0,129762058.0,2221551588.0,0.0067846085958189325,7.902000000000001,7.986,7.885499999999999,7.503833333333333,52.77777726466053,20681111.3,7.483833333333333,7.7705,False,True,8.22,121332481.9,164153724.5405
2021-09-24,8.05,8.07,7.87,7.87,10596061.0,90454961.0,2221551588.0,0.004769666865822969,7.892,7.972999999999999,7.899500000000001,7.509166666666667,44.516128630176944,20580799.85,7.487666666666667,7.794999999999999,False,False,8.22,83391000.07000001,163540705.489
2021-09-27,7.92,7.95,7.57,7.58,14228042.0,117326918.0,2221551588.0,0.006404551700196664,7.840000000000001,7.909000000000001,7.9,7.5095,41.0714282291667,20802344.85,7.490333333333334,7.8155,True,False,8.22,107848558.36,165224915.16
2021-09-28,7.57,7.64,7.55,7.6,7146683.0,58246520.0,2221551588.0,0.0032169781870489697,7.803999999999999,7.857000000000001,7.898999999999999,7.5103333333333335,36.94267482981057,20498371.6,7.4915,7.836499999999999,True,True,8.22,54314790.8,162901492.312
2021-09-29,7.56,7.58,7.4,7.47,11257429.0,90519402.0,2221551588.0,0.005067372308979214,7.714,7.7909999999999995,7.8985,7.5103333333333335,33.33333305555561,20304325.55,7.495833333333334,7.858500000000001,True,True,8.22,84092994.63,161444399.1435
2021-09-30,7.47,7.51,7.43,7.45,6463493.0,51794684.0,2221551588.0,0.0029094498794956635,7.593999999999999,7.748,7.888,7.509666666666667,33.53293385062216,19719497.25,7.503833333333333,7.885499999999999,True,True,8.22,48153022.85,156896747.689
2021-10-08,7.54,7.56,7.44,7.5,7334849.0,58947974.0,2221551588.0,0.003301678448351207,7.5200000000000005,7.706,7.8645,7.510833333333334,25.99999975733337,17332324.45,7.509166666666667,7.899500000000001,True,True,8.22,55011367.5,137698611.52150002
2021-10-11,7.51,7.52,7.45,7.49,5421218.0,43585277.0,2221551588.0,0.002440284542246696,7.502,7.670999999999999,7.837000000000001,7.513333333333334,27.659574193451093,15789920.3,7.5095,7.9,True,True,8.22,40604922.82,125148598.6605
2021-10-12,7.49,7.49,7.37,7.39,6471623.0,51524301.0,2221551588.0,0.002913109483910846,7.459999999999999,7.632,7.8125,7.5135,25.333333096888865,15151005.4,7.5103333333333335,7.898999999999999,True,True,8.22,47825293.97,119955394.48500001
2021-10-13,7.39,7.45,7.35,7.43,4635701.0,36817731.0,2221551588.0,0.002086695184140824,7.452,7.583000000000001,7.783499999999999,7.514666666666667,32.55813918153957,13991684.1,7.5103333333333335,7.8985,True,True,8.22,34443258.43,110534795.54300001
2021-10-14,7.43,7.43,7.38,7.39,3907900.0,31049073.0,2221551588.0,0.0017590858664318354,7.44,7.517,7.7515,7.516,29.457364021392934,13189217.75,7.509666666666667,7.888,True,True,8.22,28879381.0,103965937.9525
2021-10-15,7.41,7.43,7.31,7.31,5245600.0,41376147.0,2221551588.0,0.002361232585520314,7.401999999999999,7.461,7.7170000000000005,7.516333333333334,29.457364021392934,12565143.4,7.510833333333334,7.8645,True,True,8.22,38345336.0,98792369.9525
2021-10-18,7.33,7.4,7.3,7.38,5603031.0,44272798.0,2221551588.0,0.0025221250905292955,7.38,7.441,7.675,7.519333333333334,34.61538424260354,11046712.2,7.513333333333334,7.837000000000001,True,True,8.22,41350368.78,86075538.1865
2021-10-19,7.37,7.41,7.34,7.36,4679087.0,37040630.0,2221551588.0,0.0021062247778870845,7.374,7.417,7.636999999999999,7.5216666666666665,26.27118612898596,9945360.55,7.5135,7.8125,True,True,8.13,34438080.32,76954757.48249999
2021-10-20,7.37,7.39,7.28,7.28,5262220.0,41238602.0,2221551588.0,0.002368713843254672,7.343999999999999,7.398000000000001,7.594499999999999,7.522,15.929203342470018,9366899.75,7.514666666666667,7.783499999999999,True,True,8.13,38308961.6,72028226.8285
2021-10-21,7.29,7.31,7.19,7.21,5919369.0,46078054.0,2221551588.0,0.0026645201632832845,7.308,7.374,7.561,7.520666666666667,17.647058581314866,8628175.6,7.516,7.7515,True,True,8.05,42678650.49,66008781.665
2021-10-22,7.21,7.26,7.17,7.2,3998786.0,30940165.0,2221551588.0,0.0017999969127883246,7.286,7.343999999999999,7.525,7.520333333333334,24.3243238641344,8259808.4,7.516333333333334,7.7170000000000005,True,True,8.05,28791259.2,62947357.144999996
2021-10-25,7.22,7.27,7.17,7.25,4475977.0,34789486.0,2221551588.0,0.0020147976865257473,7.26,7.32,7.4955,7.52,27.27272677685953,7684884.25,7.519333333333334,7.675,True,True,8.05,32450833.25,58307910.4875
2021-10-26,7.22,7.3,7.18,7.18,5628293.0,43736382.0,2221551588.0,0.0025334964222311815,7.223999999999999,7.2989999999999995,7.4655000000000005,7.517333333333334,29.577464205514786,7305529.05,7.5216666666666665,7.636999999999999,True,True,8.05,40411143.74,55187678.2415
2021-10-27,7.18,7.2,7.06,7.07,5990701.0,45691696.0,2221551588.0,0.00269662925333787,7.1819999999999995,7.263,7.422999999999999,7.515333333333333,26.249999540625012,6966921.05,7.522,7.594499999999999,True,True,8.05,42354256.07,52251298.089
2021-10-28,7.08,7.16,7.02,7.15,6217028.0,47249693.0,2221551588.0,0.0027985071485992427,7.17,7.239,7.378,7.516166666666666,28.915662162868358,6524154.55,7.520666666666667,7.561,True,True,8.05,44451750.2,48407261.504
2021-10-29,7.15,7.18,7.08,7.17,4579189.0,35056730.0,2221551588.0,0.0020612571073006297,7.164,7.225,7.343000000000001,7.515833333333333,30.952380436507923,6223310.95,7.520333333333334,7.525,True,True,7.87,32832785.13,45879350.757
2021-11-01,7.13,7.22,7.12,7.19,3859600.0,29770579.0,2221551588.0,0.0017373443051460662,7.151999999999999,7.206,7.3235,7.517333333333334,36.84210458448759,5704888.85,7.52,7.4955,True,True,7.6,27750524.0,41874449.039
2021-11-02,7.18,7.23,7.08,7.15,5954802.0,45716257.0,2221551588.0,0.002680469826658826,7.146000000000001,7.185,7.301,7.518,31.578946786703654,5645294.8,7.517333333333334,7.4655000000000005,True,True,7.6,42576834.300000004,41287551.214
2021-11-03,7.14,7.25,7.11,7.22,4409071.0,34115632.0,2221551588.0,0.0019846808977185904,7.176,7.178999999999999,7.288500000000001,7.517666666666667,39.240505633712544,5302876.9,7.515333333333333,7.422999999999999,True,True,7.5,31833492.619999997,38674576.1135
2021-11-04,7.25,7.28,7.18,7.26,3905512.0,30337877.0,2221551588.0,0.0017580109420353466,7.198,7.184,7.279000000000001,7.517166666666666,46.66666579555558,5174977.85,7.516166666666666,7.378,True,True,7.5,28354017.119999997,37684625.827
2021-11-05,7.28,7.28,7.21,7.28,3904295.0,30363188.0,2221551588.0,0.0017574631267126802,7.220000000000001,7.192,7.268000000000001,7.517666666666666,42.85714200000003,5003450.15,7.515833333333333,7.343000000000001,True,True,7.5,28423267.6,36355220.832
2021-11-08,7.29,7.45,7.29,7.39,7210929.0,57244060.0,2221551588.0,0.003245897614509954,7.260000000000001,7.206,7.263,7.5215000000000005,51.89873325749076,5092935.7,7.517333333333334,7.3235,False,True,7.49,53288765.309999995,36989412.9565
2021-11-09,7.36,7.41,7.3,7.34,3966702.0,31278612.0,2221551588.0,0.001785554754355765,7.298,7.222000000000001,7.260499999999999,7.5248333333333335,53.947367427285315,4967689.65,7.518,7.301,False,False,7.43,29115592.68,36053927.892000005
2021-11-10,7.33,7.36,7.2,7.27,5111987.0,39837558.0,2221551588.0,0.0023010885849390414,7.308,7.242,7.2525,7.525,53.947367427285315,4991503.95,7.517666666666667,7.288500000000001,False,False,7.43,37164145.489999995,36189972.245
2021-11-11,7.22,7.34,7.22,7.31,4531300.0,35488954.0,2221551588.0,0.0020397005518469195,7.318,7.258,7.2485,7.525333333333333,56.96202430700207,5022673.95,7.517166666666666,7.279000000000001,False,False,7.39,33123803.0,36402193.345
2021-11-12,7.31,7.35,7.27,7.29,3264479.0,25562066.0,2221551588.0,0.0014694590112755014,7.3199999999999985,7.2700000000000005,7.2475,7.525666666666667,52.63157797783936,4923617.9,7.517666666666666,7.268000000000001,False,False,7.39,23798051.91,35674829.140499994
2021-11-15,7.28,7.38,7.28,7.32,4142560.0,32600966.0,2221551588.0,0.0018647147436848088,7.306,7.2829999999999995,7.2444999999999995,7.526166666666667,59.72222106095687,4850594.35,7.5215000000000005,7.263,False,False,7.39,30323539.200000003,35123487.6615
2021-11-16,7.32,7.37,7.25,7.27,3718340.0,29152540.0,2221551588.0,0.0016737581157624686,7.292,7.295,7.24,7.526333333333333,65.15151376951329,4802557.0,7.5248333333333335,7.260499999999999,False,False,7.39,27032331.799999997,34753200.23549999
2021-11-17,7.29,7.3,7.26,7.28,3435400.0,26853841.0,2221551588.0,0.0015463966799406145,7.294,7.301,7.24,7.5255,61.01694770468258,4711216.0,7.525,7.2525,False,False,7.39,25009712.0,34088237.7555
2021-11-18,7.28,7.29,7.22,7.22,4212801.0,32760608.0,2221551588.0,0.0018963327355331259,7.275999999999999,7.297,7.2405,7.524,53.96825276895944,4625887.6,7.525333333333333,7.2485,False,False,7.39,30416423.22,33475126.392
2021-11-19,7.22,7.29,7.19,7.29,3862817.0,30028486.0,2221551588.0,0.0017387923921575843,7.275999999999999,7.297999999999999,7.245,7.5216666666666665,57.35293999567472,4619089.15,7.525666666666667,7.2475,True,False,7.39,28159935.93,33443560.228499997
2021-11-22,7.29,7.32,7.25,7.25,5431313.0,42421267.0,2221551588.0,0.002444828663596175,7.2620000000000005,7.284000000000001,7.245,7.518666666666666,57.35293999567472,4666855.95,7.526166666666667,7.2444999999999995,False,True,7.39,39377019.25,33789869.5285
2021-11-23,7.24,7.37,7.23,7.33,7978646.0,62596835.0,2221551588.0,0.0035914745545850453,7.273999999999999,7.2829999999999995,7.2525,7.518166666666667,57.97101331653017,4784373.6,7.526333333333333,7.24,False,False,7.39,58483475.18,34693486.1005
2021-11-24,7.33,7.34,7.28,7.29,4226090.0,33120138.0,2221551588.0,0.0019023145907697012,7.275999999999999,7.284999999999999,7.2635000000000005,7.515,52.173911984877165,4696143.05,7.5255,7.24,False,False,7.39,30808196.1,34116183.102000006
2021-11-25,7.3,7.31,7.26,7.26,4388851.0,34300515.0,2221551588.0,0.0019755791509442995,7.284000000000001,7.279999999999999,7.269,7.510833333333333,48.571427599999986,4604734.2,7.524,7.2405,False,False,7.39,31863058.259999998,33486748.505000003
2021-11-26,7.26,7.27,7.17,7.18,5585421.0,43194623.0,2221551588.0,0.002514198198308956,7.2620000000000005,7.269,7.269499999999999,7.5040000000000004,34.32835749164633,4655045.8,7.5216666666666665,7.245,True,False,7.39,40103322.78,33850275.3875
2021-11-29,7.16,7.21,7.13,7.15,5148416.0,39540014.0,2221551588.0,0.002317486583615631,7.242,7.252,7.2675,7.497,35.3846146224853,4719486.6,7.518666666666666,7.245,True,True,7.39,36811174.4,34303307.9075
2021-11-30,7.15,7.21,7.15,7.15,4645046.0,35773092.0,2221551588.0,0.002090901703606984,7.206,7.24,7.2675,7.489166666666667,39.655171456599405,4653998.8,7.518166666666667,7.2525,True,True,7.39,33212078.900000002,33835070.137499996
2021-12-01,7.15,7.28,7.14,7.28,5357270.0,41572528.0,2221551588.0,0.0024114992552673508,7.203999999999999,7.24,7.2705,7.485833333333333,47.76119303185572,4701408.75,7.515,7.2635000000000005,True,True,7.39,39000925.6,34193441.7865
2021-12-02,7.28,7.41,7.25,7.35,10612764.0,83645469.0,2221551588.0,0.004777185484832414,7.2219999999999995,7.253,7.275,7.480666666666666,54.16666561342592,5036771.35,7.510833333333333,7.269,False,True,7.39,78003815.39999999,36675931.7005
2021-12-03,7.38,7.44,7.32,7.4,10188653.0,80734160.0,2221551588.0,0.004586277921717116,7.266,7.264000000000001,7.281000000000001,7.471166666666666,55.405404357195046,5350989.25,7.5040000000000004,7.269499999999999,False,False,7.39,75396032.2,39024569.9305
2021-12-06,7.4,7.48,7.33,7.34,6457186.0,51261174.0,2221551588.0,0.00290661087272487,7.303999999999999,7.273000000000001,7.278500000000001,7.4595,54.66666564622225,5313302.1,7.497,7.2675,False,False,7.4,47395745.24,38729918.927
2021-12-07,7.39,7.43,7.34,7.43,7993664.0,63507863.0,2221551588.0,0.0035982346946966328,7.359999999999999,7.2829999999999995,7.2829999999999995,7.452,59.03614358252284,5514650.2,7.489166666666667,7.2675,False,False,7.4,59392923.519999996,40243785.469
2021-12-08,7.44,7.44,7.36,7.41,6231895.0,49446410.0,2221551588.0,0.0028051993181983223,7.386,7.295,7.290000000000001,7.441999999999999,62.02531535651343,5570645.6,7.485833333333333,7.2705,False,False,7.43,46178341.95,40694495.292
2021-12-09,7.42,7.43,7.37,7.4,7000680.0,55601356.0,2221551588.0,0.0031512570033552603,7.395999999999999,7.309,7.294499999999999,7.431500000000001,57.53424547194601,5694114.6,7.480666666666666,7.275,False,False,7.43,51805032.0,41628556.742
2021-12-10,7.38,7.41,7.28,7.29,10171867.0,79990761.0,2221551588.0,0.004578721941432584,7.374,7.32,7.294500000000001,7.419666666666667,52.499999081250024,6039484.0,7.471166666666666,7.281000000000001,False,False,7.43,74152910.43,44146299.668
2021-12-13,7.34,7.43,7.3,7.32,10591719.0,83723117.0,2221551588.0,0.004767712375986472,7.37,7.337000000000001,7.294500000000001,7.4046666666666665,49.333332412444484,6361941.95,7.4595,7.278500000000001,True,False,7.43,77531383.08,46506691.862
2021-12-14,7.29,7.31,7.26,7.29,6364601.0,49712185.0,2221551588.0,0.002864935045568701,7.3420000000000005,7.350999999999999,7.2955,7.390833333333333,49.99999905405407,6494255.0,7.452,7.2829999999999995,False,True,7.43,46397941.29,47474972.336500004
2021-12-15,7.29,7.38,7.28,7.34,7351911.0,57892935.0,2221551588.0,0.003309358666128801,7.328,7.356999999999999,7.2985,7.377666666666666,55.26315687673133,6690080.55,7.441999999999999,7.290000000000001,True,False,7.43,53963026.74,48922638.0735
2021-12-16,7.34,7.42,7.32,7.4,7210155.0,57168207.0,2221551588.0,0.0032455492093663683,7.328,7.362,7.3075,7.369666666666666,64.86486363769181,6839948.25,7.431500000000001,7.294499999999999,False,True,7.43,53355147.0,50069574.2625
2021-12-17,7.38,7.51,7.36,7.5,15748864.0,126317650.0,2221551588.0,0.007089128195388096,7.37,7.372,7.3180000000000005,7.362666666666667,71.6049370339887,7434250.6,7.419666666666667,7.294500000000001,False,False,7.43,118116480.0,54567401.466
2021-12-20,7.48,7.56,7.43,7.52,12819415.0,103184259.0,2221551588.0,0.005770478196070593,7.409999999999999,7.390000000000001,7.3315,7.357333333333333,72.28915540717082,7803655.7,7.4046666666666665,7.294500000000001,False,False,7.5,96402000.8,57418650.543500006
2021-12-21,7.49,7.67,7.47,7.63,17939292.0,146435364.0,2221551588.0,0.008075118352822154,7.478,7.409999999999999,7.346500000000001,7.354833333333333,71.6049370339887,8301688.0,7.390833333333333,7.2955,False,False,7.52,136876797.96,61338316.682500005
2021-12-22,7.64,7.64,7.54,7.61,11987344.0,97596805.0,2221551588.0,0.005395933213863319,7.531999999999999,7.43,7.3625,7.349666666666667,67.10526192174521,8689750.7,7.377666666666666,7.2985,False,False,7.63,91223687.84,64359091.2695
2021-12-23,7.61,7.61,7.5,7.51,10527343.0,84968401.0,2221551588.0,0.0047387344308657126,7.554,7.441,7.375,7.3406666666666665,56.790122475232415,8996675.3,7.369666666666666,7.3075,False,False,7.63,79060345.92999999,66718955.65300001
2021-12-24,7.54,7.76,7.53,7.57,17316655.0,141861767.0,2221551588.0,0.007794847121056367,7.5680000000000005,7.468999999999999,7.394500000000001,7.335666666666667,64.19752975461063,9583237.0,7.362666666666667,7.3180000000000005,False,False,7.63,131087078.35000001,71268143.4315
2021-12-27,7.55,7.69,7.52,7.64,10520334.0,86186469.0,2221551588.0,0.004735579428732132,7.5920000000000005,7.5009999999999994,7.419,7.336666666666668,63.29113811889122,9851832.9,7.357333333333333,7.3315,False,False,7.63,80375351.75999999,73446352.2995
2021-12-28,7.6,7.64,7.52,7.58,7611303.0,61793658.0,2221551588.0,0.003426120303086115,7.581999999999999,7.529999999999999,7.4405,7.336333333333333,60.24096283930905,10000145.75,7.354833333333333,7.346500000000001,False,False,7.64,57693676.74,74670432.1915
2021-12-29,7.55,7.65,7.53,7.57,8310501.0,67850866.0,2221551588.0,0.0037408543852369904,7.574,7.553,7.455,7.338,60.24096283930905,10147807.3,7.349666666666667,7.3625,False,False,7.64,62910492.57,75865910.53999999
2021-12-30,7.58,7.62,7.55,7.59,7433632.0,60506407.0,2221551588.0,0.003346144217471127,7.590000000000001,7.572,7.4670000000000005,7.340333333333333,70.27026894083275,9988850.7,7.3406666666666665,7.375,False,False,7.64,56421266.879999995,74786783.114
2021-12-31,7.57,7.69,7.56,7.65,7525012.0,61783427.0,2221551588.0,0.0033872776309347625,7.606,7.586999999999999,7.4795,7.342833333333333,71.42857012987017,9855668.65,7.335666666666667,7.394500000000001,False,False,7.64,57566341.800000004,73895298.59400001
2022-01-04,7.7,7.78,7.65,7.76,13549115.0,112190087.0,2221551588.0,0.006098942321748146,7.63,7.611,7.5005,7.347333333333333,77.64705754463672,10210265.1,7.336666666666668,7.419,False,False,7.65,105141132.39999999,76782567.95199999
2022-01-05,7.73,7.77,7.63,7.68,11645153.0,95917871.0,2221551588.0,0.005241900779123388,7.65,7.616,7.513000000000001,7.352166666666666,69.3181807153926,10392839.55,7.336333333333333,7.4405,False,False,7.76,89434775.03999999,78284660.52800001
2022-01-06,7.7,7.89,7.64,7.87,24330086.0,204294423.0,2221551588.0,0.010951843806563902,7.709999999999999,7.642,7.536000000000001,7.3595,73.26732571708659,11297749.1,7.338,7.455,False,False,7.76,191477776.82,85549632.2715
2022-01-07,7.87,8.06,7.76,7.97,30333784.0,259671961.0,2221551588.0,0.013654323475471774,7.786,7.688,7.564500000000001,7.369166666666667,73.26732571708659,12464404.3,7.340333333333333,7.4670000000000005,False,False,7.87,241760258.48,95047393.5955
2022-01-10,8.23,8.77,8.22,8.59,96684066.0,896163659.0,2221551588.0,0.04352096369143601,7.974000000000001,7.790000000000001,7.629499999999998,7.3905,83.22981294085879,16790014.25,7.342833333333333,7.4795,False,False,7.97,830516126.9399999,132865554.421
2022-01-11,8.57,8.74,8.46,8.47,63243615.0,581474545.0,2221551588.0,0.028468218042569264,8.116000000000001,7.873,7.687,7.408666666666666,75.925925269776,19422609.05,7.347333333333333,7.5005,False,False,8.59,535673419.05,155772656.2195
2022-01-12,8.41,8.47,8.14,8.18,44666402.0,396253766.0,2221551588.0,0.020105948581735117,8.216000000000001,7.933000000000002,7.7315,7.422333333333333,65.0793645972957,21337699.1,7.352166666666666,7.513000000000001,False,False,8.59,365371168.36,171721317.573
2022-01-13,8.2,8.24,8.07,8.13,25740127.0,225050766.0,2221551588.0,0.01158655380277399,8.268,7.989,7.771000000000001,7.4365,66.84782557833181,22257109.9,7.3595,7.536000000000001,False,False,8.59,209267232.51000002,179486527.86149997
2022-01-14,8.05,8.15,7.88,7.9,24986000.0,214000255.0,2221551588.0,0.011247094208824648,8.254000000000001,8.02,7.795999999999999,7.4479999999999995,58.2089548184451,23145902.15,7.369166666666667,7.564500000000001,False,False,8.59,197389400.0,186688240.51149997
2022-01-17,7.87,7.95,7.82,7.9,20328109.0,171858778.0,2221551588.0,0.009150410510296013,8.116000000000001,8.045,7.816,7.459666666666666,56.701030518652374,23374864.4,7.3905,7.629499999999998,False,False,8.59,160592061.1,188812019.5665
2022-01-18,7.9,8.28,7.84,8.08,40573383.0,351147484.0,2221551588.0,0.01826353401791901,8.038,8.077,7.844000000000001,7.4735,62.13592190781413,24762562.8,7.408666666666666,7.687,False,False,8.59,327832934.64,200383566.2585
2022-01-19,8.12,8.34,8.09,8.27,40961604.0,360925011.0,2221551588.0,0.018438286205577865,8.056000000000001,8.136000000000001,7.8759999999999994,7.491666666666666,65.62499958984375,25913678.4,7.422333333333333,7.7315,False,False,8.59,338752465.08,210477349.6145
2022-01-20,8.26,8.29,8.07,8.2,24460372.0,215163774.0,2221551588.0,0.01101049020519077,8.07,8.169,7.905500000000001,7.5104999999999995,63.318776905474714,26537329.8,7.4365,7.771000000000001,False,False,8.59,200575050.39999998,215944917.74249998
2022-01-21,8.18,8.2,7.97,8.0,16323936.0,141022695.0,2221551588.0,0.0073479887157137675,8.09,8.172,7.9300000000000015,7.524666666666667,57.20164576097817,26827159.45,7.4479999999999995,7.795999999999999,False,False,8.59,130591488.0,218521474.84600002
2022-01-24,7.98,8.29,7.97,8.12,18004884.0,157190542.0,2221551588.0,0.008104643663129735,8.134,8.125,7.957499999999999,7.5405,57.37704885111529,26861570.9,7.459666666666666,7.816,False,False,8.59,146199658.07999998,219277103.83249998
2022-01-25,8.05,8.07,7.7,7.71,20384384.0,172247848.0,2221551588.0,0.00917574190494108,8.059999999999999,8.049,7.961,7.549166666666666,50.54151599004288,27354773.4,7.4735,7.844000000000001,False,False,8.59,157163600.64,223116516.2765
2022-01-26,7.73,7.96,7.73,7.92,15866027.0,133976201.0,2221551588.0,0.007141867461328564,7.989999999999999,8.023,7.978,7.562,50.89605709227784,27767509.6,7.491666666666666,7.8759999999999994,True,False,8.59,125658933.84,226514779.13149995
2022-01-27,7.87,7.97,7.74,7.76,12278100.0,103212091.0,2221551588.0,0.005526812911445206,7.901999999999999,7.986,7.9875,7.571,46.315789246168045,27965889.55,7.5104999999999995,7.905500000000001,True,True,8.59,95278056.0,228133157.30299997
2022-01-28,7.9,7.93,7.7,7.73,12598159.0,105378352.0,2221551588.0,0.005670882939676303,7.848000000000001,7.968999999999999,7.9944999999999995,7.578833333333334,30.97345113556267,28224115.9,7.524666666666667,7.9300000000000015,True,True,8.59,97383769.07000001,230181282.4125
2022-02-07,7.83,8.27,7.83,8.17,25610661.0,223220004.0,2221551588.0,0.011528276515539553,7.858,7.996,8.0205,7.593666666666667,44.18604627185864,29128398.35,7.5405,7.957499999999999,True,True,8.59,209239100.37,237764920.341
2022-02-08,8.16,8.26,8.09,8.24,16798351.0,147580468.0,2221551588.0,0.007561539912347063,7.964,8.012,8.0445,7.607833333333333,51.27118613652687,29290860.15,7.549166666666666,7.961,False,True,8.59,138418412.24,239428784.333
2022-02-09,8.32,8.32,8.15,8.17,19214342.0,169380221.0,2221551588.0,0.008649064061257351,8.014,8.001999999999999,8.068999999999999,7.621666666666667,50.84033583539296,29669319.6,7.562,7.978,False,False,8.59,156981174.14,242806104.28800002
2022-02-10,8.13,8.36,8.13,8.3,20573112.0,182708978.0,2221551588.0,0.009260695142587884,8.122,8.012,8.0905,7.638833333333334,58.771929463681154,29481470.9,7.571,7.9875,False,False,8.59,170756829.60000002,241770056.927
2022-02-11,8.27,8.37,8.18,8.21,17793323.0,157611751.0,2221551588.0,0.008009412473747155,8.218,8.033000000000001,8.1025,7.653833333333334,56.54008405419361,28854447.85,7.578833333333334,7.9944999999999995,False,False,8.59,146083181.83,236986203.09449998
2022-02-14,8.18,8.3,8.11,8.13,16008043.0,140751558.0,2221551588.0,0.007205793953410548,8.209999999999999,8.034,8.0795,7.667833333333333,51.101321270740776,24820646.7,7.593666666666667,8.0205,False,False,8.59,130145389.59000002,201967666.22700003
2022-02-15,8.13,8.21,8.06,8.17,11424290.0,99872812.0,2221551588.0,0.005142482426115959,8.196000000000002,8.080000000000002,8.064499999999999,7.682,47.641509119348534,22229680.45,7.607833333333333,8.0445,False,False,8.47,93336449.3,179850817.7395
2022-02-16,8.18,8.56,8.15,8.37,26347394.0,237347187.0,2221551588.0,0.011859906446610953,8.236,8.125,8.074000000000002,7.700333333333334,53.777777443160495,21313730.05,7.621666666666667,8.068999999999999,False,False,8.3,220527687.77999997,172608643.7105
2022-02-17,8.39,8.44,8.25,8.27,14346862.0,128129390.0,2221551588.0,0.006458036841231345,8.23,8.176,8.081,7.716833333333333,56.2790694009735,20744066.8,7.638833333333334,8.0905,False,False,8.37,118648548.74,168077709.522
2022-02-18,8.18,8.43,8.13,8.41,16836085.0,150588000.0,2221551588.0,0.007578525338300629,8.27,8.244,8.1065,7.736666666666667,56.68202728407912,20336571.05,7.653833333333334,8.1025,False,False,8.37,141591474.85,165287813.2645
2022-02-21,8.38,8.42,8.3,8.37,13853181.0,124065528.0,2221551588.0,0.0062358133274193405,8.318000000000001,8.264000000000001,8.129999999999999,7.754666666666667,68.33333280185184,20012824.65,7.667833333333333,8.0795,False,False,8.41,115951124.96999998,163055766.458
2022-02-22,8.3,8.3,8.14,8.2,12507083.0,110224149.0,2221551588.0,0.005629886367509373,8.324,8.26,8.136,7.7705,57.95454499354337,18609509.65,7.682,8.064499999999999,False,False,8.41,102558080.6,151792023.75599998
2022-02-23,8.2,8.24,8.02,8.06,18415341.0,159606519.0,2221551588.0,0.008289405071425242,8.262,8.248999999999999,8.1255,7.7826666666666675,58.62068918351173,17482196.5,7.700333333333334,8.074000000000002,False,False,8.41,148427648.46,142275782.925
2022-02-24,8.03,8.05,7.7,7.78,23969753.0,202474638.0,2221551588.0,0.010789645007334396,8.164,8.197,8.1045,7.7908333333333335,51.256281046438225,17457665.55,7.716833333333333,8.081,True,False,8.41,186484678.34,141571264.322
2022-02-25,7.83,7.93,7.77,7.84,14284071.0,120314948.0,2221551588.0,0.006429772361424001,8.05,8.16,8.096499999999999,7.8005,39.75155244936538,17355672.3,7.736666666666667,8.1065,True,True,8.41,111987116.64,140641045.754
2022-02-28,7.84,7.97,7.8,7.87,12188065.0,102986151.0,2221551588.0,0.005486284930692323,7.95,8.134,8.084,7.812,38.21656016876952,17064831.35,7.754666666666667,8.129999999999999,True,True,8.41,95920071.55,138127066.42749998
2022-03-01,7.88,8.09,7.87,7.97,13501185.0,115674282.0,2221551588.0,0.006077367310724814,7.904000000000001,8.114,8.097,7.825666666666667,43.74999961718749,16720671.4,7.7705,8.136,True,True,8.41,107604444.45,135649108.618
2022-03-02,7.93,8.01,7.89,7.95,7400591.0,63167516.0,2221551588.0,0.003331271279035452,7.882,8.072,8.0985,7.8389999999999995,38.25503319760367,16297399.6,7.7826666666666675,8.1255,True,True,8.41,58834698.45,132307896.84849998
2022-03-03,8.0,8.24,7.96,8.13,17343155.0,151055622.0,2221551588.0,0.007806775720933652,7.952000000000001,8.058,8.117,7.853166666666667,47.468354009774075,16550652.35,7.7908333333333335,8.1045,True,True,8.41,140999850.15,134593986.556
2022-03-04,8.09,8.11,7.94,7.98,10549591.0,90671239.0,2221551588.0,0.004748749053132499,7.980000000000001,8.015,8.1295,7.863666666666666,45.45454506887051,16448223.95,7.8005,8.096499999999999,False,True,8.41,84185736.18,133934084.9115
2022-03-07,7.99,8.35,7.95,8.25,32190730.0,283893073.0,2221551588.0,0.014490201431235005,8.056000000000001,8.003,8.1335,7.877833333333333,52.12765918628338,16777227.4,7.812,8.084,True,False,8.41,265573522.5,136750806.01799998
2022-03-08,8.27,8.31,8.02,8.05,29728200.0,259940773.0,2221551588.0,0.013381728410260982,8.072,7.988000000000001,8.124,7.889666666666667,41.48936139316436,17423719.85,7.825666666666667,8.097,False,True,8.41,239312010.00000003,141795485.906
2022-03-09,8.04,8.12,7.55,7.84,24900776.0,209623043.0,2221551588.0,0.011208731831619297,8.05,7.965999999999999,8.1075,7.8965,39.19597962374689,17708041.55,7.8389999999999995,8.0985,True,False,8.41,195222083.84,143707531.39099997
2022-03-10,7.97,8.13,7.84,8.0,17813333.0,152911967.0,2221551588.0,0.008018419691994117,8.024000000000001,7.9879999999999995,8.092500000000001,7.906333333333333,39.80099474765476,17570052.6,7.853166666666667,8.117,True,True,8.41,142506664.0,142295023.111
2022-03-11,7.96,7.97,7.7,7.95,15956395.0,133733834.0,2221551588.0,0.00718254533731764,8.017999999999999,7.999,8.0795,7.9155,39.603960121556725,17478206.2,7.863666666666666,8.1295,True,True,8.41,126853340.25,141333531.032
2022-03-14,7.86,8.0,7.72,7.73,12892057.0,108717333.0,2221551588.0,0.005803176964081376,7.914,7.985000000000001,8.059500000000002,7.922833333333333,38.647342733786104,17322406.9,7.877833333333333,8.1335,True,True,8.41,99655600.61,139809041.583
2022-03-15,7.71,7.73,7.02,7.04,35950859.0,281828180.0,2221551588.0,0.016182770273800186,7.712000000000001,7.892,8.003,7.918166666666667,30.534350981877495,18548735.35,7.889666666666667,8.124,True,True,8.41,253094047.36,147796921.486
2022-03-16,7.15,7.17,6.77,7.1,25389137.0,190612236.0,2221551588.0,0.011428560622738957,7.564,7.807,7.9395,7.915,35.833333124305554,18500822.5,7.8965,8.1075,True,True,8.41,180262872.7,145783680.732
2022-03-17,7.16,7.29,7.12,7.15,21615284.0,166898200.0,2221551588.0,0.009729814115844875,7.394,7.7090000000000005,7.883500000000001,7.911833333333333,35.564853348155694,18864243.6,7.906333333333333,8.092500000000001,True,True,8.41,154549280.6,147578717.325
2022-03-18,7.11,7.38,7.09,7.37,17200769.0,134739188.0,2221551588.0,0.0077426826785892315,7.2780000000000005,7.648000000000001,7.831500000000001,7.911333333333333,40.310077300642995,18882477.8,7.9155,8.0795,True,True,8.41,126769667.53,146837626.95900002
2022-03-21,7.33,7.43,7.2,7.27,13299915.0,103997074.0,2221551588.0,0.0059867684693172205,7.186,7.55,7.7765,7.9075,36.434108329427325,18854814.5,7.922833333333333,8.059500000000002,True,True,8.37,96690382.05,145874589.813
2022-03-22,7.35,7.43,7.29,7.32,12789532.0,100909612.0,2221551588.0,0.005757026786631614,7.242,7.476999999999999,7.7325,7.904166666666667,37.931034279297144,18868936.95,7.918166666666667,8.003,True,True,8.25,93619374.24000001,145427654.495
2022-03-23,7.33,7.39,7.25,7.32,11452499.0,89898194.0,2221551588.0,0.005155180308151368,7.286,7.425000000000002,7.6955,7.899,33.333333141289444,18520794.85,7.915,7.9395,True,True,8.25,83832292.68,142197886.706
2022-03-24,7.3,7.35,7.2,7.22,8255658.0,64373157.0,2221551588.0,0.0037161675851211428,7.3,7.3469999999999995,7.6674999999999995,7.8925,34.03361324518043,17735090.1,7.911833333333333,7.883500000000001,True,True,8.25,59605850.76,135853945.327
2022-03-25,7.22,7.27,7.15,7.19,7687069.0,59430447.0,2221551588.0,0.003460225295474885,7.264,7.271000000000001,7.635000000000001,7.887166666666667,25.233644694733186,17405240.0,7.911333333333333,7.831500000000001,True,True,8.25,55270026.11,133018090.80049999
2022-03-28,7.14,7.26,7.05,7.22,8730702.0,67102382.0,2221551588.0,0.0039300019172005835,7.2540000000000004,7.220000000000001,7.602500000000001,7.881333333333333,28.93400994666186,17232371.85,7.9075,7.7765,True,True,8.25,63035668.44,131373870.64500001
2022-03-29,7.25,7.29,7.19,7.24,10842961.0,84328866.0,2221551588.0,0.004880805405811715,7.2379999999999995,7.239999999999999,7.566000000000001,7.874666666666666,33.14606715503096,17099460.65,7.904166666666667,7.7325,True,True,8.25,78503037.64,129918800.30450001
2022-03-30,7.28,7.39,7.27,7.39,11934795.0,94104499.0,2221551588.0,0.005372279025374584,7.252,7.269,7.537999999999999,7.8715,32.76836132273611,17326170.85,7.899,7.6955,True,True,8.25,88198135.05,131386972.1345
2022-03-31,7.36,7.49,7.32,7.37,11314556.0,89813396.0,2221551588.0,0.005093087219363731,7.282000000000001,7.2909999999999995,7.5,7.868166666666666,33.3333330651341,17024740.9,7.8925,7.6674999999999995,True,True,8.25,83388277.72,128506393.51300001
2022-04-01,7.34,7.46,7.28,7.4,15506000.0,122467466.0,2221551588.0,0.0069798064036674535,7.324000000000001,7.294,7.471000000000001,7.865,39.35483835421437,17272561.35,7.887166666666667,7.635000000000001,True,True,8.25,114744400.0,130034326.70400003
2022-04-06,7.36,7.68,7.34,7.65,20574364.0,166563384.0,2221551588.0,0.009261258712665105,7.410000000000001,7.331999999999999,7.441000000000001,7.864999999999999,77.47747650028408,16691743.05,7.881333333333333,7.602500000000001,True,True,8.25,157393884.6,124625344.80900002
2022-04-07,7.63,7.7,7.51,7.51,16162717.0,131791568.0,2221551588.0,0.007275418265011274,7.464,7.351000000000001,7.414,7.860833333333333,67.22688996539793,16013468.9,7.874666666666666,7.566000000000001,False,True,8.05,121382004.67,118728844.54250002
2022-04-08,7.64,7.8,7.58,7.79,22813237.0,189151071.0,2221551588.0,0.010269055701082374,7.544,7.397999999999999,7.411499999999999,7.862666666666667,72.53521055246974,15909091.95,7.8715,7.537999999999999,False,False,8.0,177715116.23,117853496.16200002
2022-04-11,7.83,7.94,7.66,7.7,23904697.0,200475343.0,2221551588.0,0.010760360969839428,7.610000000000001,7.446,7.3965000000000005,7.859833333333333,62.790696992969174,16213660.15,7.868166666666666,7.5,False,False,8.0,184066166.9,119931471.307
2022-04-12,7.71,7.84,7.53,7.77,16372126.0,135028743.0,2221551588.0,0.0073696807620566495,7.684,7.504,7.3875,7.8565000000000005,69.84126906525574,16234446.7,7.865,7.471000000000001,False,False,7.95,127211419.02,119949375.2455
2022-04-13,7.71,7.73,7.56,7.58,10930116.0,89722188.0,2221551588.0,0.004920036995332651,7.67,7.540000000000001,7.38,7.839666666666667,59.28571369285715,16136349.65,7.864999999999999,7.441000000000001,False,False,7.79,82850279.28,119109109.17899999
2022-04-14,7.58,7.67,7.54,7.6,11454167.0,93328829.0,2221551588.0,0.00515593113473987,7.688,7.5760000000000005,7.4079999999999995,7.825166666666666,59.85915433941678,14911515.05,7.860833333333333,7.414,False,False,7.79,87051669.2,110806990.271
2022-04-15,7.56,7.66,7.48,7.51,11090371.0,89982641.0,2221551588.0,0.004992173515081118,7.632,7.587999999999999,7.4285,7.814000000000001,60.28368734470099,14196576.75,7.862666666666667,7.411499999999999,False,False,7.79,83288686.21,105958280.9465
2022-04-18,7.48,7.49,7.33,7.44,8480471.0,67571418.0,2221551588.0,0.0038173639747140545,7.58,7.595000000000001,7.443,7.8025,58.620689089179564,13539836.1,7.859833333333333,7.3965000000000005,False,False,7.79,63094704.24,101385552.12850001
2022-04-19,7.43,7.56,7.41,7.54,6847250.0,55057105.0,2221551588.0,0.003082192660745,7.534000000000001,7.609,7.4515,7.796499999999999,60.52631523199449,13022160.15,7.8565000000000005,7.3875,True,False,7.79,51628265.0,97628482.002
2022-04-20,7.54,7.58,7.33,7.36,10219361.0,81708311.0,2221551588.0,0.004600100693227746,7.49,7.58,7.456,7.7875,53.57142812500002,12868132.45,7.839666666666667,7.38,False,True,7.79,75214496.96000001,96554687.74749999
2022-04-21,7.34,7.41,7.0,7.04,14173142.0,109204035.0,2221551588.0,0.006379839242337685,7.378,7.5329999999999995,7.441999999999998,7.770166666666667,40.540540233747265,12937312.95,7.825166666666666,7.4079999999999995,True,False,7.79,99778919.68,96862665.01949999
2022-04-22,7.0,7.15,6.92,7.13,10304965.0,77903829.0,2221551588.0,0.004638634122053978,7.302,7.4670000000000005,7.4325,7.751166666666666,43.74999968098957,12879936.25,7.814000000000001,7.4285,True,True,7.79,73474400.45,96344770.408
2022-04-25,7.03,7.25,6.87,6.87,16297853.0,124073860.0,2221551588.0,0.007336247822483607,7.188,7.384,7.414999999999999,7.729,37.67441835932935,13282046.0,7.8025,7.443,True,True,7.79,111966250.11,98962790.37550001
2022-04-26,6.88,7.15,6.88,6.94,13819372.0,103910370.0,2221551588.0,0.006220594684655146,7.0680000000000005,7.301,7.402500000000001,7.711333333333333,31.9796952042052,13588661.15,7.796499999999999,7.4515,True,True,7.79,95906441.68,100994611.154
2022-04-27,7.13,7.22,6.97,7.15,15665105.0,119493338.0,2221551588.0,0.0070514252671948306,7.026000000000001,7.258000000000001,7.398999999999999,7.695166666666666,41.17647030565168,13935381.3,7.7875,7.456,True,True,7.79,112005500.75,103443102.76949999
2022-04-28,7.14,7.39,7.08,7.31,15458238.0,120708090.0,2221551588.0,0.006958307015465985,7.080000000000001,7.228999999999999,7.402499999999999,7.6885,37.499999726562464,14166145.15,7.770166666666667,7.441999999999998,True,True,7.79,112999719.78,105167936.8765
2022-04-29,7.31,7.44,7.24,7.41,14782648.0,116565563.0,2221551588.0,0.006654199740330316,7.136,7.219000000000001,7.403499999999999,7.680000000000001,42.48704632392814,14308537.8,7.751166666666666,7.4325,True,True,7.79,109539421.68,106235001.208
2022-05-05,7.4,7.55,7.35,7.45,12504186.0,100149481.0,2221551588.0,0.005628582323968072,7.252000000000001,7.220000000000001,7.407500000000001,7.674833333333334,41.57894706204988,14368019.3,7.729,7.414999999999999,False,True,7.79,93156185.7,106723396.60700001
2022-05-06,7.35,7.51,7.29,7.29,11955658.0,94842657.0,2221551588.0,0.005381670209496841,7.322,7.195,7.401999999999999,7.6675,42.245988988532694,14190502.2,7.711333333333333,7.402500000000001,False,False,7.79,87156746.82000001,105344013.948
2022-05-09,7.29,7.53,7.29,7.48,13284586.0,106542754.0,2221551588.0,0.005979868336958016,7.388,7.207000000000001,7.393499999999999,7.656000000000001,47.058823206459074,13826013.3,7.695166666666666,7.398999999999999,True,False,7.79,99368703.28,102442754.882
2022-05-10,7.42,7.71,7.39,7.68,17134694.0,139593099.0,2221551588.0,0.007712939952668792,7.462000000000001,7.270999999999999,7.401999999999999,7.6466666666666665,53.95348802076799,13874612.15,7.6885,7.402499999999999,False,True,7.79,131594449.92,102953377.1445
2022-05-11,7.67,7.76,7.54,7.55,14459265.0,118389891.0,2221551588.0,0.006508633460552346,7.49,7.313000000000001,7.390000000000001,7.636333333333334,52.4886874502979,13456913.55,7.680000000000001,7.403499999999999,False,False,7.79,109167450.75,99525993.8705
2022-05-12,7.52,7.62,7.45,7.56,10502548.0,85010581.0,2221551588.0,0.004727573312603173,7.5120000000000005,7.382,7.383,7.624,50.47169777990387,12786806.1,7.674833333333334,7.407500000000001,False,False,7.77,79399262.88,94292648.66950001
2022-05-13,7.55,7.7,7.52,7.67,13356056.0,109244386.0,2221551588.0,0.006012039545759133,7.587999999999999,7.455,7.378,7.615,57.56097521665674,12636002.6,7.6675,7.401999999999999,False,False,7.77,102440949.52,93054125.1945
2022-05-16,7.71,7.79,7.53,7.62,11646795.0,95030381.0,2221551588.0,0.005242639902179935,7.616,7.502,7.38,7.6065,66.29213431006187,12671836.55,7.656000000000001,7.393499999999999,False,False,7.68,88748577.9,93349040.1255
2022-05-17,7.59,7.6,7.44,7.56,10221000.0,82449577.0,2221551588.0,0.00460083846587676,7.591999999999999,7.527000000000001,7.378,7.596333333333333,62.28571378742857,12610178.2,7.6466666666666665,7.401999999999999,False,False,7.68,77270760.0,92859994.6655
2022-05-18,7.57,7.57,7.44,7.48,11069700.0,89022579.0,2221551588.0,0.004982868757040991,7.578,7.534000000000001,7.3765,7.5815,69.42675097326466,12609144.65,7.636333333333334,7.390000000000001,False,False,7.68,82801356.0,92835628.155
2022-05-19,7.42,7.62,7.4,7.62,13459020.0,108534801.0,2221551588.0,0.0060583873328445975,7.589999999999999,7.550999999999999,7.3855,7.570666666666667,70.73170671326592,12858072.1,7.624,7.383,False,False,7.68,102557732.4,94808779.563
2022-05-20,7.62,7.66,7.58,7.62,9638653.0,78789071.0,2221551588.0,0.0043387032072828915,7.58,7.5840000000000005,7.3895,7.5575,66.4335657831679,12997642.25,7.615,7.378,False,False,7.68,73446535.86,95899693.10599999
2022-05-23,7.65,7.65,7.52,7.54,8756394.0,71000455.0,2221551588.0,0.0039415668073155725,7.564,7.589999999999999,7.3985,7.543666666666667,58.51851791165983,12924493.9,7.6065,7.38,False,False,7.68,66023210.76,95440128.79599999
2022-05-24,7.56,7.59,7.24,7.25,13213932.0,104928455.0,2221551588.0,0.005948064439005951,7.502,7.547,7.409000000000001,7.527833333333334,44.80519439787486,12876533.4,7.596333333333333,7.378,False,False,7.68,95801007.0,95241233.162
2022-05-25,7.24,7.4,7.22,7.38,7644147.0,60107732.0,2221551588.0,0.003440904564760438,7.481999999999999,7.529999999999999,7.421499999999999,7.5165,47.85276032519101,12743492.5,7.5815,7.3765,True,False,7.68,56413804.86,94388203.38250001
2022-05-26,7.47,8.06,7.47,7.76,32052982.0,267261960.0,2221551588.0,0.014428196118937031,7.51,7.55,7.466000000000001,7.516166666666667,62.70270222819577,13531248.95,7.570666666666667,7.3855,True,True,7.68,248731140.32,101226447.89299999
2022-05-27,7.76,7.86,7.69,7.81,18747527.0,156510129.0,2221551588.0,0.008438933897041692,7.548,7.564,7.5095,7.515666666666666,59.649122318662144,13777656.7,7.5575,7.3895,False,True,7.76,146418185.87,103752035.1025
2022-05-30,7.84,7.85,7.7,7.77,12372782.0,102902650.0,2221551588.0,0.005569432673467135,7.593999999999999,7.578999999999999,7.5405,7.513999999999999,52.90322532861603,13613040.55,7.543666666666667,7.3985,False,False,7.81,96136516.14,102958585.87200001
2022-05-31,7.75,7.91,7.73,7.86,17256558.0,144980865.0,2221551588.0,0.0077677953072139054,7.715999999999999,7.609,7.5680000000000005,7.512166666666667,60.26490010350426,13702956.55,7.527833333333334,7.409000000000001,False,False,7.81,135636545.88,104090427.177
2022-06-01,7.83,7.92,7.79,7.85,12656199.0,106605144.0,2221551588.0,0.0056970088240867805,7.81,7.646000000000001,7.590000000000001,7.5104999999999995,59.602648454015174,13596634.1,7.5165,7.421499999999999,False,False,7.86,99351162.14999999,103581014.2005
2022-06-02,7.84,7.92,7.77,7.82,16225701.0,136215230.0,2221551588.0,0.007303769621036593,7.822,7.6659999999999995,7.608499999999999,7.5053333333333345,55.24475470389752,13782709.85,7.516166666666667,7.466000000000001,False,False,7.86,126884981.82000001,105267454.00649999
2022-06-06,7.82,7.85,7.7,7.84,17435653.0,145417626.0,2221551588.0,0.007848412386271356,7.828,7.688,7.636,7.503,57.85714227857143,14056709.6,7.515666666666666,7.5095,False,False,7.86,136695519.52,107744392.6415
2022-06-07,7.83,7.83,7.67,7.73,14275490.0,118606573.0,2221551588.0,0.006425909745742983,7.82,7.707000000000001,7.6485,7.4943333333333335,55.862068426159375,14106254.8,7.513999999999999,7.5405,False,False,7.86,110349537.7,108293434.3625
2022-06-08,7.77,7.79,7.55,7.7,12925330.0,106365535.0,2221551588.0,0.005818154334032958,7.787999999999999,7.752000000000001,7.649500000000001,7.4885,57.85714227857143,13895786.6,7.512166666666667,7.5680000000000005,False,False,7.86,99525041.0,106689963.9165
2022-06-09,7.72,7.86,7.61,7.72,15739459.0,131071437.0,2221551588.0,0.007084894667771271,7.7620000000000005,7.786,7.6579999999999995,7.4865,53.906249410400385,13959796.3,7.5104999999999995,7.590000000000001,False,False,7.86,121508623.47999999,107307022.553
2022-06-10,7.67,7.75,7.6,7.72,13960342.0,115395640.0,2221551588.0,0.006284050334643861,7.742,7.782000000000001,7.6659999999999995,7.481833333333333,53.906249410400385,14132686.0,7.5053333333333345,7.608499999999999,False,False,7.86,107773840.24,108725751.421
2022-06-13,7.66,7.7,7.43,7.52,18088006.0,146398220.0,2221551588.0,0.008142059854790102,7.678,7.753,7.658500000000001,7.474666666666666,49.28571379285714,14369283.5,7.503,7.636,False,False,7.86,136021805.12,110404794.201
2022-06-14,7.46,7.56,7.37,7.55,12133730.0,97317011.0,2221551588.0,0.005461826799585443,7.641999999999999,7.731,7.654999999999999,7.471666666666667,63.15789396121884,14393630.25,7.4943333333333335,7.6485,True,False,7.86,91609661.5,110547848.381
2022-06-15,7.55,7.81,7.53,7.69,20867036.0,172173227.0,2221551588.0,0.009393000870524911,7.639999999999999,7.713999999999999,7.661499999999999,7.4825,63.47826009678642,14925932.05,7.4885,7.649500000000001,True,True,7.86,160467506.84,114707685.723
2022-06-16,7.69,7.8,7.6,7.62,13387953.0,110342750.0,2221551588.0,0.006026397528788785,7.62,7.691,7.6685,7.491166666666667,41.66666597222226,15041844.7,7.4865,7.6579999999999995,False,True,7.86,102016201.86,115668428.016
2022-06-17,7.6,7.64,7.48,7.56,10742387.0,87030034.0,2221551588.0,0.004835533443394428,7.587999999999999,7.665000000000001,7.6655,7.498,35.29411706574399,14906013.05,7.481833333333333,7.6659999999999995,True,False,7.86,81212445.72,114601163.682
2022-06-20,7.56,7.59,7.52,7.56,8294468.0,67309012.0,2221551588.0,0.0037336373572433106,7.596000000000001,7.6370000000000005,7.6625,7.501166666666666,37.037036396890755,14838803.8,7.474666666666666,7.658500000000001,True,True,7.86,62706178.08,114064145.79299998
2022-06-21,7.55,7.7,7.46,7.52,13920099.0,113057490.0,2221551588.0,0.00626593551785663,7.590000000000001,7.616,7.661500000000001,7.505333333333334,27.631578438365636,15096989.05,7.471666666666667,7.654999999999999,True,True,7.86,104679144.47999999,115996942.479
2022-06-22,7.54,7.55,7.39,7.4,11265100.0,90027516.0,2221551588.0,0.005070825301041805,7.531999999999999,7.586,7.669,7.506666666666667,24.13793064605632,14999547.45,7.4825,7.661499999999999,True,True,7.86,83361740.0,115374979.129
2022-06-23,7.41,7.5,7.35,7.48,10960923.0,87421953.0,2221551588.0,0.004933904330291879,7.5040000000000004,7.561999999999999,7.674000000000001,7.509333333333333,31.521738650756163,15165386.25,7.491166666666667,7.6685,True,True,7.86,81987704.04,116653674.08799998
2022-06-24,7.45,7.5,7.43,7.48,8722598.0,69881271.0,2221551588.0,0.003926354016317356,7.4879999999999995,7.537999999999999,7.659999999999999,7.5136666666666665,29.99999953333338,13998867.05,7.498,7.6655,True,True,7.86,65245033.04000001,107479368.724
2022-06-27,7.54,7.54,7.43,7.45,8609365.0,69125636.0,2221551588.0,0.003875383784245482,7.465999999999999,7.531000000000001,7.641999999999999,7.518,32.926828706127324,13491958.95,7.501166666666666,7.6625,True,True,7.86,64139769.25,103365447.893
2022-06-28,7.49,7.51,7.44,7.5,8458453.0,67807658.0,2221551588.0,0.003807452883691486,7.462000000000001,7.526000000000001,7.6285,7.522666666666667,38.09523746031747,13296242.5,7.505333333333334,7.661500000000001,True,True,7.86,63438397.5,101730541.961
2022-06-29,7.48,7.64,7.46,7.5,15016405.0,121828777.0,2221551588.0,0.006759422144915772,7.482000000000001,7.507000000000001,7.610499999999999,7.527,36.58536522903039,13184234.85,7.506666666666667,7.669,True,True,7.86,112623037.5,100579866.54200001
2022-06-30,7.53,7.54,7.45,7.5,11381295.0,91597496.0,2221551588.0,0.005123128835484868,7.486,7.495,7.592999999999999,7.528833333333333,36.58536522903039,13120489.65,7.509333333333333,7.674000000000001,True,True,7.85,85359712.5,99880294.05950001
2022-07-01,7.51,7.9,7.51,7.71,27980696.0,232012444.0,2221551588.0,0.012595114221583405,7.532000000000001,7.51,7.5875,7.5345,61.44578209609525,13708239.4,7.5136666666666665,7.659999999999999,True,True,7.84,215731166.16,104322603.27650002
2022-07-04,7.7,7.72,7.62,7.68,11371722.0,93591583.0,2221551588.0,0.00511881968504618,7.578,7.522,7.5795,7.539166666666666,57.83132432573668,13405042.85,7.518,7.641999999999999,False,True,7.84,87334824.96,101854568.5485
2022-07-05,7.68,7.71,7.6,7.67,12026448.0,98887585.0,2221551588.0,0.005413535325923748,7.612,7.537000000000001,7.5765,7.5395,48.571427599999986,13292590.75,7.522666666666667,7.6285,False,False,7.73,92242856.16,100949234.47150001
2022-07-06,7.66,7.73,7.61,7.73,19259534.0,158887122.0,2221551588.0,0.008669406600338646,7.6579999999999995,7.5699999999999985,7.578,7.543166666666667,57.97101331653019,13609300.95,7.527,7.610499999999999,False,False,7.72,148876197.82000002,103416792.3125
2022-07-07,7.73,7.87,7.69,7.84,19145509.0,160219128.0,2221551588.0,0.008618079860677986,7.725999999999999,7.606,7.5840000000000005,7.544,68.91891761504753,13779603.45,7.528833333333333,7.592999999999999,False,False,7.73,150100790.56,104846400.6665
2022-07-08,7.88,8.63,7.85,8.22,54073746.0,481364941.0,2221551588.0,0.02434053131697971,7.828,7.68,7.609,7.552666666666667,79.46428472098219,15785273.65,7.5345,7.5875,False,False,7.84,444486192.12000006,121682018.2605
2022-07-11,8.26,8.43,8.14,8.33,32550216.0,290444617.0,2221551588.0,0.014652018965404282,7.958,7.768000000000001,7.649499999999999,7.561999999999999,84.03361245674745,16508384.15,7.539166666666666,7.5795,False,False,8.22,271143299.28000003,128438092.96850002
2022-07-12,8.27,8.71,8.27,8.48,34442894.0,315183508.0,2221551588.0,0.015503981175160539,8.120000000000001,7.866,7.696000000000001,7.577,94.26229400026874,17623842.35,7.5395,7.5765,False,False,8.33,292075741.12,138461396.94950002
2022-07-13,8.47,8.62,8.46,8.57,26677217.0,244521636.0,2221551588.0,0.012008371601227025,8.288,7.973000000000001,7.74,7.593166666666667,94.30894201599575,17914351.4,7.543166666666667,7.578,False,False,8.48,228623749.69,141869209.092
2022-07-14,8.65,8.65,8.34,8.38,20379602.0,184599920.0,2221551588.0,0.009173589355333035,8.395999999999999,8.061,7.7780000000000005,7.607666666666666,81.69014003967469,18263933.85,7.544,7.5840000000000005,False,False,8.57,170781064.76000002,145307452.237
2022-07-15,8.38,8.42,8.18,8.21,18611101.0,162415612.0,2221551588.0,0.008377523664330049,8.394,8.111,7.8105,7.620499999999999,74.35897369165026,18657369.55,7.552666666666667,7.609,False,False,8.57,152797139.21,148886686.9115
2022-07-18,8.21,8.29,8.19,8.25,15090820.0,131108810.0,2221551588.0,0.006792919003778723,8.378,8.168000000000001,7.845000000000001,7.632333333333333,74.19354771696152,18997187.15,7.561999999999999,7.649499999999999,False,False,8.57,124499265.0,151976341.2575
2022-07-19,8.31,8.37,8.15,8.31,14427710.0,125823180.0,2221551588.0,0.006494429423981488,8.344,8.232,7.8845,7.648166666666667,75.15527884958145,19022567.7,7.577,7.696000000000001,False,False,8.57,119894270.10000001,152737097.5385
2022-07-20,8.37,8.46,8.27,8.43,12035510.0,106121889.0,2221551588.0,0.005417614456945935,8.316,8.302000000000001,7.936000000000002,7.671333333333333,76.87861209462396,19061088.2,7.593166666666667,7.74,False,False,8.57,101459349.3,153641978.0035
2022-07-21,8.35,8.47,8.2,8.28,15578858.0,136798778.0,2221551588.0,0.007012602401020633,8.296000000000001,8.346,7.975999999999999,7.6905,67.06586770124422,19291984.95,7.607666666666666,7.7780000000000005,False,False,8.57,128992944.24,155992240.01350003
2022-07-22,8.37,8.44,8.19,8.3,17493300.0,153324599.0,2221551588.0,0.007874361367294974,8.314,8.354000000000001,8.017,7.714333333333333,68.67469821599656,19730520.05,7.620499999999999,7.8105,False,False,8.57,145194390.0,159989707.86150002
2022-07-25,8.29,8.42,8.12,8.14,13870823.0,120102269.0,2221551588.0,0.0062437546239867015,8.292,8.335,8.0515,7.734333333333334,62.98342492720005,19993592.95,7.632333333333333,7.845000000000001,False,False,8.57,112908499.22000001,162428144.36
2022-07-26,8.19,8.24,8.12,8.2,7954200.0,68742019.0,2221551588.0,0.0035804705337322104,8.27,8.307,8.086500000000001,7.751833333333334,62.983424927200005,19968380.3,7.648166666666667,7.8845,False,False,8.57,65224439.99999999,162517446.485
2022-07-27,8.2,8.26,8.07,8.09,10574174.0,90683589.0,2221551588.0,0.0047598147425960205,8.202,8.259,8.116000000000001,7.764833333333333,56.906076907908805,19746268.75,7.671333333333333,7.936000000000002,False,False,8.57,85545067.66,161163547.993
2022-07-28,8.12,8.21,8.09,8.17,10301452.0,88725526.0,2221551588.0,0.00463705279483251,8.18,8.238,8.1495,7.7775,48.344370412701174,19692276.6,7.6905,7.975999999999999,True,False,8.57,84162862.84,161103705.51000002
2022-07-29,8.2,8.26,8.09,8.11,10934349.0,94193950.0,2221551588.0,0.004921942420362106,8.142,8.228,8.169500000000001,7.7885,42.465753017451654,18839959.25,7.714333333333333,8.017,False,True,8.57,88677570.39,154751025.72149998
2022-08-01,8.1,8.15,8.02,8.12,9769196.0,83331696.0,2221551588.0,0.004397465290821777,8.138,8.215,8.191500000000001,7.802333333333333,36.36363597796137,18759832.95,7.734333333333334,8.0515,True,False,8.57,79325871.52,154350578.0495
2022-08-02,8.05,8.06,7.7,7.88,20385640.0,169133208.0,2221551588.0,0.009176307275561678,8.074,8.172,8.202000000000002,7.809,26.53061199222543,19177792.55,7.751833333333334,8.086500000000001,True,True,8.57,160638843.2,157770377.40150002
2022-08-03,7.88,7.98,7.65,7.65,15188202.0,125032147.0,2221551588.0,0.006836754132580602,7.986,8.094,8.198,7.8084999999999996,25.82781433007321,18974225.95,7.764833333333333,8.116000000000001,True,True,8.57,116189745.30000001,156136054.7755
2022-08-04,7.71,7.76,7.62,7.71,8400588.0,68283962.0,2221551588.0,0.003781405773053783,7.894,8.037,8.1915,7.811166666666667,32.14285682142851,18436979.9,7.7775,8.1495,True,True,8.57,64768533.48,151869441.9215
2022-08-05,7.71,7.8,7.62,7.78,11609620.0,94566195.0,2221551588.0,0.005225906102163404,7.828,7.984999999999999,8.1695,7.8148333333333335,33.56643323781114,16313773.6,7.7885,8.169500000000001,True,True,8.57,90322843.60000001,134161274.49550001
2022-08-08,7.76,7.8,7.7,7.75,7964025.0,65061346.0,2221551588.0,0.003584893118403695,7.7540000000000004,7.946,8.1405,7.816166666666666,29.99999969999996,15084464.05,7.802333333333333,8.191500000000001,True,True,8.57,61721193.75,123690169.21900001
2022-08-09,7.77,7.79,7.71,7.73,7882200.0,64392261.0,2221551588.0,0.0035480607529335484,7.723999999999999,7.898999999999999,8.103,7.8180000000000005,23.076922828402374,13756429.35,7.809,8.202000000000002,True,True,8.57,60929406.0,112132852.46300001
2022-08-10,7.72,7.72,7.63,7.69,8651700.0,70075470.0,2221551588.0,0.003894440285219251,7.732000000000001,7.858999999999999,8.059000000000001,7.820166666666667,25.21008373702425,12855153.5,7.8084999999999996,8.198,True,True,8.57,66531573.0,104028243.6285
2022-08-11,7.74,7.84,7.73,7.81,11478055.0,94483783.0,2221551588.0,0.005166683979791515,7.752,7.822999999999999,8.0305,7.825666666666667,31.00775160146617,12410076.15,7.811166666666667,8.1915,True,True,8.43,89643609.55,99971370.868
2022-08-12,7.85,7.88,7.79,7.87,10809552.0,89593821.0,2221551588.0,0.004865766817385291,7.7700000000000005,7.799000000000001,8.013499999999999,7.829833333333334,38.65546173010377,12019998.7,7.8148333333333335,8.1695,True,True,8.43,85071174.24,96585072.6195
2022-08-15,7.85,7.88,7.75,7.76,10114336.0,83261223.0,2221551588.0,0.0045528251761669195,7.772,7.763,7.989,7.832166666666667,32.25806415192508,11771174.5,7.816166666666666,8.1405,True,True,8.43,78487247.36,94284471.7375
2022-08-16,7.76,7.84,7.76,7.79,6320152.0,52034860.0,2221551588.0,0.0028449269574198155,7.784000000000001,7.7540000000000004,7.962999999999999,7.836333333333333,37.06896506985732,11365796.6,7.8180000000000005,8.103,True,True,8.43,49233984.08,90751457.4365
2022-08-17,7.81,7.83,7.75,7.82,5803225.0,47744694.0,2221551588.0,0.002612239585768287,7.8100000000000005,7.771000000000001,7.932499999999999,7.845833333333333,34.234233802451115,11054182.35,7.820166666666667,8.059000000000001,True,True,8.43,45381219.5,87947550.9465
2022-08-18,7.78,7.9,7.77,7.79,10979501.0,90880225.0,2221551588.0,0.004942266954009623,7.806,7.778999999999999,7.908000000000001,7.852666666666666,35.18518472908096,10824214.5,7.825666666666667,8.0305,True,True,8.3,85530312.79,85774419.374
2022-08-19,7.79,7.87,7.76,7.76,7747955.0,63877228.0,2221551588.0,0.003487632266498598,7.784000000000001,7.777000000000001,7.881,7.852666666666666,33.636363208264484,10336947.25,7.829833333333334,8.013499999999999,True,True,8.3,60124130.8,81520906.414
2022-08-22,7.74,7.86,7.71,7.86,6796430.0,56077426.0,2221551588.0,0.0030593167571312777,7.804,7.788000000000001,7.866999999999999,7.8534999999999995,48.95833261935767,9983227.6,7.832166666666667,7.989,True,True,8.2,53419939.800000004,78546478.443
2022-08-23,7.84,7.84,7.71,7.72,9558110.0,78265864.0,2221551588.0,0.0043024479159652984,7.790000000000001,7.787000000000001,7.842999999999999,7.852666666666667,54.022987636411656,10063423.1,7.836333333333333,7.962999999999999,True,True,8.2,73788609.2,78974686.903
2022-08-24,7.72,7.76,7.5,7.53,15568000.0,125170274.0,2221551588.0,0.007007714826021857,7.732000000000001,7.771000000000001,7.8149999999999995,7.847166666666666,40.99999942600003,10313114.4,7.845833333333333,7.932499999999999,True,True,8.17,117227040.0,80558785.52
2022-08-25,7.54,7.62,7.52,7.61,6786214.0,54286289.0,2221551588.0,0.003054718169344623,7.696000000000001,7.751,7.787000000000001,7.843166666666667,41.584157839427526,10137352.5,7.852666666666666,7.908000000000001,True,True,8.17,51643088.54,78932796.805
2022-08-26,7.61,7.65,7.58,7.63,6789135.0,54596423.0,2221551588.0,0.003056033016146191,7.67,7.726999999999999,7.763,7.84,43.99999938400001,9930091.8,7.852666666666666,7.881,True,True,8.12,51801100.05,77088973.288
2022-08-29,7.58,7.83,7.56,7.8,11969794.0,97587563.0,2221551588.0,0.005388033329793645,7.6579999999999995,7.730999999999999,7.747,7.839333333333333,53.04347761512285,10040121.7,7.8534999999999995,7.866999999999999,True,True,8.12,93364393.2,77790899.37200001
2022-08-30,7.7,7.82,7.68,7.75,7856992.0,64184567.0,2221551588.0,0.003536713728567261,7.664,7.726999999999999,7.7405,7.839666666666667,52.586206261890595,9413689.3,7.852666666666667,7.842999999999999,False,True,7.88,60891688.0,72803541.61200002
2022-08-31,7.7,7.81,7.66,7.68,9798767.0,79804176.0,2221551588.0,0.004410776257877294,7.694,7.712999999999999,7.741999999999999,7.839333333333333,44.144143587371175,9144217.55,7.847166666666666,7.8149999999999995,False,False,7.87,75254530.56,70756780.875
2022-09-01,7.67,7.78,7.66,7.66,8983808.0,73259941.0,2221551588.0,0.004043934000239836,7.704000000000001,7.7,7.739500000000001,7.838333333333334,40.186915362040374,9173378.55,7.843166666666667,7.787000000000001,True,False,7.87,68815969.28,70959152.66499999
2022-09-02,7.7,7.73,7.59,7.65,7388493.0,59642084.0,2221551588.0,0.003325825535589588,7.708,7.689,7.733,7.837166666666667,44.32989626740359,8962322.2,7.84,7.763,True,True,7.87,56521971.45,69269109.0575
2022-09-05,7.64,7.75,7.61,7.74,7365638.0,59806804.0,2221551588.0,0.003315537680865235,7.696000000000001,7.677,7.7325,7.840833333333334,47.572814887359804,8932402.85,7.839333333333333,7.747,True,True,7.87,57010038.120000005,69033551.276
2022-09-06,7.76,7.81,7.73,7.81,10035995.0,82547334.0,2221551588.0,0.004517561083978753,7.708,7.686,7.7364999999999995,7.845166666666667,49.53270963228228,9040092.6,7.839666666666667,7.7405,False,True,7.87,78381120.95,69906137.0235
2022-09-07,7.79,7.87,7.75,7.83,7875197.0,65017977.0,2221551588.0,0.003544908451615034,7.738000000000001,7.715999999999999,7.7435,7.8475,51.886791767532934,9001267.45,7.839333333333333,7.741999999999999,False,False,7.87,61662792.51,69662697.999
2022-09-08,7.85,7.89,7.78,7.86,10183378.0,84392569.0,2221551588.0,0.00458390345513777,7.7780000000000005,7.741,7.7459999999999996,7.851500000000001,54.716980409398396,8936533.6,7.838333333333334,7.739500000000001,False,False,7.87,80041351.08,69182585.0755
2022-09-09,7.86,7.98,7.83,7.92,10900500.0,91084882.0,2221551588.0,0.004906705772164135,7.831999999999999,7.7700000000000005,7.748500000000002,7.8575,52.94117574394464,8941081.0,7.837166666666667,7.733,False,False,7.87,86331960.0,69245624.3635
2022-09-13,7.94,7.98,7.79,7.82,9201000.0,76467484.0,2221551588.0,0.0041416999045623785,7.847999999999999,7.772,7.7515,7.861833333333333,55.10204002915457,8895414.2,7.840833333333334,7.7325,False,False,7.92,71951820.0,68918852.9955
2022-09-14,7.72,7.81,7.69,7.76,7454424.0,60993814.0,2221551588.0,0.00335550344194843,7.837999999999999,7.773000000000001,7.75,7.865833333333334,63.529410718339115,8952127.8,7.845166666666667,7.7364999999999995,False,False,7.92,57846330.24,69349470.3035
2022-09-15,7.74,7.84,7.59,7.69,8056300.0,65525274.0,2221551588.0,0.0036264294034480914,7.8100000000000005,7.773999999999999,7.7435,7.870666666666667,54.761903849206384,9064781.55,7.8475,7.7435,False,False,7.92,61952947.0,70178056.6785
2022-09-16,7.67,7.72,7.35,7.37,17201948.0,136210830.0,2221551588.0,0.007743213388749809,7.712000000000001,7.745,7.722499999999999,7.868833333333333,38.59649075407818,9375903.9,7.851500000000001,7.7459999999999996,True,False,7.92,126778356.76,72240458.877
2022-09-19,7.36,7.37,7.25,7.31,10061728.0,77536437.0,2221551588.0,0.004529144429663364,7.590000000000001,7.711,7.7,7.866,26.213591876708435,9491592.55,7.8575,7.748500000000002,True,True,7.92,73551231.67999999,72911813.921
2022-09-20,7.33,7.39,7.22,7.24,7504987.0,57780461.0,2221551588.0,0.0033782636606501347,7.473999999999999,7.661,7.669000000000001,7.8625,25.71428537142856,9527020.4,7.861833333333333,7.7515,True,True,7.92,54336105.88,72957622.225
2022-09-21,7.24,7.38,7.13,7.32,7337394.0,56281148.0,2221551588.0,0.003302824044075271,7.386,7.612,7.649000000000001,7.8595,33.01886748843006,9415984.6,7.865833333333334,7.75,True,True,7.92,53709724.080000006,71953677.96900001
2022-09-22,7.3,7.4,7.28,7.35,6660868.0,51583458.0,2221551588.0,0.0029982954417892187,7.3180000000000005,7.564,7.640000000000001,7.857,35.51401822691935,8970628.0,7.870666666666667,7.7435,True,True,7.92,48957379.8,68540194.959
2022-09-23,7.35,7.46,7.33,7.37,7089451.0,55349355.0,2221551588.0,0.003191216012400789,7.3180000000000005,7.515000000000001,7.628,7.854833333333334,37.03703655692728,8985789.85,7.868833333333333,7.722499999999999,True,True,7.92,52249253.87,68570503.2255
2022-09-26,7.31,7.35,7.1,7.12,7774610.0,59154098.0,2221551588.0,0.00349963063743177,7.279999999999999,7.435,7.602500000000001,7.845,24.999999717741915,9035063.6,7.866,7.7,True,True,7.92,55355223.2,68748209.38299999
2022-09-27,7.12,7.22,7.08,7.21,6052071.0,45703107.0,2221551588.0,0.0027242540901102857,7.273999999999999,7.3740000000000006,7.572999999999999,7.837166666666667,26.19047589947091,8739177.45,7.8625,7.669000000000001,True,True,7.92,43635431.91,66261761.318500005
2022-09-28,7.2,7.21,7.05,7.07,5679189.0,42552681.0,2221551588.0,0.0025564065361690803,7.223999999999999,7.305,7.539,7.827166666666667,22.46376788804872,8630287.3,7.8595,7.649000000000001,True,True,7.92,40151866.230000004,65224770.23
2022-09-29,7.1,7.14,6.96,7.01,5209452.0,38808723.0,2221551588.0,0.002344961075016008,7.156000000000001,7.237,7.5055000000000005,7.815166666666666,19.85815583119559,8400821.55,7.857,7.640000000000001,True,True,7.92,36518258.519999996,63287956.628
2022-09-30,7.01,7.06,6.98,6.99,4521050.0,33486308.0,2221551588.0,0.002035086659441554,7.08,7.199,7.4719999999999995,7.801,16.05839399648356,8177683.65,7.854833333333334,7.628,True,True,7.92,31602139.5,61427265.139
2022-10-10,7.0,7.12,6.99,7.01,5063187.0,37713532.0,2221551588.0,0.0022791219557310592,7.058,7.169,7.44,7.780833333333334,18.60465096087971,8061418.35,7.845,7.602500000000001,True,True,7.92,35492940.87,60375813.60999999
2022-10-11,7.04,7.1,6.97,7.06,4963415.0,36927725.0,2221551588.0,0.0022342110022610016,7.0280000000000005,7.151000000000001,7.406000000000001,7.759666666666666,22.65624975219724,7941307.2,7.837166666666667,7.572999999999999,True,True,7.92,35041709.9,59277397.199
2022-10-12,7.04,7.19,7.0,7.19,6327790.0,47492192.0,2221551588.0,0.0028483650949995406,7.052,7.138,7.375,7.738166666666666,31.34328325462242,7755896.95,7.827166666666667,7.539,True,True,7.92,45496810.1,57633181.656500004
2022-10-13,7.15,7.2,7.09,7.16,5684591.0,42855104.0,2221551588.0,0.002558838170000669,7.081999999999999,7.119,7.341499999999999,7.714666666666667,39.99999946666668,7646366.65,7.815166666666666,7.5055000000000005,True,True,7.92,40701671.56,56585125.609000005
2022-10-14,7.21,7.25,7.17,7.23,5855606.0,44692761.0,2221551588.0,0.002635818151435158,7.13,7.1049999999999995,7.31,7.6955,46.22641448380212,7429978.05,7.801,7.4719999999999995,True,True,7.92,42336031.38,54699859.624
2022-10-17,7.2,7.28,7.17,7.26,5625528.0,42942932.0,2221551588.0,0.002532251796621344,7.18,7.119,7.276999999999999,7.679666666666667,50.98039145713186,7166229.45,7.780833333333334,7.44,True,True,7.92,40841333.28,52425328.288
2022-10-18,7.26,7.3,7.18,7.19,8696006.0,66295594.0,2221551588.0,0.003914384003942384,7.206,7.117,7.2455,7.662000000000001,43.56435583178121,7140979.75,7.759666666666666,7.406000000000001,True,True,7.82,62524283.14,51953951.445
2022-10-19,7.19,7.22,7.12,7.14,5557465.0,42105156.0,2221551588.0,0.0025016142006421866,7.196000000000001,7.1240000000000006,7.214499999999999,7.6425,39.805824701668406,7046131.8,7.738166666666666,7.375,True,True,7.76,39680300.1,51045649.938
2022-10-20,7.12,7.18,7.08,7.13,4764800.0,35844509.0,2221551588.0,0.0021448072715203586,7.19,7.136,7.1865000000000006,7.620833333333334,38.2352935928489,6881556.8,7.714666666666667,7.341499999999999,True,True,7.69,33973024.0,49646653.788
2022-10-21,7.17,7.38,7.16,7.3,15040958.0,115885755.0,2221551588.0,0.006770474330303961,7.203999999999999,7.167,7.183,7.6045,59.574467197827076,6773507.3,7.6955,7.31,True,True,7.37,109798993.39999999,48797685.62
2022-10-24,7.36,7.45,7.21,7.24,10501870.0,81314641.0,2221551588.0,0.004727268120500653,7.2,7.19,7.1795,7.586833333333333,51.64835085376164,6795514.4,7.679666666666667,7.276999999999999,False,True,7.37,76033538.8,48921800.975999996
2022-10-25,7.21,7.29,7.09,7.21,10165345.0,77108738.0,2221551588.0,0.004575786155455238,7.204000000000001,7.205,7.178,7.571333333333333,58.749998971875,6928532.3,7.662000000000001,7.2455,False,False,7.37,73292137.45,49869602.5545
2022-10-26,7.22,7.36,7.22,7.26,8400730.0,64729488.0,2221551588.0,0.003781469692343692,7.228,7.212000000000001,7.175,7.555666666666666,65.82278364364689,6981699.1,7.6425,7.214499999999999,False,False,7.37,60989299.8,50233581.3405
2022-10-27,7.29,7.38,7.27,7.33,7299085.0,56594119.0,2221551588.0,0.0032855797900111605,7.268000000000001,7.229000000000001,7.1739999999999995,7.543000000000001,70.23809406746034,7013609.95,7.620833333333334,7.1865000000000006,False,False,7.37,53502293.05,50460827.003000006
2022-10-28,7.33,7.33,6.99,7.01,13370415.0,100426253.0,2221551588.0,0.006018503046349244,7.209999999999999,7.206999999999999,7.156000000000001,7.523666666666667,49.99999938596492,7327658.15,7.6045,7.183,False,False,7.37,93726609.14999999,52534694.767000005
2022-10-31,7.01,7.05,6.88,7.03,11568232.0,85050453.0,2221551588.0,0.005207275879834306,7.167999999999999,7.183999999999999,7.1515,7.5056666666666665,48.64864803506212,7517339.25,7.586833333333333,7.1795,True,False,7.33,81324670.96000001,53833167.154999994
2022-11-01,7.01,7.2,7.01,7.2,11509011.0,86675195.0,2221551588.0,0.005180618384991562,7.1659999999999995,7.185,7.151000000000001,7.490333333333334,50.43478199470698,7790186.25,7.571333333333333,7.178,True,True,7.33,82864879.2,55794639.5195
2022-11-02,7.21,7.25,7.15,7.22,7369090.0,56080307.0,2221551588.0,0.003317091549800193,7.1579999999999995,7.193,7.158499999999999,7.479333333333333,52.63157830101569,7874681.3,7.555666666666666,7.175,False,True,7.33,53204829.8,56447287.698
2022-11-03,7.2,7.24,7.06,7.19,10222549.0,77165303.0,2221551588.0,0.004601535726299776,7.13,7.199,7.1674999999999995,7.471666666666667,48.181817568595044,8125336.15,7.543000000000001,7.1739999999999995,False,False,7.33,73500127.31,58296381.1375
2022-11-04,7.15,7.29,7.14,7.28,10529501.0,80443971.0,2221551588.0,0.0047397058240179835,7.184,7.197,7.1819999999999995,7.4645,50.86206835166471,8425758.7,7.523666666666667,7.156000000000001,False,False,7.33,76654767.28,60549012.5265
2022-11-07,7.28,7.3,7.22,7.28,7148700.0,54882034.0,2221551588.0,0.0032178861110471768,7.234,7.200999999999999,7.1955,7.456166666666666,54.1284396717448,8530034.35,7.5056666666666665,7.1515,False,False,7.33,52042536.0,61376492.28299999
2022-11-08,7.28,7.37,7.23,7.33,7805294.0,60172771.0,2221551588.0,0.003513442605682133,7.26,7.212999999999999,7.2090000000000005,7.449166666666667,58.71559557612999,8672128.3,7.490333333333334,7.151000000000001,False,False,7.33,57212805.02,62485047.039
2022-11-09,7.3,7.4,7.27,7.3,7649824.0,59207150.0,2221551588.0,0.0034434599859492435,7.276000000000001,7.2170000000000005,7.214499999999999,7.441999999999999,57.65765693044397,8738230.0,7.479333333333333,7.158499999999999,False,False,7.33,55843715.199999996,63002392.29399999
2022-11-10,7.29,7.37,7.22,7.34,7950953.0,61469908.0,2221551588.0,0.0035790089426453596,7.306,7.217999999999999,7.2235,7.436166666666667,52.04081558309039,8851548.1,7.471666666666667,7.1674999999999995,False,False,7.33,58359995.019999996,63885308.46699999
2022-11-11,7.41,7.46,7.37,7.4,14104201.0,110346437.0,2221551588.0,0.006348806427087121,7.33,7.257000000000001,7.232000000000001,7.429333333333333,58.16326447521868,9263977.85,7.4645,7.1819999999999995,False,False,7.34,104371087.4,66987061.26800001
2022-11-14,7.4,7.47,7.31,7.35,10900482.0,84971072.0,2221551588.0,0.0049066976697189355,7.343999999999999,7.289,7.2364999999999995,7.4206666666666665,56.99999920199999,9527725.55,7.456166666666666,7.1955,False,False,7.4,80118542.7,68950921.73900001
2022-11-15,7.36,7.4,7.31,7.39,9170138.0,71329589.0,2221551588.0,0.004127807812131707,7.356,7.308,7.2465,7.4145,56.56565576573819,9551432.15,7.449166666666667,7.2090000000000005,False,False,7.4,67767319.82,69213073.573
2022-11-16,7.4,7.4,7.34,7.35,8414490.0,65436937.0,2221551588.0,0.0037876635615629916,7.366,7.321000000000001,7.257000000000001,7.407166666666666,51.04166592230901,9694283.4,7.441999999999999,7.214499999999999,False,False,7.4,61846501.5,70321383.643
2022-11-17,7.35,7.37,7.27,7.36,9650613.0,74667188.0,2221551588.0,0.004344086831982225,7.369999999999999,7.338000000000001,7.268499999999999,7.3995,76.9230752662722,9938574.05,7.436166666666667,7.2235,False,False,7.4,71028511.68,72174158.027
2022-11-18,7.36,7.38,7.27,7.28,9326550.0,71974816.0,2221551588.0,0.004198214459830046,7.345999999999999,7.338000000000001,7.2675,7.391000000000001,67.60563246974807,9652853.65,7.429333333333333,7.232000000000001,False,False,7.4,67897284.0,70079072.557
2022-11-21,7.29,7.33,7.2,7.28,10188169.0,78095543.0,2221551588.0,0.004586060055968414,7.331999999999999,7.338000000000001,7.269499999999999,7.383,57.40740591906725,9637168.6,7.4206666666666665,7.2364999999999995,False,False,7.4,74169870.32000001,69985889.133
2022-11-22,7.26,7.72,7.26,7.53,40087704.0,319130211.0,2221551588.0,0.018044912491134102,7.360000000000001,7.358000000000001,7.285499999999999,7.3775,70.1298688547816,11133286.55,7.4145,7.2465,False,False,7.4,301860411.12,81414302.8165
2022-11-23,7.48,7.85,7.46,7.69,47945882.0,389913680.0,2221551588.0,0.021582160080812852,7.428,7.397,7.3069999999999995,7.377,77.77777656790118,13110544.15,7.407166666666666,7.257000000000001,False,False,7.53,368703832.58000004,96800029.4555
2022-11-24,7.68,7.69,7.54,7.56,23845173.0,191531217.0,2221551588.0,0.010733567083835821,7.468000000000001,7.419000000000001,7.3185,7.3775,64.89361605477585,13937848.55,7.3995,7.268499999999999,False,False,7.69,180269507.88,103138390.197
2022-11-25,7.58,7.76,7.55,7.7,21383617.0,173592332.0,2221551588.0,0.009625532495174269,7.552,7.449,7.353,7.3790000000000004,69.44444354423862,14338508.65,7.391000000000001,7.2675,False,False,7.69,164653850.9,106684752.2845
2022-11-28,7.62,7.69,7.54,7.61,16717011.0,134530639.0,2221551588.0,0.007524925862761464,7.617999999999999,7.475,7.382,7.378666666666667,62.499999218749984,14595947.6,7.383,7.269499999999999,False,False,7.7,127216453.71000001,108979341.422
2022-11-29,7.6,7.76,7.59,7.71,20978164.0,169956165.0,2221551588.0,0.00944302356664427,7.654000000000001,7.507000000000001,7.407500000000001,7.377166666666667,67.2268899653979,15069405.25,7.3775,7.285499999999999,False,False,7.7,161741644.44,112923179.68399999
2022-11-30,7.68,7.75,7.64,7.66,12894053.0,104684336.0,2221551588.0,0.00580407543522685,7.648000000000001,7.537999999999999,7.4295,7.375666666666667,63.333332594444435,15345653.4,7.377,7.3069999999999995,False,False,7.71,98768445.98,115201360.493
2022-12-01,7.68,7.75,7.58,7.6,14827022.0,119769088.0,2221551588.0,0.006674174068290869,7.656000000000001,7.562,7.45,7.374333333333333,58.333332652777734,15575877.05,7.3775,7.3185,False,False,7.71,112685367.19999999,117160622.48750003
2022-12-02,7.58,7.61,7.54,7.58,9718380.0,77684708.0,2221551588.0,0.004374591187751432,7.632,7.5920000000000005,7.465000000000001,7.373,59.82905911315656,15535321.0,7.3790000000000004,7.353,False,False,7.71,73665320.4,117011150.1435
2022-12-05,7.7,8.27,7.69,8.17,57278009.0,484058127.0,2221551588.0,0.02578288494824726,7.744,7.681,7.5095,7.381666666666666,72.67441801311519,18041786.45,7.378666666666667,7.382,False,False,7.71,467961333.53,137807090.02
2022-12-06,8.08,8.13,7.95,7.97,26983921.0,229139930.0,2221551588.0,0.012146430065255816,7.795999999999999,7.725,7.541499999999999,7.3854999999999995,66.48936120699412,19000717.8,7.377166666666667,7.407500000000001,False,False,8.17,215061850.37,145699542.2875
2022-12-07,7.95,8.03,7.84,7.91,20642833.0,172207229.0,2221551588.0,0.0092920790637971,7.846000000000001,7.747,7.572,7.387166666666667,64.24870419715965,19650368.25,7.375666666666667,7.4295,False,False,8.17,163284809.03,151071596.97900003
2022-12-08,7.9,7.92,7.81,7.87,16467247.0,136645774.0,2221551588.0,0.007412498133714282,7.9,7.7780000000000005,7.5985,7.387833333333333,65.60846512247697,20076182.95,7.374333333333333,7.45,False,False,8.17,129597233.89,154633458.92249998
2022-12-09,7.85,7.94,7.76,7.87,17501389.0,144863832.0,2221551588.0,0.007878002516140535,7.958,7.795,7.622,7.388,65.60846512247697,20246042.35,7.373,7.465000000000001,False,False,8.17,137735931.43,156301701.124
2022-12-12,7.83,7.84,7.67,7.68,14832624.0,121124383.0,2221551588.0,0.0066766957292913424,7.859999999999999,7.802000000000001,7.6385000000000005,7.384,54.098360241870445,20442649.45,7.381666666666666,7.5095,False,False,8.17,113914552.32,157991501.605
2022-12-13,7.68,7.76,7.67,7.73,10023738.0,81712853.0,2221551588.0,0.004512043768933625,7.812,7.803999999999999,7.655499999999999,7.382500000000001,51.16279028123311,20485329.45,7.3854999999999995,7.541499999999999,False,False,8.17,77483494.74000001,158477310.351
2022-12-14,7.72,7.78,7.68,7.71,8662251.0,70609754.0,2221551588.0,0.003899189668513788,7.772,7.809,7.6735,7.381666666666666,54.65838461787742,20497717.5,7.387166666666667,7.572,False,False,8.17,66785955.21,158724283.0365
2022-12-15,7.71,7.76,7.67,7.72,9487933.0,77385990.0,2221551588.0,0.004270858732811025,7.742,7.821000000000001,7.6915000000000004,7.382166666666666,50.67567519631116,20489583.5,7.387833333333333,7.5985,False,False,8.17,73246842.75999999,158835199.5905
2022-12-16,7.68,7.84,7.67,7.78,15463622.0,126846859.0,2221551588.0,0.006960730546852374,7.723999999999999,7.840999999999999,7.716500000000001,7.388999999999999,55.86206842615933,20796437.1,7.388,7.622,False,False,8.17,120306979.16,161455684.34849998
2022-12-19,7.75,7.8,7.44,7.49,18178596.0,145171747.0,2221551588.0,0.00818283766093664,7.686,7.773000000000001,7.727000000000001,7.392,43.29268255725759,21195958.45,7.384,7.6385000000000005,False,False,8.17,136157684.04,164555075.0345
2022-12-20,7.51,7.55,7.46,7.5,6933048.0,54986993.0,2221551588.0,0.00312081341592505,7.640000000000001,7.725999999999999,7.725500000000001,7.396333333333334,44.99999960625001,19538225.65,7.382500000000001,7.655499999999999,True,False,8.17,51997860.0,152061947.47849998
2022-12-21,7.49,7.54,7.41,7.43,6333748.0,50004576.0,2221551588.0,0.0028510470043606297,7.5840000000000005,7.678,7.7125,7.3981666666666674,44.72049650553606,17457618.95,7.381666666666666,7.6735,True,True,8.17,47059747.64,135979743.2315
2022-12-22,7.49,7.55,7.34,7.35,7133238.0,56037348.0,2221551588.0,0.003210926110620664,7.51,7.6259999999999994,7.702000000000001,7.398166666666667,43.113772093657,16622022.2,7.382166666666666,7.6915000000000004,True,True,8.17,52429299.3,129587732.80249998
2022-12-23,7.34,7.4,7.23,7.28,8025673.0,61950900.0,2221551588.0,0.0036126430929408603,7.409999999999999,7.567,7.681,7.3966666666666665,11.304347688468866,15954125.0,7.388999999999999,7.716500000000001,True,True,8.17,58426899.440000005,124276385.22950001
2022-12-26,7.31,7.34,7.24,7.27,7160168.0,55071676.0,2221551588.0,0.0032230482689110528,7.366,7.525999999999999,7.664,7.399166666666667,13.54166646918408,15476282.85,7.392,7.727000000000001,True,True,8.17,52054421.36,120518283.61200002
2022-12-27,7.3,7.37,7.25,7.28,11539810.0,88876569.0,2221551588.0,0.005194482118864034,7.322,7.481,7.6425,7.400333333333334,15.384615147929125,15004365.15,7.396333333333334,7.725500000000001,True,True,8.17,84009816.8,116631692.22999999
2022-12-28,7.27,7.29,7.21,7.26,10506912.0,80330621.0,2221551588.0,0.004729537705428248,7.287999999999999,7.436,7.6225,7.4035,15.730336831208291,14885008.1,7.3981666666666674,7.7125,True,True,8.17,76280181.12,115507278.98700002
2022-12-29,7.24,7.26,7.18,7.19,7223663.0,54996681.0,2221551588.0,0.003251629644352873,7.256,7.383,7.602000000000001,7.4065,14.583333120659844,14504840.15,7.398166666666667,7.702000000000001,True,True,8.17,51938136.970000006,112469917.47549999
2022-12-30,7.22,7.26,7.2,7.22,6108962.0,46683728.0,2221551588.0,0.0027498627684355175,7.244,7.327,7.5840000000000005,7.410333333333333,21.249999628125067,14324369.25,7.3966666666666665,7.681,True,True,8.17,44106705.64,110991986.7375
2023-01-03,7.24,7.43,7.22,7.41,12883824.0,100141714.0,2221551588.0,0.005799470995674218,7.272,7.319,7.546000000000001,7.417000000000001,32.97872291308286,12104660.0,7.399166666666667,7.664,True,True,8.17,95469135.84,92367376.853
2023-01-04,7.44,7.48,7.4,7.44,8105959.0,63678066.0,2221551588.0,0.0036487826993464355,7.304,7.313000000000001,7.519500000000001,7.423333333333334,35.78947315678674,11160761.9,7.400333333333334,7.6425,True,True,7.97,60308334.96,84629701.08250001
2023-01-05,7.44,7.48,7.4,7.45,6216592.0,48909885.0,2221551588.0,0.0027983108893710733,7.3420000000000005,7.3149999999999995,7.4965,7.427666666666667,35.78947315678674,10439449.85,7.4035,7.6225,True,True,7.91,46313610.4,78781141.15100001
2023-01-06,7.45,7.53,7.43,7.44,5855221.0,46186137.0,2221551588.0,0.0026356448491350543,7.392,7.324000000000001,7.475,7.432333333333333,31.111110627160514,9908848.55,7.4065,7.602000000000001,True,True,7.87,43562844.24,74479421.6685
2023-01-09,7.45,7.56,7.44,7.48,6986252.0,55363571.0,2221551588.0,0.003144762443391884,7.444000000000001,7.343999999999999,7.455500000000001,7.4365,49.230768170414244,9383091.7,7.410333333333333,7.5840000000000005,True,True,7.87,52257164.96,70205483.345
2023-01-10,7.5,7.51,7.39,7.42,6197670.0,48681387.0,2221551588.0,0.002789793418922847,7.446,7.359,7.4425,7.439166666666667,44.28571340000002,8951344.0,7.417000000000001,7.546000000000001,False,True,7.78,45986711.4,66809091.299
2023-01-11,7.44,7.46,7.36,7.37,4679100.0,36591978.0,2221551588.0,0.002106230629653062,7.432,7.368,7.4245,7.442166666666666,45.58823435553638,8684112.1,7.423333333333334,7.519500000000001,True,False,7.78,34484967.0,64659164.912
2023-01-12,7.36,7.39,7.31,7.33,6558230.0,50877300.0,2221551588.0,0.002952094398989037,7.4079999999999995,7.375,7.405500000000001,7.445333333333334,48.43749894042975,8578911.05,7.427666666666667,7.4965,True,True,7.78,48071825.9,63723458.4465
2023-01-13,7.33,7.41,7.33,7.4,4740951.0,36927250.0,2221551588.0,0.0021340719817666462,7.4,7.396000000000001,7.3895,7.449833333333333,59.37499870117189,8341561.95,7.432333333333333,7.475,True,True,7.78,35083037.4,61815268.1785
2023-01-16,7.4,7.54,7.4,7.47,9154486.0,72377346.0,2221551588.0,0.004120762285894754,7.398000000000001,7.421000000000001,7.374,7.452666666666667,64.28571300000004,8026105.15,7.4365,7.455500000000001,False,True,7.78,68384010.42,59219119.7415
2023-01-17,7.46,7.55,7.46,7.51,6666258.0,52820127.0,2221551588.0,0.003000721673990674,7.4159999999999995,7.431,7.375,7.457166666666667,65.75342339650967,7450488.25,7.439166666666667,7.4425,False,False,7.5,50063597.58,54914415.418500006
2023-01-18,7.51,7.53,7.48,7.5,4744042.0,37577952.0,2221551588.0,0.0021354633516617668,7.442,7.436999999999999,7.375,7.462000000000001,66.66666537037044,7341037.95,7.442166666666666,7.4245,False,False,7.51,35580315.0,54093538.168500006
2023-01-19,7.52,7.57,7.47,7.57,5351453.0,42566478.0,2221551588.0,0.002408880815060325,7.49,7.449000000000001,7.382000000000001,7.467166666666667,76.38888740354942,7291923.2,7.445333333333334,7.405500000000001,False,False,7.51,40510499.21,53766075.747
2023-01-20,7.55,7.66,7.55,7.64,7775400.0,62503268.0,2221551588.0,0.003499986244748866,7.537999999999999,7.468999999999999,7.396499999999999,7.472333333333333,77.63157751731305,7324031.3,7.449833333333333,7.3895,False,False,7.57,59404056.0,54114813.582
2023-01-30,7.72,7.74,7.63,7.66,11906361.0,96648193.0,2221551588.0,0.00535947986277418,7.575999999999999,7.487,7.4155,7.4831666666666665,71.18643898879637,7518065.7,7.452666666666667,7.374,False,False,7.64,91202725.26,55753604.873
2023-01-31,7.63,7.85,7.63,7.71,14774926.0,120826506.0,2221551588.0,0.006650723791339659,7.616,7.516,7.4375,7.4945,72.13114588551467,7898803.6,7.457166666666667,7.375,False,False,7.66,113914679.46,58846617.778
2023-02-01,7.71,7.8,7.69,7.78,11651667.0,95449652.0,2221551588.0,0.0052448329640139785,7.672,7.5569999999999995,7.4625,7.504166666666666,74.62686411227449,7904396.45,7.462000000000001,7.375,False,False,7.71,90649969.26,59178625.401
2023-02-02,7.8,7.89,7.76,7.82,16415970.0,135828553.0,2221551588.0,0.007389416518019657,7.7219999999999995,7.606,7.4905,7.514166666666667,77.14285560000002,8199849.35,7.467166666666667,7.382000000000001,False,False,7.78,128372885.4,61783260.614999995
2023-02-03,7.79,7.82,7.69,7.73,9922101.0,81046234.0,2221551588.0,0.004466293312113714,7.74,7.639,7.5175,7.523166666666667,66.66666542222225,8334771.25,7.472333333333333,7.396499999999999,False,False,7.82,76697840.73,63021245.802999996
2023-02-06,7.72,7.79,7.68,7.76,9481257.0,77653250.0,2221551588.0,0.004267853625913638,7.76,7.667999999999999,7.544499999999999,7.531166666666667,73.61110967978401,8503386.0,7.4831666666666665,7.4155,False,False,7.82,73574554.32,64494638.237
2023-02-07,7.77,7.86,7.72,7.83,9063699.0,74611970.0,2221551588.0,0.004079895802986863,7.784000000000001,7.7,7.5655,7.540333333333334,81.08107954711474,8312379.75,7.4945,7.4375,False,False,7.82,70968763.17,63269619.60349999
2023-02-08,7.83,7.85,7.74,7.75,7686608.0,63122003.0,2221551588.0,0.0034600177828506048,7.7780000000000005,7.725,7.581,7.5473333333333334,76.92307554240635,8291412.2,7.504166666666666,7.4625,False,False,7.83,59571212.0,63232763.45550001
2023-02-09,7.73,7.8,7.71,7.78,7207862.0,59196664.0,2221551588.0,0.0032445170478751,7.7700000000000005,7.7459999999999996,7.597500000000001,7.5553333333333335,75.67567424397376,8340975.7,7.514166666666667,7.4905,False,False,7.83,56077166.36,63720941.2535
2023-02-10,7.8,7.84,7.74,7.78,7676100.0,63166780.0,2221551588.0,0.0034552877553973775,7.780000000000001,7.76,7.614500000000001,7.562666666666667,73.13432683002904,8432019.65,7.523166666666667,7.5175,False,False,7.83,59720058.0,64528801.94149999
2023-02-13,7.78,7.95,7.77,7.9,15263182.0,127161110.0,2221551588.0,0.006870505318195654,7.808,7.784000000000001,7.635499999999999,7.571,75.9999985813334,8845866.15,7.531166666666667,7.544499999999999,False,False,7.83,120579137.80000001,67944900.5835
2023-02-14,7.91,7.92,7.84,7.89,11642600.0,96876168.0,2221551588.0,0.005240751582312569,7.82,7.802000000000001,7.659000000000001,7.579999999999999,75.99999858133332,9118112.65,7.540333333333334,7.5655,False,False,7.9,91860114.0,70238570.71350001
2023-02-15,7.88,7.9,7.77,7.79,12117245.0,99858544.0,2221551588.0,0.005454406310190083,7.828,7.803,7.68,7.586666666666667,64.10256295200526,9490019.9,7.5473333333333334,7.581,False,False,7.9,94393338.55,73233989.29100001
2023-02-16,7.81,7.89,7.63,7.69,14126511.0,116198618.0,2221551588.0,0.006358848957776262,7.8100000000000005,7.790000000000001,7.697999999999999,7.592333333333333,53.08641883554341,9868433.95,7.5553333333333335,7.597500000000001,False,False,7.9,108632869.59,76262041.4755
2023-02-17,7.67,7.76,7.66,7.66,7579005.0,61681275.0,2221551588.0,0.0034115818155828486,7.786,7.7829999999999995,7.711,7.597333333333334,49.99999914634147,10010336.65,7.562666666666667,7.614500000000001,True,False,7.9,58055178.300000004,77410648.52049999
2023-02-20,7.68,7.92,7.68,7.9,17379449.0,144173265.0,2221551588.0,0.007823112951271244,7.786,7.797,7.7325,7.607666666666666,59.40593977061075,10421584.8,7.571,7.635499999999999,True,True,7.9,137297647.1,80856330.35450001
2023-02-21,7.92,8.01,7.86,7.92,11372792.0,95200263.0,2221551588.0,0.005119301330399715,7.792,7.806,7.753,7.618333333333334,57.29166583116319,10656911.5,7.579999999999999,7.659000000000001,False,True,7.9,90072512.64,82856776.10749999
2023-02-22,7.89,7.98,7.86,7.91,9321088.0,77991689.0,2221551588.0,0.004195755817847792,7.816000000000001,7.822000000000001,7.7735,7.624666666666666,54.8387088518904,10885763.8,7.586666666666667,7.68,False,False,7.92,73729806.08,84764250.6615
2023-02-23,7.92,7.94,7.82,7.87,7548192.0,62815881.0,2221551588.0,0.0033977117798085544,7.852000000000001,7.831,7.788500000000001,7.627666666666666,57.95454453254132,10995600.75,7.592333333333333,7.697999999999999,False,False,7.92,59404271.04,85708939.25299999
2023-02-24,7.89,7.9,7.81,7.85,4750245.0,39419404.0,2221551588.0,0.00213825554430474,7.890000000000001,7.838000000000001,7.799000000000001,7.632499999999999,55.17241290527151,10844343.0,7.597333333333334,7.711,False,False,7.92,37289423.25,84603207.6155
2023-02-27,7.82,8.05,7.82,7.94,17189910.0,144695404.0,2221551588.0,0.007737794653454611,7.898000000000001,7.8420000000000005,7.813,7.6365,56.1797743971721,11108520.45,7.607666666666666,7.7325,False,False,7.92,136487885.4,86867465.62249999
2023-02-28,7.94,8.11,7.93,8.11,19102345.0,162007471.0,2221551588.0,0.008598650197089188,7.936,7.864,7.833,7.644833333333334,68.36734596209911,11324891.4,7.618333333333334,7.753,False,False,7.94,154920017.95,88917732.547
2023-03-01,8.09,8.65,8.06,8.51,53546343.0,477005170.0,2221551588.0,0.024103128322221973,8.056000000000001,7.936,7.8695,7.658166666666667,77.0370362381344,13419625.2,7.624666666666666,7.7735,False,False,8.11,455679378.93,107169203.0305
2023-03-02,8.47,8.85,8.46,8.61,51024822.0,467569410.0,2221551588.0,0.022968101337649423,8.203999999999999,8.027999999999999,7.909000000000001,7.674,78.62068889607608,15150067.8,7.627666666666666,7.788500000000001,False,False,8.51,439323717.41999996,122716744.6315
2023-03-03,8.63,8.81,8.49,8.7,33666350.0,309279096.0,2221551588.0,0.0151544308859867,8.373999999999999,8.132,7.9575000000000005,7.692333333333334,78.1690133138266,16337280.25,7.632499999999999,7.799000000000001,False,False,8.61,292897245.0,133526714.845
2023-03-06,8.84,9.05,8.69,8.82,51754098.0,483998341.0,2221551588.0,0.02329637460572894,8.549999999999999,8.224,8.0105,7.713,80.39215612713062,18450922.3,7.6365,7.813,False,False,8.7,456471144.36,152671544.34699997
2023-03-07,8.82,9.35,8.76,8.97,61540780.0,591562735.0,2221551588.0,0.027701710971926346,8.722,8.329,8.067499999999999,7.726333333333333,87.3417713779843,21074776.35,7.644833333333334,7.833,False,False,8.82,552020796.6,176724146.0185
2023-03-08,8.85,9.01,8.78,8.86,26207555.0,244822170.0,2221551588.0,0.011796959900262284,8.791999999999998,8.424,8.123,7.7411666666666665,86.79245206597832,22000823.7,7.658166666666667,7.8695,False,False,8.97,232198937.29999998,185355532.2835
2023-03-09,8.86,9.01,8.78,8.85,24586207.0,230269215.0,2221551588.0,0.011067133049174099,8.84,8.522,8.1765,7.756833333333334,87.89808838816985,22869740.95,7.674,7.909000000000001,False,False,8.97,217587931.95,193431070.56300002
2023-03-10,8.76,8.8,8.61,8.62,19897418.0,182364583.0,2221551588.0,0.008956541053324394,8.824000000000002,8.599,8.218499999999999,7.769333333333334,73.07692242110448,23480806.85,7.692333333333334,7.9575000000000005,False,False,8.97,171515743.16,199020854.821
2023-03-13,8.83,9.04,8.81,9.01,32032413.0,303402704.0,2221551588.0,0.014418937274753036,8.862,8.706,8.274000000000001,7.788333333333333,78.23834140137986,24319268.4,7.713,8.0105,False,False,8.97,288612041.13,207422499.9875
2023-03-14,9.0,9.2,8.92,8.95,30781771.0,294334382.0,2221551588.0,0.013855978482008584,8.858,8.79,8.327,7.8095,76.2626257233955,25276226.95,7.726333333333333,8.067499999999999,False,False,9.01,275496850.45,216604336.81
2023-03-15,8.97,9.52,8.86,9.39,59428813.0,584466198.0,2221551588.0,0.026751038922981786,8.963999999999999,8.878,8.407,7.837166666666666,81.93277262728614,27641805.35,7.7411666666666665,8.123,False,False,9.01,558036554.07,239786497.58600003
2023-03-16,9.45,9.9,9.34,9.37,48334543.0,483417947.0,2221551588.0,0.02175711032824325,9.068000000000001,8.954,8.491,7.864833333333333,81.93277262728611,29352206.95,7.756833333333334,8.1765,False,False,9.39,452894667.90999997,256999587.502
2023-03-17,9.38,9.86,9.33,9.58,48136599.0,488214176.0,2221551588.0,0.02166800863865422,9.26,9.042,8.587,7.895833333333333,82.79999953631992,31380086.65,7.769333333333334,8.218499999999999,False,False,9.39,461148618.42,277154259.508
2023-03-20,9.69,10.29,9.57,9.64,59359827.0,618554470.0,2221551588.0,0.026719985851618226,9.386,9.123999999999999,8.674,7.926833333333334,82.008367720453,33479105.55,7.788333333333333,8.274000000000001,False,False,9.58,572228732.2800001,298900813.767
2023-03-21,9.66,9.8,9.41,9.53,34019838.0,343609339.0,2221551588.0,0.01531354850536111,9.502,9.18,8.754499999999998,7.9608333333333325,74.28571379047608,34611457.85,7.8095,8.327,False,False,9.64,324209056.14,310607640.94200003
2023-03-22,9.59,9.59,9.34,9.41,28410039.0,282682985.0,2221551588.0,0.012788376895436741,9.506,9.235,8.8295,7.992666666666667,68.86792407351365,35565905.4,7.837166666666666,8.407,False,False,9.64,267338466.99,320288073.9875
2023-03-23,9.42,9.61,9.33,9.56,30830890.0,309060868.0,2221551588.0,0.013878088704550939,9.544,9.306000000000001,8.913999999999998,8.028166666666667,69.72477019442803,36730040.3,7.864833333333333,8.491,False,False,9.64,294743308.40000004,332055025.85550004
2023-03-24,9.52,9.54,9.13,9.19,35222991.0,344944372.0,2221551588.0,0.015855130796989622,9.466,9.363,8.981,8.058833333333334,57.61316839235208,38253677.6,7.895833333333333,8.587,False,False,9.64,323699287.28999996,346375519.0575
2023-03-27,9.15,9.28,9.0,9.17,22126333.0,213474468.0,2221551588.0,0.00995985558900287,9.372,9.379000000000001,9.0425,8.090333333333332,54.347825756143635,38500498.75,7.926833333333334,8.674,False,False,9.64,202898473.60999998,349696048.468
2023-03-28,9.16,9.23,9.04,9.07,18231196.0,175520450.0,2221551588.0,0.00820651480635344,9.28,9.391,9.0905,8.120333333333333,54.585152504719595,38456941.3,7.9608333333333325,8.754499999999998,False,False,9.64,165356947.72,350217894.9565
2023-03-29,9.09,9.18,8.86,8.98,23765622.0,225260223.0,2221551588.0,0.0106977583272759,9.193999999999999,9.35,9.114,8.148666666666665,52.74261572219553,36967905.25,7.992666666666667,8.8295,True,False,9.64,213415285.56,338104690.288
2023-03-30,8.97,9.08,8.86,9.0,13302660.0,126101527.0,2221551588.0,0.005988004092210169,9.081999999999999,9.312999999999999,9.133500000000002,8.177666666666665,58.796295915209186,35081797.15,8.028166666666667,8.913999999999998,True,True,9.64,119723940.0,322124701.417
2023-03-31,9.08,9.11,8.91,9.0,9574685.0,91011194.0,2221551588.0,0.004309908917586657,9.044,9.254999999999999,9.1485,8.207833333333333,49.71751373104792,33877213.9,8.058833333333334,8.981,True,True,9.64,86172165.0,311788447.417
2023-04-03,9.01,9.23,9.0,9.11,19069335.0,183735089.0,2221551588.0,0.008583791212864691,9.032,9.202,9.163,8.239333333333333,54.39560397717667,32242975.75,8.090333333333332,9.0425,True,True,9.64,173721641.85,297650972.2915
2023-04-04,9.11,9.75,9.1,9.67,42393700.0,426080445.0,2221551588.0,0.01908292394783677,9.152,9.216,9.197999999999999,8.277,57.21649443245826,31285621.75,8.120333333333333,9.0905,True,True,9.64,409947079.0,290547286.41150004
2023-04-06,9.73,10.05,9.52,9.69,34639832.0,356556238.0,2221551588.0,0.015592630028090079,9.294,9.244,9.239500000000001,8.3145,58.247422260070145,31707235.6,8.148666666666665,9.114,False,True,9.67,335659972.08,295720338.1505
2023-04-07,9.66,9.67,9.16,9.16,40243286.0,394624970.0,2221551588.0,0.018114945526081568,9.326,9.203999999999999,9.254999999999999,8.343,40.70796434959668,32490089.55,8.177666666666665,9.133500000000002,False,False,9.69,368628499.76,303272366.541
2023-04-10,9.19,9.43,9.15,9.18,23763479.0,232872510.0,2221551588.0,0.010696793686161296,9.362,9.203,9.283,8.372,39.63963938965991,32683392.6,8.207833333333333,9.1485,True,False,9.69,218148737.22,305604016.244
2023-04-11,9.19,9.26,9.08,9.22,16656569.0,161212100.0,2221551588.0,0.007497718752052676,9.384,9.208,9.2935,8.401,42.79069739578153,31914600.4,8.239333333333333,9.163,True,True,9.69,153573566.18,298852092.4965
2023-04-12,9.26,9.53,9.16,9.41,20457108.0,202591268.0,2221551588.0,0.009208477584091107,9.331999999999999,9.242,9.316500000000001,8.434166666666666,49.99999968468469,31398367.25,8.277,9.197999999999999,True,True,9.69,192501386.28,294702319.288
2023-04-13,9.38,9.52,9.27,9.35,13638579.0,134903764.0,2221551588.0,0.006139213274933861,9.264,9.279,9.314499999999999,8.467166666666667,45.070422238973734,29108855.55,8.3145,9.239500000000001,False,True,9.69,127520713.64999999,273176527.267
2023-04-14,9.38,9.67,9.3,9.66,33001403.0,332718576.0,2221551588.0,0.014855114406643255,9.364,9.345,9.329,8.505999999999998,61.352656589885434,28342198.55,8.343,9.254999999999999,False,False,9.69,318793552.98,266471471.5205
2023-04-17,9.7,10.11,9.56,9.97,43294671.0,452073417.0,2221551588.0,0.019488483289724984,9.522,9.442,9.3485,8.548833333333334,66.94915214521691,28100102.15,8.372,9.283,False,False,9.69,431647869.87,264996434.09300002
2023-04-18,9.94,10.02,9.74,9.9,22898884.0,239058777.0,2221551588.0,0.010307608485749915,9.658,9.521,9.361500000000001,8.589333333333334,67.81115839083424,26277055.0,8.401,9.2935,False,False,9.97,226698951.6,247719945.05899996
2023-04-19,9.83,9.98,9.69,9.72,21066161.0,218535086.0,2221551588.0,0.009482634170546213,9.719999999999999,9.526,9.371,8.626166666666666,65.28925582064068,25629371.15,8.434166666666666,9.316500000000001,False,False,9.97,204763084.92000002,241747646.498
2023-04-20,9.72,10.2,9.71,10.12,37438308.0,394695750.0,2221551588.0,0.016852324385455593,9.874,9.568999999999999,9.4065,8.669833333333333,69.99999964999999,26080784.6,8.467166666666667,9.314499999999999,False,False,9.97,378875676.96,247324506.99650002
2023-04-21,10.16,10.51,9.95,10.02,48334784.0,522268821.0,2221551588.0,0.02175721881098176,9.946,9.655000000000001,9.4295,8.710666666666668,67.58620657027349,26955979.3,8.505999999999998,9.329,False,False,10.12,484314535.68,256803068.3605
2023-04-24,9.95,10.02,9.59,9.67,52102452.0,536737224.0,2221551588.0,0.023453181227678067,9.886,9.703999999999999,9.4535,8.744499999999999,58.91719718954117,27799952.35,8.548833333333334,9.3485,False,False,10.12,503830710.84,265809639.53800002
2023-04-25,9.68,9.87,9.43,9.6,31123461.0,315696980.0,2221551588.0,0.014009785398690458,9.826,9.742,9.475,8.776833333333334,48.679245025845496,28249808.75,8.589333333333334,9.361500000000001,False,False,10.12,298785225.59999996,270603977.1375
2023-04-26,9.51,9.6,9.19,9.3,25146620.0,248480285.0,2221551588.0,0.011319395028156331,9.741999999999999,9.731,9.486500000000001,8.803333333333333,43.34470969050311,28595579.95,8.626166666666666,9.371,False,False,10.12,233863566.00000003,274029308.05149996
2023-04-27,9.35,9.83,9.3,9.67,28940124.0,294686129.0,2221551588.0,0.013026987154529225,9.652,9.763,9.520999999999999,8.834833333333332,59.20577587405024,28854305.05,8.669833333333333,9.4065,True,False,10.12,279850999.08,277351093.7275
2023-04-28,9.65,10.17,9.54,10.06,35329759.0,368787264.0,2221551588.0,0.015903190900827282,9.66,9.803,9.574,8.872166666666667,64.01273856809608,29955660.0,8.710666666666668,9.4295,False,True,10.12,355417375.54,289135765.50450003
2023-05-04,10.06,10.59,9.9,10.42,44123001.0,481712882.0,2221551588.0,0.01986134431373826,9.809999999999999,9.848,9.645,8.917,67.34104018994955,31683075.8,8.744499999999999,9.4535,False,False,10.12,459761670.42,307815240.7755
2023-05-05,10.42,10.53,10.04,10.1,34930241.0,375792056.0,2221551588.0,0.01572335352853395,9.91,9.867999999999999,9.694500000000001,8.956,59.610027622690694,32476121.1,8.776833333333334,9.475,False,False,10.42,352795434.09999996,316768930.388
2023-05-08,10.17,10.5,10.1,10.34,51599565.0,562510196.0,2221551588.0,0.023226813763282277,10.118,9.93,9.728,8.997833333333334,63.129973240366155,32936414.35,8.803333333333333,9.486500000000001,False,False,10.42,533539502.09999996,322948551.543
2023-05-09,10.41,10.7,10.18,10.23,52511058.0,579937577.0,2221551588.0,0.02363710943452554,10.23,9.941,9.754999999999999,9.039166666666667,57.98319304992586,33829975.65,8.834833333333332,9.520999999999999,False,False,10.42,537188123.34,333024959.106
2023-05-10,10.23,10.41,9.83,9.95,39184339.0,415569692.0,2221551588.0,0.01763827552403433,10.208,9.934,9.7945,9.075333333333333,49.717513927670836,33777028.3,8.872166666666667,9.574,False,False,10.42,389884173.04999995,334087742.7705
2023-05-11,9.94,9.99,9.68,9.82,22932744.0,237475374.0,2221551588.0,0.010322850085442176,10.088000000000001,9.949,9.8265,9.109333333333334,48.888888698765435,33735491.55,8.917,9.645,False,False,10.42,225199546.08,334440283.21349996
2023-05-12,9.81,9.96,9.61,9.63,22832607.0,234661103.0,2221551588.0,0.010277774832388903,9.994,9.952,9.847000000000001,9.138166666666667,48.75346241480653,34044293.45,8.956,9.694500000000001,True,False,10.42,219878005.41000003,337755505.175
2023-05-15,9.63,9.7,9.31,9.69,27063435.0,271753727.0,2221551588.0,0.012182222166789493,9.864,9.991,9.861,9.168166666666666,43.42507626668163,34374609.8,8.997833333333334,9.728,True,True,10.42,262244685.14999998,341242670.1185
2023-05-16,9.72,9.74,9.36,9.43,23634104.0,237535640.0,2221551588.0,0.0106385573612887,9.704,9.967,9.864999999999998,9.195500000000001,41.39941674064377,34874386.05,9.039166666666667,9.754999999999999,True,True,10.42,222869600.72,346010114.472
2023-05-17,9.39,9.55,9.31,9.54,16386641.0,163807310.0,2221551588.0,0.007376214483838491,9.622,9.915,9.859,9.226333333333333,47.96238223464784,34043647.95,9.075333333333333,9.7945,True,True,10.42,156328555.14,337886864.58000004
2023-05-18,9.54,9.61,9.45,9.54,15038941.0,151311817.0,2221551588.0,0.006769566406305753,9.565999999999999,9.827,9.8375,9.257666666666665,49.03846131841715,32630861.45,9.109333333333334,9.8265,True,True,10.42,143471497.14,323478045.9434999
2023-05-19,9.52,9.52,9.17,9.3,18530224.0,181886861.0,2221551588.0,0.00834111802764042,9.5,9.747,9.807500000000001,9.281,49.99999977124183,32412428.45,9.138166666666667,9.847000000000001,True,True,10.42,172331083.20000002,320759652.5235
2023-05-22,9.23,9.49,9.2,9.37,15533622.0,154113789.0,2221551588.0,0.006992240055962185,9.435999999999998,9.65,9.79,9.305166666666668,44.56521716524888,32135801.5,9.168166666666666,9.861,True,True,10.42,145550038.14,317799000.1845
2023-05-23,9.35,9.42,9.12,9.14,11917810.0,116513244.0,2221551588.0,0.005364633468057011,9.378,9.541,9.741,9.325666666666667,32.307692133727755,30859776.6,9.195500000000001,9.864999999999998,True,True,10.42,108928783.4,304301655.5065
2023-05-24,9.02,9.13,8.9,9.01,15757391.0,150065629.0,2221551588.0,0.007092966503733516,9.272,9.447,9.6905,9.344666666666665,20.253164437322994,29230906.95,9.226333333333333,9.859,True,True,10.42,141974092.91,287184633.368
2023-05-25,8.93,9.05,8.89,9.03,13129846.0,124321729.0,2221551588.0,0.005910214316391558,9.169999999999998,9.367999999999999,9.6585,9.364333333333333,24.154589208616216,27282276.65,9.257666666666665,9.8375,True,True,10.42,118562509.38,267921223.29500002
2023-05-26,9.01,9.03,8.78,8.96,13030962.0,122514243.0,2221551588.0,0.005865703083551351,9.102,9.301,9.6265,9.381333333333334,13.684210425484636,26377651.7,9.281,9.807500000000001,True,True,10.42,116757419.52000001,258819832.991
2023-05-29,8.99,9.26,8.98,9.2,15316045.0,148374625.0,2221551588.0,0.006894300849339538,9.068,9.252,9.6215,9.3995,24.63054170205524,25886122.95,9.305166666666668,9.79,True,True,10.42,140907614.0,254172035.39099997
2023-05-30,9.16,9.96,9.14,9.72,46569406.0,478521333.0,2221551588.0,0.020962558894220915,9.184000000000001,9.281,9.623999999999999,9.419666666666666,44.93392042772033,26767587.05,9.325666666666667,9.741,True,True,10.42,452654626.32000005,262812216.75300002
2023-05-31,9.65,9.83,9.63,9.69,21253921.0,218111811.0,2221551588.0,0.009567151676695612,9.319999999999999,9.296000000000001,9.6055,9.437666666666667,47.004607991675314,26063795.15,9.344666666666665,9.6905,False,True,10.42,205950494.48999998,255338872.7005
2023-06-01,9.7,9.8,9.54,9.72,18282917.0,187174036.0,2221551588.0,0.008229796282362992,9.458,9.314,9.5705,9.454666666666668,52.23880560629688,24771790.95,9.364333333333333,9.6585,False,False,10.42,177709953.24,241236286.84149998
2023-06-02,9.69,9.83,9.48,9.49,14514268.0,147074468.0,2221551588.0,0.006533392282403302,9.563999999999998,9.333,9.54,9.465833333333334,45.41284374505514,23750992.3,9.381333333333334,9.6265,False,False,10.34,137740403.32,230483535.30249995
2023-06-05,9.52,9.61,9.33,9.35,13180720.0,131226570.0,2221551588.0,0.005933114527340879,9.594,9.331,9.4905,9.472166666666665,48.05825210057498,21830050.05,9.3995,9.6215,True,False,10.34,123239732.0,209968546.7975
2023-06-06,9.33,9.51,9.16,9.19,12818885.0,126318692.0,2221551588.0,0.005770239624073047,9.488,9.336,9.4385,9.477666666666666,41.70616086071742,19845441.4,9.419666666666666,9.623999999999999,True,True,10.23,117805553.14999999,188999418.28800002
2023-06-07,9.18,9.28,9.09,9.21,11575003.0,112159660.0,2221551588.0,0.0052103237496369135,9.392000000000001,9.356,9.4015,9.483666666666668,42.25352084903793,18464974.6,9.437666666666667,9.6055,True,True,9.95,106605777.63000001,174835498.51700002
2023-06-08,9.21,9.45,9.07,9.36,13659640.0,133799776.0,2221551588.0,0.006148693585953315,9.319999999999999,9.389,9.3785,9.496,51.470587882064564,18001319.4,9.454666666666668,9.5705,True,True,9.82,127854230.39999999,169968232.73299998
2023-06-09,9.32,9.44,9.2,9.24,16923927.0,166106260.0,2221551588.0,0.007618066171146686,9.27,9.417,9.358999999999998,9.499833333333333,46.8899518390147,17705885.4,9.465833333333334,9.54,True,True,9.72,156377085.48,166793186.7365
2023-06-12,9.19,9.22,9.06,9.1,12436501.0,119668821.0,2221551588.0,0.005598114879338107,9.22,9.407,9.3295,9.502333333333333,48.99999965699998,16974538.7,9.472166666666665,9.4905,True,True,9.72,113172159.1,159339560.434
2023-06-13,9.05,9.11,8.9,9.09,13149280.0,125060604.0,2221551588.0,0.0059189622563921305,9.2,9.344,9.3125,9.497333333333334,52.127659186283395,16450297.5,9.477666666666666,9.4385,True,True,9.72,119526955.2,154172428.15800002
2023-06-14,9.07,9.23,8.99,9.05,10919754.0,104742864.0,2221551588.0,0.004915372687712711,9.168000000000001,9.28,9.288,9.491999999999999,50.52631541717456,16176953.15,9.483666666666668,9.4015,True,True,9.72,98823773.7,151297189.086
2023-06-15,9.06,9.18,9.02,9.17,10134181.0,97740351.0,2221551588.0,0.004561758121999551,9.13,9.225,9.269499999999999,9.485166666666666,55.38461498698222,15931715.15,9.496,9.3785,True,True,9.72,92930439.77,148770136.2175
2023-06-16,9.2,9.83,9.19,9.66,34736247.0,352217835.0,2221551588.0,0.015636029875530397,9.214,9.242,9.2875,9.4855,60.454545069834715,16742016.3,9.499833333333333,9.358999999999998,True,True,9.72,335552146.02,156931189.3585
2023-06-19,9.64,9.67,9.45,9.53,14339935.0,144158257.0,2221551588.0,0.0064549187502370075,9.3,9.26,9.2955,9.4855,44.751380869326304,16682331.95,9.502333333333333,9.3295,False,True,9.72,136659580.54999998,156486666.479
2023-06-20,9.47,9.48,9.23,9.28,12825527.0,126472015.0,2221551588.0,0.005773229426351723,9.338,9.269,9.302499999999998,9.483333333333333,39.90147755732971,16727717.8,9.497333333333334,9.3125,False,False,9.72,119020890.55999999,156991271.837
2023-06-21,9.28,9.38,9.18,9.27,12488605.0,122422645.0,2221551588.0,0.005621568757376072,9.382,9.275,9.3155,9.4785,38.80596987896336,16564278.5,9.491999999999999,9.288,True,False,9.72,115769368.35,155681035.609
2023-06-26,9.19,9.23,8.83,8.85,16137072.0,153086280.0,2221551588.0,0.007263874531280972,9.318,9.224,9.3065,9.472833333333334,35.45454522892561,16714639.8,9.485166666666666,9.269499999999999,True,True,9.72,142813087.2,156893564.5
2023-06-27,8.95,9.36,8.86,9.27,18857321.0,182584025.0,2221551588.0,0.008488356111944586,9.24,9.227,9.322,9.474499999999999,48.38709650104058,17005957.75,9.4855,9.2875,True,True,9.72,174807365.67,159796061.80749997
2023-06-28,9.3,9.31,9.04,9.26,11191800.0,108441967.0,2221551588.0,0.005037830343645389,9.186,9.242999999999999,9.325,9.477666666666668,51.50214561329184,16799745.5,9.4855,9.2955,True,True,9.72,103636068.0,157932484.5075
2023-06-29,9.19,9.36,9.18,9.27,9777658.0,95746706.0,2221551588.0,0.004401274340337309,9.184,9.261,9.3025,9.4825,51.29310313874849,14960158.1,9.483333333333333,9.302499999999998,True,True,9.72,90638889.66,139831697.67450002
2023-06-30,9.24,9.46,9.19,9.36,10817314.0,106807187.0,2221551588.0,0.004869260771809725,9.202,9.292,9.286,9.4885,49.99999969026549,14438327.75,9.4785,9.3155,True,True,9.72,101250059.03999999,134596675.902
2023-07-03,9.29,9.58,9.28,9.43,16508984.0,165137509.0,2221551588.0,0.007431285453453084,9.318,9.318,9.2715,9.495666666666667,54.29864218996334,14349631.1,9.472833333333334,9.3065,False,True,9.72,155679719.12,133495164.19600001
2023-07-04,9.45,9.58,9.35,9.37,13221639.0,131842518.0,2221551588.0,0.005951533635958941,9.338,9.289,9.2655,9.5,56.338027798717185,14284999.65,9.474499999999999,9.322,False,False,9.66,123886757.42999999,132802481.90149999
2023-07-05,9.33,9.54,9.31,9.42,12101359.0,121031799.0,2221551588.0,0.005447255452165534,9.37,9.278,9.269,9.495833333333334,57.60368626430801,14231031.6,9.477666666666668,9.325,False,False,9.66,113994801.78,132340235.3905
2023-07-06,9.38,9.47,9.28,9.3,12970178.0,128243985.0,2221551588.0,0.005838342026383769,9.376000000000001,9.28,9.2745,9.489333333333333,55.555555209876545,14238596.25,9.4825,9.3025,False,False,9.66,120622655.4,132481090.50299999
2023-07-07,9.26,9.38,9.18,9.29,7743326.0,75919939.0,2221551588.0,0.0034855485876747506,9.362,9.282,9.2785,9.4915,52.80373797231197,14047012.4,9.4885,9.286,False,False,9.66,71935498.53999999,130747576.54850002
2023-07-10,9.32,9.46,9.25,9.42,11384254.0,112569090.0,2221551588.0,0.005124460787448525,9.36,9.339,9.2815,9.495499999999998,43.25842662605733,13933243.1,9.495666666666667,9.2715,False,False,9.66,107239672.67999999,129716848.6625
2023-07-11,9.42,9.45,9.32,9.33,6989873.0,69077646.0,2221551588.0,0.00314639238528455,9.352,9.344999999999999,9.286,9.497333333333334,44.25287320716082,13436540.4,9.5,9.2655,False,False,9.66,65215515.09,125158770.143
2023-07-12,9.33,9.37,9.02,9.05,14993566.0,145003863.0,2221551588.0,0.00674914149236493,9.278,9.324000000000002,9.2835,9.491333333333332,43.50282451466697,13564393.65,9.495833333333334,9.269,False,False,9.66,135691772.3,126284750.803
2023-07-13,9.09,9.25,9.09,9.23,10695428.0,103884837.0,2221551588.0,0.004814395514276034,9.264,9.319999999999999,9.2905,9.489333333333333,48.969071811563424,13441701.05,9.489333333333333,9.2745,True,False,9.66,98718800.44,125244343.06499998
2023-07-14,9.21,9.33,9.15,9.24,8448012.0,82437659.0,2221551588.0,0.0038027530153398356,9.254,9.308,9.3,9.482333333333333,62.74509746507755,13318113.95,9.4915,9.2785,True,True,9.66,78059630.88,124206135.924
2023-07-17,9.27,9.32,9.11,9.19,10615128.0,103407785.0,2221551588.0,0.004778249605968637,9.208,9.284,9.301,9.469333333333335,46.55172357609989,13342161.3,9.495499999999998,9.2815,True,True,9.66,97553026.32,124437265.25150001
2023-07-18,9.29,9.4,9.2,9.3,8812618.0,86554608.0,2221551588.0,0.003966875245032572,9.202,9.277,9.283,9.459333333333332,51.58730101410939,12045979.85,9.497333333333334,9.286,True,True,9.66,81957347.4,111757525.32049999
2023-07-19,9.27,9.33,9.19,9.27,6496798.0,63413122.0,2221551588.0,0.002924441653794267,9.246,9.261999999999999,9.27,9.451833333333333,49.99999945312501,11653823.0,9.491333333333332,9.2835,False,True,9.53,60225317.46,107935812.16599998
2023-07-20,9.26,9.36,9.16,9.18,9293403.0,90966404.0,2221551588.0,0.004183293806994862,9.236,9.25,9.265,9.436166666666669,42.96874953002934,11477216.8,9.489333333333333,9.2905,False,False,9.43,85313439.53999999,106250439.615
2023-07-21,9.12,9.19,8.96,9.01,10379900.0,99378231.0,2221551588.0,0.00467236505155603,9.19,9.222,9.251999999999999,9.419333333333332,34.78260834278518,11371781.55,9.482333333333333,9.3,True,False,9.43,93522899.0,105138116.14750001
2023-07-24,9.0,9.25,8.97,9.17,9978560.0,96402534.0,2221551588.0,0.004491707531754153,9.186,9.197,9.268,9.411,43.24324283418558,11063855.95,9.469333333333335,9.301,True,True,9.43,91503395.2,102572631.5475
2023-07-25,9.33,9.39,9.28,9.34,10275042.0,101400784.0,2221551588.0,0.004625164707181223,9.193999999999999,9.198,9.2715,9.406666666666666,47.499999584375004,10634742.0,9.459333333333332,9.283,True,True,9.43,95968892.28,98630707.87799999
2023-07-26,9.36,9.38,9.22,9.26,6448531.0,63105780.0,2221551588.0,0.0029027149469913636,9.191999999999998,9.219,9.2715,9.406,48.71794828073634,10397578.55,9.451833333333333,9.27,False,True,9.43,59713397.059999995,96434574.331
2023-07-27,9.28,9.33,9.14,9.15,5694400.0,55566721.0,2221551588.0,0.002563253552498642,9.186,9.211,9.2655,9.397333333333334,45.783132143997726,10193415.65,9.436166666666669,9.265,True,False,9.43,52103760.0,94507817.848
2023-07-28,9.12,9.42,9.04,9.36,14379377.0,140892558.0,2221551588.0,0.006472673008212853,9.256,9.222999999999999,9.2655,9.385666666666667,48.27586168053904,10371518.8,9.419333333333332,9.251999999999999,True,True,9.43,134590968.72,96174863.332
2023-07-31,9.36,9.94,9.36,9.65,26856490.0,275119991.0,2221551588.0,0.012089068804464783,9.352,9.269,9.2765,9.372833333333334,58.247422260070145,10888894.1,9.411,9.268,False,True,9.43,259165128.5,101349133.801
2023-08-01,9.69,9.87,9.61,9.83,24187535.0,250286248.0,2221551588.0,0.01088767649180515,9.45,9.322,9.2995,9.368333333333334,71.19565163220696,11437188.9,9.406666666666666,9.2715,False,False,9.65,237763469.05,107042969.382
2023-08-02,9.81,9.88,9.7,9.73,10633500.0,109737364.0,2221551588.0,0.004786519501702429,9.544,9.368,9.315000000000001,9.358166666666667,64.20454494382747,11363795.95,9.406,9.2715,False,False,9.83,103463955.0,106516427.043
2023-08-03,9.72,9.79,9.56,9.74,10575777.0,108069230.0,2221551588.0,0.004760536310354635,9.662,9.424,9.337,9.35,64.20454494382747,11244075.9,9.397333333333334,9.2655,False,False,9.83,103008067.98,105635697.672
2023-08-04,9.76,9.86,9.66,9.74,10107038.0,103927768.0,2221551588.0,0.0045495400847743,9.738,9.497,9.3595,9.3465,66.08187080400809,11362261.5,9.385666666666667,9.2655,False,False,9.83,98442550.12,106961050.25100002
2023-08-07,9.55,9.61,9.29,9.36,19703063.0,196042933.0,2221551588.0,0.008869054901281006,9.68,9.516000000000002,9.3565,9.338833333333332,51.51515115090294,11778201.95,9.372833333333334,9.2765,False,False,9.83,184420669.67999998,110820100.101
2023-08-08,9.38,9.43,9.32,9.37,8835900.0,87427040.0,2221551588.0,0.003977355307762495,9.588,9.519,9.358500000000001,9.334499999999998,52.55102003279883,11870503.3,9.368333333333334,9.2995,False,False,9.83,82792383.0,111698943.49649999
2023-08-09,9.36,9.44,9.27,9.29,7919381.0,78121902.0,2221551588.0,0.0035647972537651462,9.5,9.522,9.3705,9.327833333333334,52.820512441288614,11516794.05,9.358166666666667,9.315000000000001,False,False,9.83,73571049.49,108592907.35599999
2023-08-10,9.31,9.36,9.24,9.31,7953718.0,78100431.0,2221551588.0,0.0035802535682551975,9.414,9.538,9.374500000000001,9.325833333333332,58.33333287962966,11379708.55,9.35,9.337,True,False,9.83,74049114.58,107359423.063
2023-08-11,9.34,9.34,9.05,9.06,10873237.0,105132528.0,2221551588.0,0.004894433718637552,9.278,9.508000000000001,9.3655,9.317833333333335,47.08994674113269,11500969.8,9.3465,9.3595,True,True,9.83,98511527.22,108382017.88
2023-08-14,9.0,9.1,8.84,9.05,14650630.0,138800239.0,2221551588.0,0.006594773706420902,9.216,9.448,9.3585,9.309666666666667,41.618496773029534,11702744.9,9.338833333333332,9.3565,True,True,9.83,132588201.50000001,110133776.63900001
2023-08-15,9.01,9.06,8.9,9.04,7780900.0,73922757.0,2221551588.0,0.0035024619918932083,9.15,9.369,9.3455,9.305333333333332,43.373493610103054,11651159.0,9.334499999999998,9.358500000000001,True,True,9.83,70339336.0,109552876.069
2023-08-16,8.98,9.01,8.84,8.86,9096573.0,85648671.0,2221551588.0,0.004094693568736519,9.064000000000002,9.282,9.325,9.296833333333332,41.61849677302949,11781147.75,9.327833333333334,9.3705,True,True,9.83,80595636.78,110571392.035
2023-08-17,8.82,9.0,8.75,8.99,8782713.0,82514647.0,2221551588.0,0.003953413932605017,9.0,9.207,9.3155,9.294333333333332,38.78787845876956,11755613.25,9.325833333333332,9.374500000000001,True,True,9.83,78956589.87,110253549.55150001
2023-08-18,8.95,9.09,8.81,8.83,8059162.0,76083436.0,2221551588.0,0.0036277176922348384,8.953999999999999,9.116,9.3065,9.291333333333334,23.026315577389255,11639576.35,9.317833333333335,9.3655,True,True,9.83,71162400.46,109135524.62449999
2023-08-21,8.82,8.98,8.68,8.68,10668321.0,99348536.0,2221551588.0,0.004802193681941182,8.88,9.047999999999998,9.282,9.2855,11.409395865952064,11674064.4,9.309666666666667,9.3585,True,True,9.83,92601026.28,109190406.17849998
2023-08-22,8.71,8.83,8.65,8.81,10710132.0,98833182.0,2221551588.0,0.004821014311732472,8.834,8.992,9.2555,9.283,19.73684192347656,11695818.9,9.305333333333332,9.3455,True,True,9.83,94356262.92,109109774.7105
2023-08-23,8.79,8.83,8.68,8.69,7338000.0,66847209.0,2221551588.0,0.003303096826396993,8.8,8.931999999999999,9.227,9.274499999999998,17.79141089013521,11740292.35,9.296833333333332,9.325,True,True,9.83,63767220.0,109312465.8575
2023-08-24,8.74,8.79,8.39,8.41,16699223.0,147899799.0,2221551588.0,0.0075169188463608165,8.684000000000001,8.841999999999999,9.19,9.252666666666668,15.183245962007717,12290533.5,9.294333333333332,9.3155,True,True,9.83,140440465.43,113729301.129
2023-08-25,8.4,8.49,8.27,8.32,9883896.0,86084919.0,2221551588.0,0.004449095872177423,8.582,8.767999999999999,9.138,9.229833333333334,17.90123441319932,12065759.45,9.291333333333334,9.3065,True,True,9.83,82234014.72,111111453.42899999
2023-08-28,8.74,8.82,8.4,8.42,16558225.0,147760074.0,2221551588.0,0.007453450592568458,8.530000000000001,8.705,9.0765,9.208166666666665,22.222222040286,11550846.2,9.2855,9.282,True,True,9.83,139420254.5,105124209.729
2023-08-29,8.45,8.6,8.42,8.5,16723116.0,148138525.0,2221551588.0,0.007527673942091684,8.468,8.651,9.01,9.191666666666665,26.900584575083016,11177625.25,9.283,9.2555,True,True,9.83,142146486.0,100343360.5765
2023-08-30,8.51,8.63,8.34,8.43,14958334.0,131766221.0,2221551588.0,0.006733282306294118,8.416,8.608,8.945,9.176333333333334,24.999999801136397,11393866.95,9.274499999999998,9.227,True,True,9.74,126098755.61999999,101475100.6075
2023-08-31,8.43,8.51,8.27,8.31,11708133.0,101658908.0,2221551588.0,0.005270250334605329,8.396,8.54,8.8735,9.161666666666665,26.99386479882574,11450484.75,9.252666666666668,9.19,True,True,9.74,97294585.23,101189426.47
2023-09-01,8.33,8.42,8.31,8.37,10451329.0,90808100.0,2221551588.0,0.004704517804787525,8.406,8.494,8.805,9.147666666666664,29.761904513888865,11467699.3,9.229833333333334,9.138,True,True,9.74,87477623.72999999,100641180.1505
2023-09-04,8.4,8.59,8.4,8.58,12447714.0,110241846.0,2221551588.0,0.005603162252561654,8.437999999999999,8.484,8.766,9.134666666666668,37.76595716557269,11104931.85,9.208166666666665,9.0765,True,True,9.37,106801386.12,96760215.9725
2023-09-05,8.54,8.56,8.36,8.4,10675829.0,93517130.0,2221551588.0,0.004805573301861131,8.418,8.443000000000001,8.7175,9.120666666666667,37.76595716557269,11196928.3,9.191666666666665,9.01,True,True,9.37,89676963.60000001,97104445.00250001
2023-09-06,8.37,8.41,8.23,8.37,11440080.0,98888894.0,2221551588.0,0.005149590071099443,8.406,8.411,8.6715,9.1085,32.58426940664056,11372963.25,9.176333333333334,8.945,True,True,9.31,95753469.6,98213566.008
2023-09-07,8.35,8.4,8.24,8.24,9392361.0,81182519.0,2221551588.0,0.004227838349887556,8.392,8.394,8.617999999999999,9.094333333333333,33.142856877714294,11444895.4,9.161666666666665,8.8735,True,True,9.31,77393054.64,98380763.01099999
2023-09-08,8.23,8.29,8.16,8.21,8092101.0,69078078.0,2221551588.0,0.003642544716814382,8.36,8.383,8.5755,9.080333333333334,35.58282178027028,11305838.6,9.147666666666664,8.805,True,True,9.06,66436149.21000001,96776994.11050001
2023-09-11,8.23,8.39,8.16,8.33,10990540.0,94520057.0,2221551588.0,0.0049472360035962394,8.309999999999999,8.373999999999999,8.5395,9.066333333333331,35.185184881115646,11122834.1,9.134666666666668,8.766,True,True,9.05,91551198.2,94725143.9455
2023-09-12,8.33,8.43,8.33,8.39,10741115.0,93612472.0,2221551588.0,0.0048349608706003185,8.308000000000002,8.363,8.507,9.045166666666667,40.384615022189365,11270844.85,9.120666666666667,8.7175,True,True,9.04,90117954.85000001,95714074.88800001
2023-09-13,8.39,8.41,8.24,8.29,8515572.0,73543760.0,2221551588.0,0.003833164192989247,8.291999999999998,8.349,8.4785,9.0245,45.65217344990545,11241794.8,9.1085,8.6715,True,True,8.99,70594091.88,95213997.64299999
2023-09-14,8.33,8.34,8.23,8.34,8289635.0,71507652.0,2221551588.0,0.0037314618507072006,8.312000000000001,8.352,8.446,9.008833333333335,50.74626812653151,11217140.9,9.094333333333333,8.617999999999999,True,True,8.99,69135555.9,94722945.9445
2023-09-15,8.36,8.43,8.23,8.27,14301558.0,123781194.0,2221551588.0,0.006437643886935476,8.324000000000002,8.342,8.418000000000001,8.992166666666666,44.27480868713944,11529260.7,9.080333333333334,8.5755,True,True,8.83,118273884.66,97078520.1545
2023-09-18,8.27,8.38,8.17,8.36,8024738.0,69254190.0,2221551588.0,0.0036122222159263224,8.330000000000002,8.32,8.402,8.984000000000002,44.696969222910916,11397081.55,9.066333333333331,8.5395,True,True,8.81,67086809.67999999,95802809.3245
2023-09-19,8.33,8.38,8.28,8.35,7314601.0,63400926.0,2221551588.0,0.003292564097773272,8.322,8.315,8.379000000000001,8.968666666666667,46.825396305114644,11227305.0,9.045166666666667,8.507,True,True,8.81,61076918.349999994,94138842.09599999
2023-09-20,8.33,8.38,8.26,8.28,8444963.0,72965456.0,2221551588.0,0.003801380551150181,8.319999999999999,8.306000000000001,8.358500000000001,8.952333333333334,48.760330014343246,11282653.15,9.0245,8.4785,True,True,8.69,69924293.64,94446695.778
2023-09-21,8.25,8.31,8.16,8.19,9338504.0,79738768.0,2221551588.0,0.004203595383714312,8.29,8.300999999999998,8.3475,8.934333333333333,42.74193500130075,10914617.2,9.008833333333335,8.446,True,True,8.58,76482347.75999999,91248789.8945
2023-09-22,8.18,8.4,8.16,8.4,10519174.0,90769066.0,2221551588.0,0.004735057271152598,8.315999999999999,8.32,8.351499999999998,8.918333333333331,42.74193500130075,10946381.1,8.992166666666666,8.418000000000001,True,True,8.58,88361061.60000001,91555142.2385
2023-09-25,8.42,8.43,8.28,8.31,9317942.0,80701073.0,2221551588.0,0.004194339690481228,8.306,8.318000000000001,8.346,8.899666666666667,46.08695596068055,10584366.95,8.984000000000002,8.402,False,True,8.58,77432098.02000001,88455734.41450001
2023-09-26,8.29,8.36,8.24,8.25,4861144.0,41842445.0,2221551588.0,0.0021881751593157243,8.286,8.304,8.333499999999999,8.881,44.91525370439534,9991268.35,8.968666666666667,8.379000000000001,True,False,8.58,40104438.0,83353632.0145
2023-09-27,8.28,8.45,8.28,8.4,10335961.0,90084941.0,2221551588.0,0.004652586532687802,8.309999999999999,8.315,8.331999999999999,8.864,56.66666600555555,9760149.7,8.952333333333334,8.358500000000001,True,True,8.58,86822072.4,81389797.8535
2023-09-28,8.4,8.5,8.38,8.48,8048609.0,70677824.0,2221551588.0,0.003622967408668612,8.368,8.329,8.3405,8.850333333333333,60.799999319039955,9577173.5,8.934333333333333,8.3475,False,True,8.58,68252204.32000001,79937678.808
2023-10-09,8.68,8.74,8.35,8.44,19359781.0,170978426.0,2221551588.0,0.008714531368334805,8.376,8.346,8.344000000000001,8.836166666666665,54.70085404631452,10022596.1,8.918333333333331,8.351499999999998,False,False,8.58,163396551.64,83733625.2035
2023-10-10,8.48,8.49,7.6,7.68,39930807.0,326486568.0,2221551588.0,0.017974287527551217,8.25,8.278,8.299,8.807166666666667,31.016042548543012,11396750.75,8.899666666666667,8.346,False,False,8.58,306668597.76,93726985.7855
2023-10-11,7.7,7.84,7.68,7.73,20091273.0,162161256.0,2221551588.0,0.00904380213744557,8.146,8.216,8.2655,8.7805,34.61538434911249,11867522.95,8.881,8.333499999999999,True,False,8.48,155305540.29000002,97008414.61999999
2023-10-12,7.83,7.98,7.79,7.94,17445806.0,143546925.0,2221551588.0,0.007852982615499812,8.053999999999998,8.182,8.244,8.762,39.89898961687586,12167809.25,8.864,8.331999999999999,True,True,8.48,138519699.64000002,99146726.12200001
2023-10-13,7.93,7.94,7.83,7.89,7168800.0,58662929.0,2221551588.0,0.0032269338415201365,7.936,8.152000000000001,8.2265,8.739666666666666,40.30612216107874,12056631.2,8.850333333333333,8.3405,True,True,8.48,56561832.0,98105164.99000001
2023-10-16,7.85,7.99,7.85,7.91,8544011.0,70349157.0,2221551588.0,0.003845965606268874,7.830000000000001,8.103,8.2115,8.717500000000001,38.095237813051185,12079226.7,8.836166666666665,8.344000000000001,True,True,8.48,67583127.01,98162513.88000001
2023-10-17,7.91,8.0,7.89,7.98,7762746.0,64164882.0,2221551588.0,0.003494290225773501,7.890000000000001,8.069999999999999,8.193999999999999,8.697333333333331,40.51282022195928,11917837.0,8.807166666666667,8.299,True,True,8.48,61946713.080000006,96682289.624
2023-10-18,7.97,7.98,7.86,7.87,6469500.0,53105685.0,2221551588.0,0.00291215384551313,7.917999999999999,8.032,8.168000000000001,8.673499999999999,39.69849218302573,11704256.25,8.7805,8.2655,True,True,8.48,50914965.0,94722140.13149999
2023-10-19,7.83,7.9,7.78,7.8,6904600.0,56211364.0,2221551588.0,0.003108007951422823,7.890000000000001,7.9719999999999995,8.1435,8.649,40.10152255765419,11623707.65,8.762,8.244,True,True,8.48,53855880.0,93885229.5375
2023-10-20,7.71,7.83,7.7,7.72,6998319.0,56336841.0,2221551588.0,0.003150194232626571,7.856,7.895999999999999,8.1125,8.624666666666666,31.521738890595486,11559141.85,8.739666666666666,8.2265,True,True,8.48,54027022.68,93129802.8765
2023-10-23,7.7,7.72,7.48,7.51,8811840.0,69449840.0,2221551588.0,0.003966525039345609,7.776000000000001,7.803,8.0745,8.599666666666668,29.591836523323636,11284655.95,8.717500000000001,8.2115,True,True,8.48,66176918.4,90524954.56350002
2023-10-24,7.53,7.73,7.53,7.64,8630472.0,68457306.0,2221551588.0,0.003884884801513779,7.708,7.7989999999999995,8.0385,8.574166666666667,34.97536921691865,11314942.65,8.697333333333331,8.193999999999999,True,True,8.48,65936806.08,90467454.38350001
2023-10-25,7.83,8.3,7.83,7.91,19487144.0,162437857.0,2221551588.0,0.008771862019888417,7.715999999999999,7.817,8.016499999999999,8.550333333333333,38.604650911411596,11923569.8,8.673499999999999,8.168000000000001,True,True,8.48,154143309.04,95120773.91800001
2023-10-26,7.85,7.94,7.77,7.91,10908819.0,88970021.0,2221551588.0,0.004910450452253913,7.7379999999999995,7.813999999999998,7.998,8.527833333333334,36.23188381292447,12046762.6,8.649,8.1435,True,True,8.48,86288758.29,95938997.1505
2023-10-27,7.89,8.01,7.82,7.96,10329411.0,84994158.0,2221551588.0,0.0046496381429068125,7.786,7.821000000000001,7.9864999999999995,8.508000000000001,38.46153820266275,12096307.95,8.624666666666666,8.1125,True,True,8.48,82222111.56,96225985.3405
2023-10-30,7.95,7.98,7.82,7.85,11677531.0,95445704.0,2221551588.0,0.005256475277494209,7.854000000000001,7.8149999999999995,7.9590000000000005,8.482833333333334,55.94405539635189,12154225.8,8.599666666666668,8.0745,True,True,8.48,91668618.35,96391363.178
2023-10-31,7.83,7.87,7.68,7.73,13183240.0,106063835.0,2221551588.0,0.005934248869668832,7.872,7.789999999999999,7.9300000000000015,8.450833333333334,49.99999953333334,12347490.7,8.574166666666667,8.0385,True,True,8.48,101906445.2,97615080.537
2023-11-01,7.72,7.77,7.55,7.58,18415496.0,145551804.0,2221551588.0,0.008289474842481128,7.806,7.761,7.8965000000000005,8.413333333333334,37.49999963541667,13025208.3,8.550333333333333,8.016499999999999,True,True,8.48,139589459.68,102589331.62099999
2023-11-02,7.59,7.66,7.55,7.56,8653129.0,68267931.0,2221551588.0,0.0038950835293409354,7.736,7.737,7.8545,8.377166666666666,38.297871960162986,12941066.7,8.527833333333334,7.998,True,True,8.48,65417655.239999995,101519110.763
2023-11-03,7.6,7.63,7.55,7.56,10779488.0,84959646.0,2221551588.0,0.004852233933358472,7.656000000000001,7.721000000000001,7.8085,8.340833333333332,37.41007156565395,13077610.65,8.508000000000001,7.9864999999999995,True,True,8.48,81492929.28,102181147.011
2023-11-06,7.58,7.73,7.55,7.72,13422271.0,106692222.0,2221551588.0,0.006041845290697791,7.63,7.742,7.772499999999999,8.307166666666667,41.21621582633308,12780735.15,8.482833333333334,7.9590000000000005,True,True,8.44,103619932.11999999,99192316.035
2023-11-07,7.69,7.71,7.63,7.65,8948219.0,71223574.0,2221551588.0,0.004027914115672564,7.614,7.743,7.771000000000001,8.278666666666666,42.36111069926699,11231605.75,8.450833333333334,7.9300000000000015,True,True,7.98,68453875.35000001,87281579.9145
2023-11-08,7.62,7.67,7.58,7.61,10498640.0,83170195.0,2221551588.0,0.004725814181723157,7.62,7.713000000000001,7.764999999999999,8.249333333333333,43.2624109179619,10751974.1,8.413333333333334,7.8965000000000005,True,True,7.98,79894650.4,83511035.42
2023-11-09,7.6,7.69,7.59,7.63,9917144.0,78746608.0,2221551588.0,0.004464061988732894,7.634,7.685,7.749499999999999,8.221666666666668,46.66666618271606,10375541.0,8.377166666666666,7.8545,True,True,7.98,75667808.72,80368440.874
2023-11-10,7.59,7.62,7.41,7.48,17241656.0,134032387.0,2221551588.0,0.007761087382860271,7.618,7.6370000000000005,7.729000000000001,8.191166666666668,48.83720877230938,10879183.8,8.340833333333332,7.8085,True,True,7.98,128967586.88000001,83988728.618
2023-11-13,7.5,7.65,7.48,7.64,11978382.0,94196579.0,2221551588.0,0.0053918990964255745,7.602000000000001,7.616000000000001,7.7155000000000005,8.1675,49.999999469696974,11050902.35,8.307166666666667,7.772499999999999,True,True,7.98,91514838.47999999,85185314.1915
2023-11-14,7.64,7.72,7.56,7.6,11678343.0,92506627.0,2221551588.0,0.005256840787799882,7.5920000000000005,7.603,7.696499999999999,8.143333333333334,35.77981605420416,11246682.2,8.278666666666666,7.771000000000001,True,True,7.98,88755406.8,86525748.8775
2023-11-15,7.67,7.67,7.57,7.61,13989500.0,110516243.0,2221551588.0,0.00629717539559563,7.5920000000000005,7.606,7.6834999999999996,8.119499999999999,36.36363590082645,11622682.2,8.249333333333333,7.764999999999999,True,True,7.96,106460095.0,89303005.3775
2023-11-16,7.59,7.6,7.52,7.53,9458902.0,74192333.0,2221551588.0,0.004257790839111497,7.572,7.603,7.67,8.097333333333333,30.97345094369176,11750397.3,8.221666666666668,7.749499999999999,True,True,7.96,71225532.06,90171487.98050001
2023-11-17,7.5,7.53,7.44,7.48,11824510.0,91838394.0,2221551588.0,0.005322635793772078,7.572,7.595000000000001,7.6579999999999995,8.072166666666668,32.71027994584682,11991706.85,8.191166666666668,7.729000000000001,True,True,7.96,88447334.80000001,91892503.5865
2023-11-20,7.49,7.55,7.43,7.51,11311517.0,88025082.0,2221551588.0,0.005091719256532521,7.546000000000001,7.574,7.6579999999999995,8.050166666666666,38.775509650145736,12116690.7,8.1675,7.7155000000000005,True,True,7.96,84949492.67,92831132.3
2023-11-21,7.52,7.62,7.5,7.51,14108643.0,111016596.0,2221551588.0,0.0063508059305080605,7.5280000000000005,7.5600000000000005,7.6515,8.030666666666667,45.78313175787487,12390599.25,8.143333333333334,7.696499999999999,True,True,7.96,105955908.92999999,94832087.4425
2023-11-22,7.5,7.5,7.4,7.45,15520823.0,120252893.0,2221551588.0,0.006986478767289378,7.496,7.544,7.6285,8.008,43.6781602166733,12192283.2,8.119499999999999,7.6834999999999996,True,True,7.96,115630131.35000001,92906428.558
2023-11-23,7.4,7.46,7.35,7.45,14404711.0,110829997.0,2221551588.0,0.0064840767496955375,7.4799999999999995,7.526000000000001,7.605500000000001,7.987333333333333,43.6781602166733,12367077.8,8.097333333333333,7.67,True,True,7.96,107315096.95,93957745.49100001
2023-11-24,7.45,7.47,7.38,7.41,9047267.0,69841410.0,2221551588.0,0.004072499170791257,7.465999999999999,7.519,7.578,7.970666666666667,29.333332785777742,12302970.6,8.072166666666668,7.6579999999999995,True,True,7.96,67040248.47,93198652.3365
2023-11-27,7.37,7.41,7.24,7.33,16323134.0,123894295.0,2221551588.0,0.0073476277067665375,7.43,7.4879999999999995,7.552,7.954166666666667,28.947367887811566,12535250.75,8.050166666666666,7.6579999999999995,True,True,7.85,119648572.22,94597650.03
2023-11-28,7.31,7.37,7.26,7.35,9889928.0,75258536.0,2221551588.0,0.004451811091591,7.398000000000001,7.462999999999999,7.5329999999999995,7.936333333333334,32.432431818845785,12370585.15,8.030666666666667,7.6515,True,True,7.73,72690970.8,93136876.30999999
2023-11-29,7.34,7.37,7.24,7.24,9349398.0,70808271.0,2221551588.0,0.004208499163603488,7.356,7.426,7.516,7.915333333333334,26.50602364929594,11917280.25,8.008,7.6285,True,True,7.72,67689641.52,89541885.40200001
2023-11-30,7.22,7.34,7.22,7.29,8732781.0,66152112.0,2221551588.0,0.0039309377496211445,7.324000000000001,7.401999999999999,7.5025,7.896333333333333,36.986300660536635,11921262.85,7.987333333333333,7.605500000000001,True,True,7.72,63661973.49,89454101.3145
2023-12-01,7.28,7.39,7.25,7.36,12527793.0,95556980.0,2221551588.0,0.005639208680847433,7.314,7.389999999999999,7.4925,7.8805,28.124999384765644,12008678.1,7.970666666666667,7.578,True,True,7.72,92204556.48,89989682.67450002
2023-12-04,7.37,7.42,7.34,7.36,11534919.0,88429880.0,2221551588.0,0.0051922805044489475,7.32,7.375,7.474500000000001,7.863666666666666,29.999999300000027,11914310.5,7.954166666666667,7.552,True,True,7.72,84897003.84,89053536.2605
2023-12-05,7.33,7.36,7.22,7.22,9352863.0,70650146.0,2221551588.0,0.004210058884304423,7.294,7.345999999999999,7.453,7.840999999999999,23.28767078626376,11934542.7,7.936333333333334,7.5329999999999995,True,True,7.65,67527670.86,89007226.036
2023-12-06,7.22,7.28,7.17,7.22,10248112.0,76817748.0,2221551588.0,0.004613042548890834,7.290000000000001,7.322999999999999,7.4335,7.8213333333333335,26.15384559053247,11922016.3,7.915333333333334,7.516,True,True,7.64,73991368.64,88712061.948
2023-12-07,7.2,7.23,7.15,7.17,8412000.0,62723383.0,2221551588.0,0.003786542723310371,7.266,7.294999999999999,7.410500000000001,7.801333333333334,26.15384559053247,11846759.1,7.896333333333333,7.5025,True,True,7.64,60314040.0,87944373.512
2023-12-08,7.18,7.22,7.11,7.12,16461414.0,122722808.0,2221551588.0,0.007409872491333746,7.218000000000001,7.266,7.3925,7.7826666666666675,20.895521951436834,11807747.0,7.8805,7.4925,True,True,7.64,117205267.68,87356257.55200002
2023-12-11,7.1,7.23,7.03,7.22,13920488.0,102991822.0,2221551588.0,0.006266110620700112,7.19,7.255,7.3715,7.766166666666666,31.168830602125126,11904852.3,7.863666666666666,7.474500000000001,True,True,7.64,100505923.36,87805811.796
2023-12-12,7.22,7.3,7.2,7.25,9368387.0,70606033.0,2221551588.0,0.004217046793153291,7.196,7.245,7.354000000000001,7.748166666666666,36.4864857962016,11789354.5,7.840999999999999,7.453,True,True,7.61,67920805.75,86764081.74350001
2023-12-13,7.26,7.26,7.18,7.18,5850932.0,43837734.0,2221551588.0,0.0026337142164983116,7.188,7.239,7.3325000000000005,7.728,33.33333275720162,11382426.1,7.8213333333333335,7.4335,True,True,7.61,42009691.76,83541561.58150001
2023-12-14,7.23,7.27,7.19,7.21,6060000.0,45538975.0,2221551588.0,0.0027278232172207382,7.196,7.231,7.3165000000000004,7.709999999999999,37.49999934374999,11212481.0,7.801333333333334,7.410500000000001,True,True,7.53,43692600.0,82164914.9785
2023-12-15,7.22,7.24,7.15,7.17,6558788.0,49040997.0,2221551588.0,0.002952345574790226,7.206,7.212000000000001,7.301,7.6905,39.4736834833795,10949194.9,7.7826666666666675,7.3925,True,True,7.51,47026509.96,80093873.7365
2023-12-18,7.15,7.19,7.05,7.08,7779701.0,57528253.0,2221551588.0,0.0035019222790157417,7.178,7.184,7.2795000000000005,7.6706666666666665,33.73493919001311,10772604.1,7.766166666666666,7.3715,True,True,7.51,55080283.08,78600413.257
2023-12-19,7.05,7.1,6.96,7.03,8596580.0,62813285.0,2221551588.0,0.0038696287974744974,7.134,7.165000000000001,7.2555000000000005,7.6485,36.36363570247936,10497000.95,7.748166666666666,7.354000000000001,True,True,7.51,60433957.4,76324315.6805
2023-12-20,7.01,7.1,6.96,6.97,6671639.0,48776003.0,2221551588.0,0.0030031438549695294,7.0920000000000005,7.140000000000001,7.231500000000001,7.6255,29.48717895792244,10054541.75,7.728,7.3325000000000005,True,True,7.45,46501323.83,72867875.3045
2023-12-21,6.95,7.07,6.93,7.03,7887801.0,57401489.0,2221551588.0,0.0035505819637981777,7.056,7.126,7.210499999999999,7.604666666666668,28.57142805194809,9728696.25,7.709999999999999,7.3165000000000004,True,True,7.45,55451241.03,70274682.5085
2023-12-22,7.03,7.06,6.98,7.02,8350831.0,60905178.0,2221551588.0,0.0037590083638426855,7.025999999999999,7.116,7.191,7.585166666666667,28.205127698882336,9693874.45,7.6905,7.301,True,True,7.41,58622833.62,69853811.766
2023-12-25,7.01,7.04,6.96,7.03,6119472.0,44560230.0,2221551588.0,0.002754593696160433,7.016,7.0969999999999995,7.176,7.562333333333333,35.3846146224853,9183691.35,7.6706666666666665,7.2795000000000005,True,True,7.36,43019888.160000004,66022377.563
2023-12-26,7.06,7.06,6.95,6.97,5986687.0,43506323.0,2221551588.0,0.002694822408058345,7.004,7.069,7.156999999999999,7.54,32.39436555842103,8988529.3,7.6485,7.2555000000000005,True,True,7.36,41727208.39,64474189.44250001
2023-12-27,6.95,7.04,6.93,7.01,6822318.0,49525655.0,2221551588.0,0.003070969873871774,7.0120000000000005,7.052,7.1455,7.519333333333333,38.57142780000005,8862175.3,7.6255,7.231500000000001,True,True,7.36,47824449.18,63480929.8255
2023-12-28,7.01,7.17,6.97,7.15,10622091.0,78475588.0,2221551588.0,0.004781383901853374,7.036,7.046000000000001,7.138499999999999,7.498500000000001,51.89873325749081,8956640.8,7.604666666666668,7.210499999999999,True,True,7.36,75947950.65,64095228.68349999
2023-12-29,7.14,7.19,7.12,7.16,8133812.0,60514265.0,2221551588.0,0.003661320333021229,7.064,7.045,7.1285,7.4765,45.714284800000065,8736941.75,7.585166666666667,7.191,False,True,7.36,58238093.92,62396905.55550001
2024-01-02,7.16,7.25,7.14,7.19,11810474.0,88567048.0,2221551588.0,0.0053163176870597165,7.095999999999999,7.056,7.119999999999999,7.455666666666667,45.714284800000065,8750719.5,7.562333333333333,7.176,False,False,7.36,84917308.06,62397920.766499996
2024-01-03,7.18,7.24,7.15,7.22,7723590.0,57795424.0,2221551588.0,0.003476664706649162,7.146000000000001,7.075,7.119999999999999,7.4479999999999995,53.03030190541783,8669255.85,7.54,7.156999999999999,False,False,7.25,55764319.8,61809753.2135
2024-01-04,7.21,7.23,7.14,7.19,7278298.0,54275422.0,2221551588.0,0.00327622281621308,7.182,7.0969999999999995,7.1185,7.439000000000001,48.48484745638206,8520765.15,7.519333333333333,7.1455,False,False,7.25,52330962.620000005,60726732.9125
2024-01-05,7.19,7.26,7.12,7.15,10090441.0,75571304.0,2221551588.0,0.004542069180164364,7.182,7.109,7.1175,7.425833333333333,48.48484745638206,8604687.2,7.498500000000001,7.138499999999999,False,False,7.25,72146653.15,61318363.57000001
2024-01-08,7.12,7.14,7.0,7.0,9616000.0,70547746.0,2221551588.0,0.004328506279999112,7.15,7.107000000000001,7.1114999999999995,7.411,44.44444358024695,8262416.5,7.4765,7.1285,False,False,7.25,67312000.0,58823700.186000004
2024-01-09,6.97,7.11,6.97,7.08,10407972.0,76204052.0,2221551588.0,0.004685001264980753,7.128,7.112,7.1045,7.397166666666666,53.333332337777776,8086790.7,7.455666666666667,7.119999999999999,True,False,7.25,73688441.76,57482826.106000006
2024-01-10,7.06,7.13,7.0,7.04,7335380.0,53895288.0,2221551588.0,0.003301917470484597,7.0920000000000005,7.119,7.093999999999999,7.3815,54.79451949709141,7985140.35,7.4479999999999995,7.119999999999999,True,True,7.25,51641075.2,56668839.578499995
2024-01-11,7.02,7.11,6.99,7.1,7436841.0,54535879.0,2221551588.0,0.00334758870339589,7.074,7.128,7.089999999999999,7.368666666666667,54.79451949709136,8064435.8,7.439000000000001,7.1185,True,True,7.22,52801571.099999994,57208433.5455
2024-01-12,7.06,7.19,7.06,7.09,8245920.0,61091492.0,2221551588.0,0.003711784162268124,7.062,7.122,7.083999999999999,7.3568333333333324,54.79451949709143,8173731.8,7.425833333333333,7.1175,False,True,7.22,58463572.8,57946982.1855
2024-01-15,7.05,7.14,7.02,7.09,6829597.0,50318440.0,2221551588.0,0.0030742464126833503,7.08,7.114999999999999,7.08,7.346333333333334,54.16666561342592,8187272.25,7.411,7.1114999999999995,False,False,7.22,48421842.73,58016748.824
2024-01-16,7.1,7.19,7.06,7.17,12172500.0,90240037.0,2221551588.0,0.005479278566273834,7.097999999999999,7.1129999999999995,7.0845,7.3406666666666665,63.51351231190654,8406912.2,7.397166666666666,7.1045,False,False,7.22,87276825.0,59626575.92
2024-01-17,7.14,7.16,7.01,7.01,9569521.0,70423921.0,2221551588.0,0.004307584416086042,7.0920000000000005,7.0920000000000005,7.083500000000001,7.330166666666666,49.99999918604653,8455559.25,7.3815,7.093999999999999,False,False,7.22,67082342.21,59958995.160500005
2024-01-18,6.97,6.99,6.67,6.86,21237018.0,149835404.0,2221551588.0,0.009559543030517282,7.044,7.059,7.0779999999999985,7.312666666666667,33.33333279693484,9183828.2,7.368666666666667,7.089999999999999,True,False,7.22,145685943.48000002,64918226.14300001
2024-01-19,6.85,6.9,6.76,6.8,8561465.0,60836168.0,2221551588.0,0.003853822277297483,6.986,7.023999999999999,7.0665,7.2941666666666665,30.434782145557634,9217511.4,7.3568333333333324,7.083999999999999,True,True,7.22,58217962.0,65056562.19150001
2024-01-22,6.8,6.8,6.42,6.46,15106484.0,103882098.0,2221551588.0,0.0067999699316458094,6.859999999999999,6.970000000000001,7.038500000000001,7.269166666666666,20.325203020688704,9555294.05,7.346333333333334,7.08,True,True,7.22,97587886.64,67004814.842499994
2024-01-23,6.43,6.54,6.35,6.52,10689148.0,71762846.0,2221551588.0,0.0048115686611730395,6.7299999999999995,6.914,7.013,7.247,22.222221975308614,9783777.85,7.3406666666666665,7.0845,True,True,7.22,69693244.96,68338482.6825
2024-01-24,6.57,6.89,6.52,6.87,17444872.0,121525559.0,2221551588.0,0.007852562188621117,6.702000000000001,6.897,7.008,7.232666666666668,39.87341736821021,10356687.1,7.330166666666666,7.083500000000001,True,True,7.22,119846270.64,72244435.795
2024-01-25,6.92,7.36,6.89,7.35,38227188.0,286305594.0,2221551588.0,0.01720742755040627,6.8,6.922,7.025,7.228833333333332,54.95049466865992,11926930.6,7.312666666666667,7.0779999999999985,True,True,7.22,280969831.8,83901704.926
2024-01-26,7.35,7.42,7.23,7.34,26966453.0,205156094.0,2221551588.0,0.012138567092325385,6.9079999999999995,6.947,7.0344999999999995,7.2251666666666665,59.04255275181078,12744148.7,7.2941666666666665,7.0665,False,True,7.35,197933765.02,90000995.6445
2024-01-29,7.32,7.7,7.29,7.41,43252891.0,337300591.0,2221551588.0,0.01946967661414487,7.098000000000001,6.978999999999999,7.047,7.222666666666667,58.82352897137465,14500102.65,7.269166666666666,7.038500000000001,False,False,7.35,320503922.31,103114287.06400001
2024-01-30,7.35,7.5,7.26,7.32,28360635.0,217515284.0,2221551588.0,0.012766138384178725,7.258,6.994,7.053500000000001,7.215999999999999,57.29166624891494,15327610.7,7.247,7.013,False,False,7.41,207599848.20000002,109248414.07100001
2024-01-31,7.27,7.37,7.11,7.17,24028061.0,180517833.0,2221551588.0,0.01081589152815118,7.3180000000000005,7.01,7.051,7.208,51.74129317195119,16142834.25,7.232666666666668,7.008,False,False,7.41,172281197.37,115074257.94950001
2024-02-01,7.11,7.17,6.84,6.88,27754366.0,201858166.0,2221551588.0,0.012493234975914501,7.223999999999999,7.0120000000000005,7.035499999999999,7.195833333333334,45.4148468839267,17166637.65,7.228833333333332,7.025,False,False,7.41,190950038.07999998,122005211.72250001
2024-02-02,6.87,7.06,6.49,6.72,26578462.0,188023395.0,2221551588.0,0.011963918435910749,7.1,7.0040000000000004,7.014,7.180666666666667,42.448979349271134,17991038.7,7.2251666666666665,7.0344999999999995,True,False,7.41,178607264.64,127328242.297
2024-02-05,6.64,6.72,6.2,6.47,30022244.0,202004359.0,2221551588.0,0.013514088154499341,6.911999999999999,7.005,6.9875,7.163833333333333,36.64122117825302,19011350.9,7.222666666666667,7.047,True,True,7.41,194243918.68,133674838.23100002
2024-02-06,6.38,6.97,6.31,6.94,26377458.0,182471352.0,2221551588.0,0.011873439330637772,6.836,7.047,6.980499999999999,7.152166666666667,48.805460517653096,19809825.2,7.215999999999999,7.053500000000001,True,True,7.41,183059558.52,139143394.069
2024-02-07,6.97,7.48,6.92,7.45,39257131.0,296337163.0,2221551588.0,0.017671041812421778,6.892,7.1049999999999995,7.001,7.149666666666666,58.96656509862251,21405912.75,7.208,7.051,True,True,7.41,292465625.95,151184621.6065
2024-02-08,7.5,7.68,7.38,7.38,36179753.0,283815329.0,2221551588.0,0.016285803667774202,6.992,7.108,7.015000000000001,7.145833333333333,58.78787853847566,22843058.35,7.195833333333334,7.035499999999999,False,True,7.45,267006577.14,161894871.90850002
2024-02-19,7.48,7.49,7.25,7.35,24764348.0,188517535.0,2221551588.0,0.011147320698635966,7.118,7.109,7.0280000000000005,7.142833333333333,64.88294284001296,23668979.75,7.180666666666667,7.014,False,False,7.45,182017957.79999998,168072591.15850002
2024-02-20,7.33,7.38,7.24,7.38,14989615.0,114195061.0,2221551588.0,0.006747363005643604,7.3,7.106,7.0424999999999995,7.141166666666666,64.52702672183163,24076980.65,7.163833333333333,6.9875,False,False,7.45,110623358.7,171182666.957
2024-02-21,7.31,7.57,7.27,7.37,27108280.0,210137405.0,2221551588.0,0.01220240850873277,7.386,7.111,7.052499999999999,7.138833333333333,59.54198441466115,24823769.65,7.152166666666667,6.980499999999999,False,False,7.45,199788023.6,176808226.887
2024-02-22,7.34,7.43,7.31,7.39,16305901.0,124923758.0,2221551588.0,0.007339870515759547,7.374,7.133,7.0715,7.136833333333333,50.92592559585049,25160588.65,7.149666666666666,7.001,False,False,7.45,120500608.39,179479140.196
2024-02-23,7.44,7.45,7.29,7.42,16993629.0,130106614.0,2221551588.0,0.0076494415397748575,7.382,7.187,7.099500000000001,7.136333333333334,51.834862052436655,24948419.2,7.145833333333333,7.015000000000001,False,False,7.45,126092727.17999999,178499479.38099998
2024-02-26,7.43,7.6,7.42,7.48,32163395.0,251212048.0,2221551588.0,0.014477896967927624,7.4079999999999995,7.263,7.1335,7.136833333333334,51.61290289281999,26128515.7,7.142833333333333,7.0280000000000005,False,False,7.45,240582194.60000002,187617691.01099998
2024-02-27,7.44,7.53,7.38,7.53,20321181.0,157522364.0,2221551588.0,0.009147291969165831,7.438,7.369,7.186999999999999,7.138833333333333,54.92957710374925,26389250.55,7.141166666666666,7.0424999999999995,False,False,7.48,153018492.93,190389221.3255
2024-02-28,7.55,7.66,7.44,7.45,34296182.0,269321944.0,2221551588.0,0.01543794084515313,7.454000000000001,7.42,7.233500000000001,7.140833333333333,56.79611611886135,27569602.25,7.138833333333333,7.052499999999999,False,False,7.53,255506555.9,199679886.8725
2024-02-29,7.43,7.62,7.41,7.62,24448030.0,191215558.0,2221551588.0,0.011004934628598865,7.5,7.437,7.271000000000001,7.145333333333332,69.07216444999469,27919760.15,7.136833333333333,7.0715,False,False,7.53,186293988.6,203002272.7705
2024-03-01,7.6,7.8,7.57,7.78,27508216.0,220093443.0,2221551588.0,0.012382434037809073,7.572,7.477000000000001,7.292500000000001,7.154333333333333,77.31958707088957,27383811.55,7.136333333333334,7.099500000000001,False,False,7.62,214013920.48000002,199654477.20450002
2024-03-04,7.76,7.79,7.56,7.62,23466170.0,186203318.0,2221551588.0,0.010562964248390887,7.6,7.504,7.3065,7.159833333333334,81.08108046749452,27208797.4,7.136833333333334,7.1335,False,False,7.78,178812215.4,198698399.7235
2024-03-05,7.56,7.7,7.52,7.62,16649699.0,131907072.0,2221551588.0,0.00749462631880147,7.617999999999999,7.5280000000000005,7.317,7.1641666666666675,74.63768040222641,25878637.8,7.138833333333333,7.186999999999999,False,False,7.78,126870706.38,189016738.927
2024-03-06,7.61,7.7,7.56,7.64,13237029.0,104983392.0,2221551588.0,0.005958461226604655,7.656000000000001,7.555,7.333,7.168833333333334,60.67415634894582,25122457.5,7.140833333333333,7.233500000000001,False,False,7.78,101130901.56,183693291.59499997
2024-03-07,7.65,7.96,7.65,7.73,32599117.0,264615600.0,2221551588.0,0.014674031058332551,7.678,7.589,7.361,7.177333333333334,69.2307681656805,25551010.3,7.145333333333332,7.271000000000001,False,False,7.78,251991174.41000003,187678790.447
2024-03-08,7.71,7.81,7.64,7.8,18082740.0,145327621.0,2221551588.0,0.008139689439433355,7.682,7.627,7.407000000000001,7.186999999999999,73.68420944044323,25067429.0,7.154333333333333,7.292500000000001,False,False,7.78,141045372.0,185183557.143
2024-03-11,7.82,8.01,7.78,7.88,25143159.0,206032349.0,2221551588.0,0.011317837107998772,7.734,7.667,7.465000000000001,7.198833333333332,74.99999895000002,24995663.85,7.159833333333334,7.3065,False,False,7.8,198128092.92,186159598.557
2024-03-12,7.84,7.87,7.67,7.72,23009964.0,184810447.0,2221551588.0,0.010357609575348741,7.754,7.686,7.527500000000001,7.208833333333333,65.21739051039697,24645049.85,7.1641666666666675,7.317,False,False,7.88,177636922.07999998,185329248.727
2024-03-13,7.7,7.72,7.54,7.59,18899905.0,149309887.0,2221551588.0,0.008507524696743617,7.744,7.7,7.5600000000000005,7.215,57.93650729276897,24271172.2,7.168833333333334,7.333,False,False,7.88,143450278.95,183348784.7485
2024-03-14,7.58,7.77,7.57,7.64,20289074.0,162185221.0,2221551588.0,0.00913283945760885,7.726000000000001,7.702,7.5695,7.221500000000001,58.59374935913086,23322769.35,7.177333333333334,7.361,False,False,7.88,155008525.35999998,176475929.719
2024-03-15,7.62,7.69,7.56,7.69,14006505.0,110829521.0,2221551588.0,0.006304829955630092,7.704000000000001,7.693,7.584999999999999,7.23,58.26771589311179,22214106.95,7.186999999999999,7.407000000000001,False,False,7.88,107710023.45,168511102.0345
2024-03-18,7.66,7.8,7.63,7.73,21981962.0,176592413.0,2221551588.0,0.009894869027007263,7.6739999999999995,7.704000000000001,7.604000000000001,7.238666666666666,57.93650729276897,22074987.65,7.198833333333332,7.465000000000001,False,False,7.88,169920566.26000002,167906232.4575
2024-03-19,7.7,7.74,7.57,7.58,18260364.0,144984840.0,2221551588.0,0.008219644368663655,7.645999999999999,7.7,7.614,7.245500000000001,54.88721746735259,22238525.1,7.208833333333333,7.527500000000001,False,False,7.88,138413559.12,169295742.4785
2024-03-20,7.54,7.6,7.52,7.58,11012616.0,86540096.0,2221551588.0,0.004957173202497785,7.644,7.694,7.6245,7.253833333333334,48.275861486325816,21433741.9,7.215,7.5600000000000005,True,False,7.88,83475629.28,163480122.76250002
2024-03-21,7.56,7.61,7.49,7.49,16591878.0,129826572.0,2221551588.0,0.007468599014140922,7.614,7.67,7.6295,7.2615,36.697247235081235,21448040.75,7.221500000000001,7.5695,True,True,7.88,124273166.22,163668750.65399998
2024-03-22,7.49,7.51,7.33,7.38,14171434.0,108927944.0,2221551588.0,0.0063790704103154055,7.552000000000001,7.628,7.6275,7.2683333333333335,38.461537943786986,21306931.0,7.23,7.584999999999999,True,True,7.88,104585182.92,162593373.441
2024-03-25,7.34,7.56,7.33,7.39,20106154.0,155764572.0,2221551588.0,0.009050500608946471,7.484,7.579000000000001,7.623,7.274333333333333,39.04761852698412,20704068.95,7.238666666666666,7.604000000000001,True,True,7.88,148584478.06,157993487.61400002
2024-03-26,7.39,7.47,7.34,7.47,11479384.0,88470614.0,2221551588.0,0.005167282210328757,7.462000000000001,7.554,7.62,7.281833333333334,42.3423418082948,20261979.1,7.245500000000001,7.614,True,True,7.88,85750998.48,154630112.8915
2024-03-27,7.46,7.52,7.29,7.3,12590510.0,96782920.0,2221551588.0,0.00566743985060229,7.406000000000001,7.525,7.6125,7.286333333333332,31.932772733564008,19176695.5,7.253833333333334,7.6245,True,True,7.88,91910723.0,146450321.2465
2024-03-28,7.31,7.42,7.29,7.38,11208900.0,85789780.0,2221551588.0,0.005045527666585071,7.384,7.4990000000000006,7.600499999999999,7.293166666666667,32.49999962083335,18514739.0,7.2615,7.6295,True,True,7.88,82721682.0,141271705.9165
2024-03-29,7.27,7.32,7.16,7.31,20691415.0,155712259.0,2221551588.0,0.009313947563390997,7.37,7.461,7.577,7.298166666666666,26.050419861591706,18173898.95,7.2683333333333335,7.6275,True,True,7.88,151254243.65,138133722.075
2024-04-01,7.3,7.48,7.3,7.48,18724676.0,144471928.0,2221551588.0,0.008428647842860716,7.388,7.436,7.57,7.3036666666666665,39.99999953333338,17936824.25,7.274333333333333,7.623,True,True,7.88,140060576.48000002,136196140.129
2024-04-02,7.47,7.51,7.43,7.46,13695284.0,106349384.0,2221551588.0,0.00616473822799203,7.386,7.424000000000001,7.562,7.308666666666666,44.03669668209749,17789103.5,7.281833333333334,7.62,True,True,7.88,102166818.64,134960945.742
2024-04-03,7.45,7.47,7.34,7.45,11608738.0,89334529.0,2221551588.0,0.00522550908234862,7.4159999999999995,7.411,7.552499999999999,7.313000000000001,40.952380406349256,17707688.95,7.286333333333332,7.6125,True,True,7.88,86485098.10000001,134228655.569
2024-04-08,7.42,7.5,7.32,7.39,13824756.0,106669719.0,2221551588.0,0.006223018216041536,7.418000000000001,7.400999999999999,7.535500000000001,7.315833333333333,35.84905613029548,16768970.9,7.293166666666667,7.600499999999999,True,True,7.88,102164946.83999999,126737344.19049999
2024-04-09,7.34,7.42,7.28,7.32,12579436.0,96010290.0,2221551588.0,0.005662455046261118,7.42,7.3950000000000005,7.5115,7.318,31.192660149819062,16493805.7,7.298166666666666,7.577,True,True,7.88,92081471.52000001,124289149.1665
2024-04-10,7.32,7.42,7.23,7.27,11520814.0,87574057.0,2221551588.0,0.00518593133836332,7.378,7.383,7.481,7.319999999999999,34.343433857769625,15812688.45,7.3036666666666665,7.57,True,True,7.88,83756317.78,118570560.4095
2024-04-11,7.22,7.47,7.21,7.42,17537991.0,134751255.0,2221551588.0,0.00789447838831821,7.37,7.378,7.465999999999999,7.327,42.98245561249617,15539089.8,7.308666666666666,7.562,True,True,7.73,130131893.22,116195308.9665
2024-04-12,7.4,7.47,7.35,7.37,11021756.0,85033261.0,2221551588.0,0.004961287444115838,7.354000000000001,7.385000000000001,7.455,7.331833333333334,44.54545397851241,15145182.35,7.313000000000001,7.552499999999999,True,True,7.73,81230341.72,113084312.10499999
2024-04-15,7.38,7.89,7.34,7.79,46571182.0,373025037.0,2221551588.0,0.020963358335480617,7.434,7.425999999999999,7.4625,7.344333333333334,64.53900645138575,16459287.75,7.315833333333333,7.535500000000001,True,True,7.73,362789507.78000003,123473361.226
2024-04-16,7.74,7.92,7.6,7.63,41816339.0,337062594.0,2221551588.0,0.018823033066563206,7.4959999999999996,7.458,7.4595,7.353166666666667,57.69230717455621,17849779.45,7.318,7.5115,False,True,7.79,319058666.57,134040793.38200001
2024-04-17,7.6,7.93,7.56,7.93,43883814.0,355658346.0,2221551588.0,0.01975367767151757,7.628,7.503,7.469499999999999,7.367166666666667,62.92134781971972,18944872.05,7.319999999999999,7.481,False,False,7.79,347998645.02,142944697.32
2024-04-18,7.89,8.0,7.8,7.83,35294518.0,289186866.0,2221551588.0,0.01588732766353387,7.709999999999999,7.539999999999999,7.482000000000001,7.379499999999999,65.49707548715844,19796579.75,7.327,7.465999999999999,False,False,7.93,276356075.94,149841823.161
2024-04-19,7.81,7.96,7.79,7.86,29913754.0,245246835.0,2221551588.0,0.013465252916737579,7.808,7.581,7.4959999999999996,7.391000000000001,64.45783078168094,20741636.65,7.331833333333334,7.455,False,False,7.93,235122106.44,157424147.019
2024-04-22,7.84,7.97,7.7,7.72,23453571.0,190024348.0,2221551588.0,0.010557292986886966,7.794,7.614,7.5074999999999985,7.402833333333334,61.84971048214106,21084721.3,7.344333333333334,7.4625,False,False,7.93,181061568.12,160263567.11400002
2024-04-23,7.72,7.74,7.48,7.52,21572650.0,170064692.0,2221551588.0,0.009710623024253623,7.772,7.633999999999999,7.5145,7.413833333333333,51.136363229597094,21454782.1,7.353166666666667,7.4595,False,False,7.93,162226328.0,163145624.368
2024-04-24,7.54,7.59,7.47,7.59,16207600.0,126966880.0,2221551588.0,0.0072956217121166395,7.703999999999999,7.6659999999999995,7.524500000000001,7.4270000000000005,53.59115980647721,21259854.4,7.367166666666667,7.469499999999999,False,False,7.93,123015684.0,161867184.66500002
2024-04-25,7.55,7.56,7.47,7.49,16723029.0,130347338.0,2221551588.0,0.0075276347802732185,7.636,7.673,7.525500000000001,7.444166666666667,51.05263120277009,21522036.65,7.379499999999999,7.482000000000001,False,False,7.93,125255487.21000001,163842409.1015
2024-04-26,7.47,7.63,7.45,7.63,21801589.0,170808217.0,2221551588.0,0.009813676674340636,7.590000000000001,7.699,7.542,7.462666666666666,56.060605664217945,21982590.6,7.391000000000001,7.4959999999999996,True,False,7.93,166346124.07,167564179.155
2024-04-29,7.54,7.68,7.38,7.66,29644280.0,232463341.0,2221551588.0,0.013343953010196764,7.578,7.686,7.556,7.475833333333332,58.76288617387607,22904359.6,7.402833333333334,7.5074999999999985,False,True,7.93,227075184.8,174781854.29500002
2024-04-30,7.62,7.64,7.5,7.53,16892605.0,132663952.0,2221551588.0,0.007603967016227579,7.58,7.676,7.567,7.478833333333333,56.43564317321833,22714419.1,7.413833333333333,7.5145,False,False,7.93,127201315.65,173579207.895
2024-05-06,7.64,7.81,7.63,7.76,24230586.0,194825283.0,2221551588.0,0.010907055290043528,7.614,7.659000000000001,7.581,7.485833333333333,58.09523770793651,22989714.6,7.4270000000000005,7.524500000000001,True,False,7.93,188029347.35999998,175977646.43899998
2024-05-07,7.75,7.8,7.72,7.75,16468471.0,132886524.0,2221551588.0,0.00741304909998786,7.6659999999999995,7.651000000000001,7.5954999999999995,7.4915,59.22330056838533,23128373.95,7.444166666666667,7.525500000000001,False,True,7.93,127630650.25,177250838.0195
2024-05-08,7.72,7.74,7.61,7.62,14052062.0,111868100.0,2221551588.0,0.0063253367942946006,7.664,7.627,7.604000000000001,7.4965,45.1977397554981,23250540.15,7.462666666666666,7.542,False,False,7.93,107076712.44,178280418.7365
2024-05-09,7.59,7.82,7.58,7.8,20830303.0,167853504.0,2221551588.0,0.009376466030551617,7.692,7.635000000000001,7.6245,7.507000000000001,54.74860292375395,23600817.5,7.475833333333332,7.556,False,False,7.93,162476363.4,181295989.5645
2024-05-10,7.82,7.83,7.73,7.76,14581039.0,117917432.0,2221551588.0,0.006563448302871462,7.7379999999999995,7.659000000000001,7.6465000000000005,7.5216666666666665,44.44444403776326,23700897.65,7.478833333333333,7.567,False,False,7.93,113148862.64,182349359.1205
2024-05-13,7.72,7.94,7.7,7.91,29084059.0,237651139.0,2221551588.0,0.013091777457296661,7.767999999999999,7.691,7.6785,7.541499999999999,52.53164510414999,24579059.9,7.485833333333333,7.581,False,False,7.93,230054906.69,189664288.56599998
2024-05-14,7.89,8.06,7.82,7.87,24886286.0,204467804.0,2221551588.0,0.011202209363233568,7.792,7.728999999999999,7.7010000000000005,7.5648333333333335,50.31446496578457,24946474.65,7.4915,7.5954999999999995,False,False,7.93,195855070.82,192950447.446
2024-05-15,7.86,7.86,7.73,7.75,12949043.0,104699135.0,2221551588.0,0.005828828405311829,7.8180000000000005,7.741,7.720000000000001,7.578333333333333,50.955413558359375,25042839.0,7.4965,7.604000000000001,False,False,7.93,100355083.25,193906684.5225
2024-05-16,7.74,7.89,7.71,7.74,21958497.0,177897103.0,2221551588.0,0.00988430658941781,7.806,7.7490000000000006,7.717500000000001,7.583166666666667,57.971013904641914,23812204.75,7.507000000000001,7.6245,False,False,7.93,169958766.78,184265147.4725
2024-05-17,7.74,7.77,7.67,7.76,14968031.0,120093956.0,2221551588.0,0.006737647273577516,7.806,7.772,7.724000000000001,7.5895,56.39097685001979,22469789.35,7.5216666666666665,7.6465000000000005,False,False,7.93,116151920.56,174119810.172
2024-05-20,7.74,7.82,7.72,7.78,15676509.0,126707031.0,2221551588.0,0.007056558616364663,7.779999999999999,7.773999999999999,7.716500000000001,7.596666666666667,61.599999310080015,21059424.1,7.541499999999999,7.6785,False,False,7.93,121963240.02000001,162818039.922
2024-05-21,7.77,7.82,7.73,7.76,10781674.0,87052164.0,2221551588.0,0.004853217930314387,7.758,7.775,7.712999999999999,7.603,55.75221169864516,19833781.9,7.5648333333333335,7.7010000000000005,False,False,7.91,83665790.24,153183525.63700002
2024-05-22,7.76,7.8,7.72,7.73,12473151.0,100660121.0,2221551588.0,0.005614612358036315,7.7540000000000004,7.786,7.7065,7.609,53.097344474900176,18961751.75,7.578333333333333,7.720000000000001,False,False,7.91,96417457.23,146248293.17650002
2024-05-23,7.72,7.73,7.59,7.61,15431427.0,122602181.0,2221551588.0,0.006946238423341083,7.728,7.766999999999999,7.7010000000000005,7.612666666666667,53.57142790178573,18560644.55,7.583166666666667,7.717500000000001,False,False,7.91,117433159.47,143066872.744
2024-05-24,7.61,7.71,7.6,7.62,10416237.0,82897797.0,2221551588.0,0.004688721637734932,7.7,7.753,7.706,7.616,42.22222156543212,18002823.9,7.5895,7.724000000000001,True,False,7.91,79371725.94,138924142.64099997
2024-05-27,7.65,7.68,7.55,7.66,11532718.0,91196698.0,2221551588.0,0.005191289755455366,7.676,7.728,7.7095,7.619,45.16128964273329,17769079.8,7.596666666666667,7.716500000000001,True,True,7.91,88340619.88,137190389.435
2024-05-28,7.64,7.66,7.52,7.54,9726295.0,76635796.0,2221551588.0,0.004378154012960063,7.632,7.695,7.711999999999999,7.6191666666666675,45.65217321833649,17419243.1,7.603,7.712999999999999,True,True,7.91,73336264.3,134594428.2895
2024-05-29,7.51,7.57,7.5,7.51,8516711.0,66648593.0,2221551588.0,0.003833676897716048,7.587999999999999,7.671000000000001,7.706,7.620166666666667,31.16883060212517,16754999.2,7.609,7.7065,True,True,7.91,63960499.61,129475147.0665
2024-05-30,7.51,7.57,7.47,7.49,8268607.0,64555601.0,2221551588.0,0.0037219963941706132,7.564,7.645999999999999,7.6975,7.618,31.999999402666717,15686215.55,7.612666666666667,7.7010000000000005,True,True,7.91,61931866.43,121217981.148
2024-05-31,7.5,7.54,7.48,7.49,6516124.0,50845561.0,2221551588.0,0.0029331409791236414,7.537999999999999,7.619,7.6955,7.613166666666666,14.999999649999992,15167391.5,7.616,7.706,True,True,7.91,48805768.76,117298203.80349998
2024-06-03,7.48,7.55,7.43,7.49,11647610.0,90613816.0,2221551588.0,0.0052430067628931425,7.504,7.590000000000001,7.682,7.611,16.071428169642857,14538242.7,7.619,7.7095,True,True,7.91,87240598.9,112258766.3805
2024-06-04,7.47,7.6,7.44,7.59,11419528.0,89402091.0,2221551588.0,0.005140338879224803,7.514,7.572999999999999,7.674000000000001,7.6105,35.18518427297667,14285795.55,7.6191666666666675,7.711999999999999,True,True,7.91,86674217.52,110210944.744
2024-06-05,7.58,7.59,7.48,7.48,8212800.0,64336384.0,2221551588.0,0.0036968756631007393,7.508000000000001,7.548,7.667,7.607833333333333,29.687499350585938,13993832.45,7.620166666666667,7.706,True,True,7.91,61431744.0,107928696.322
2024-06-06,7.53,7.53,7.29,7.33,15559159.0,119676400.0,2221551588.0,0.007003735175021288,7.476000000000001,7.5200000000000005,7.643499999999999,7.601166666666667,22.077921676505326,13730275.25,7.618,7.6975,True,True,7.91,114048635.47,105507309.9255
2024-06-07,7.38,7.48,7.36,7.46,12838604.0,99217143.0,2221551588.0,0.005779115852789281,7.470000000000001,7.5040000000000004,7.6285,7.5955,31.818181311983437,13643153.5,7.613166666666666,7.6955,True,True,7.91,95775985.84,104638666.08549999
2024-06-11,7.44,7.45,7.27,7.31,11982400.0,91379671.0,2221551588.0,0.005393707742248477,7.434,7.469000000000001,7.5985,7.586,27.72277189295164,12788070.55,7.611,7.682,True,True,7.91,87591344.0,97515487.951
2024-06-12,7.32,7.35,7.26,7.33,7744672.0,58858542.0,2221551588.0,0.003486154470521348,7.382,7.448,7.5715,7.5794999999999995,29.999999579999994,11930989.85,7.6105,7.674000000000001,True,True,7.87,56768445.76,90561156.69799998
2024-06-13,7.34,7.35,7.14,7.17,18511006.0,138728911.0,2221551588.0,0.008332467316982242,7.32,7.414,7.5424999999999995,7.572500000000001,28.846153457840217,12209088.0,7.607833333333333,7.667,True,True,7.78,132723913.02,92179598.1865
2024-06-14,7.13,7.24,7.13,7.22,8332649.0,62267691.0,2221551588.0,0.0037508239939193343,7.298,7.3870000000000005,7.516500000000001,7.5655,31.481481073388196,11527795.6,7.601166666666667,7.643499999999999,True,True,7.78,60161725.78,86689746.1365
2024-06-17,7.19,7.29,7.18,7.21,8100501.0,60963793.0,2221551588.0,0.003646325857907559,7.248,7.359,7.489,7.5575,28.571428190476183,11184419.1,7.5955,7.6285,True,True,7.78,58404612.21,83802380.719
2024-06-18,7.22,7.34,7.22,7.32,9674007.0,73280500.0,2221551588.0,0.004354617309926723,7.25,7.3420000000000005,7.465999999999999,7.550666666666667,39.423076392381674,10884294.0,7.586,7.5985,True,True,7.78,70813731.24000001,81244905.28
2024-06-19,7.32,7.37,7.27,7.28,6703321.0,50976447.0,2221551588.0,0.00301740505879263,7.24,7.311000000000002,7.442,7.5456666666666665,39.04761852698415,10680376.35,7.5794999999999995,7.5715,True,True,7.76,48800176.88,79501624.612
2024-06-20,7.28,7.3,7.15,7.18,7654961.0,57347399.0,2221551588.0,0.0034457723337820594,7.242,7.281000000000001,7.414500000000001,7.539,36.28318539118176,10439466.85,7.572500000000001,7.5424999999999995,True,True,7.73,54962619.98,77428882.7495
2024-06-21,7.18,7.25,7.17,7.21,5286148.0,39661488.0,2221551588.0,0.0023794846937400943,7.24,7.269,7.394499999999999,7.5343333333333335,37.93103402497029,9932202.9,7.5655,7.516500000000001,True,True,7.66,38113127.08,73462881.13
2024-06-24,7.2,7.2,6.98,7.01,9600000.0,70329247.0,2221551588.0,0.004321304106488298,7.2,7.223999999999999,7.364,7.5281666666666665,32.352940843425614,9891391.05,7.5575,7.489,True,True,7.66,67296000.0,72859094.83299999
2024-06-25,7.02,7.11,7.0,7.01,7760951.0,56928475.0,2221551588.0,0.003493482231932757,7.138,7.194,7.3315,7.521833333333333,26.984126684303376,9702802.7,7.550666666666667,7.465999999999999,True,True,7.66,54404266.51,71162277.1645
2024-06-26,7.03,7.1,6.98,7.09,6613221.0,48400689.0,2221551588.0,0.0029768478192098596,7.1,7.169999999999999,7.309,7.515499999999999,34.1463410747571,9547149.0,7.5456666666666665,7.442,True,True,7.59,46887736.89,69839850.794
2024-06-27,7.06,7.09,6.94,6.96,8275432.0,60184663.0,2221551588.0,0.00372506857130882,7.056,7.148999999999999,7.281499999999999,7.509833333333334,34.710743400041,9535085.05,7.539,7.414500000000001,True,True,7.59,57597006.72,69521676.1495
2024-06-28,6.96,7.12,6.95,7.04,9203060.0,67480817.0,2221551588.0,0.004142627184401896,7.022,7.131,7.259,7.504166666666666,31.89655133917958,9581807.7,7.5343333333333335,7.394499999999999,True,True,7.59,64789542.4,69664559.948
2024-07-01,7.05,7.2,7.04,7.17,8198961.0,60750060.0,2221551588.0,0.0036906462331497297,7.054,7.127,7.242999999999999,7.501833333333334,43.85964858417977,9665949.55,7.5281666666666665,7.364,True,True,7.59,58786550.37,70163599.0285
2024-07-02,7.17,7.2,7.12,7.18,6813312.0,50716824.0,2221551588.0,0.003066915950456875,7.087999999999999,7.1129999999999995,7.227499999999999,7.496833333333333,43.36283132116845,9424234.65,7.521833333333333,7.3315,True,True,7.59,48919580.16,68247548.0915
2024-07-03,7.17,7.23,7.14,7.15,5665140.0,42248838.0,2221551588.0,0.0025500825776907416,7.1,7.1,7.205499999999999,7.491666666666666,48.99999931400003,9136515.25,7.515499999999999,7.309,True,True,7.59,40505751.0,65939124.765499994
2024-07-04,7.17,7.21,7.02,7.02,7465576.0,55035821.0,2221551588.0,0.003360523356885467,7.112,7.0840000000000005,7.1825,7.4845,40.74074021262004,9099154.05,7.509833333333334,7.281499999999999,True,True,7.48,52408343.519999996,65487954.7415
2024-07-05,7.06,7.08,6.96,6.99,6266376.0,45642436.0,2221551588.0,0.0028207204522499706,7.101999999999999,7.062,7.1655,7.477833333333334,39.99999949090912,8634514.9,7.504166666666666,7.259,True,True,7.46,43801968.24,61975621.379999995
2024-07-08,6.99,7.0,6.65,6.71,22296176.0,156778910.0,2221551588.0,0.010036308011227691,7.01,7.032000000000001,7.128,7.467666666666667,25.984251682063373,9107393.5,7.501833333333334,7.242999999999999,True,True,7.46,149607340.96,64667189.136
2024-07-09,6.71,6.89,6.67,6.88,10094941.0,71206901.0,2221551588.0,0.00454409479146428,6.95,7.019,7.1065,7.461166666666667,35.714285357142856,9013020.55,7.496833333333333,7.227499999999999,True,True,7.33,69453194.08,63760281.64000001
2024-07-10,6.85,6.88,6.77,6.78,6009695.0,42628394.0,2221551588.0,0.0027051791335668952,6.876,6.9879999999999995,7.078999999999999,7.450500000000001,35.71428535714287,8926271.7,7.491666666666666,7.205499999999999,True,True,7.33,40745732.1,62959145.957
2024-07-11,6.91,6.99,6.88,6.98,7725737.0,55759520.0,2221551588.0,0.0034776311483071445,6.868,6.99,7.069500000000001,7.444,42.67515885512598,8387008.25,7.4845,7.1825,True,True,7.32,53925644.260000005,59019232.51900001
2024-07-12,6.96,7.02,6.92,6.93,5500119.0,39811846.0,2221551588.0,0.002475800710507741,6.856,6.979000000000001,7.055,7.429666666666666,47.183098126363824,8245381.75,7.477833333333334,7.1655,True,True,7.32,38115824.67,57916937.4635
2024-07-15,6.94,6.94,6.85,6.91,5096902.0,36515843.0,2221551588.0,0.002294298285725877,6.896000000000001,6.953,7.039999999999999,7.417666666666666,46.527777325424395,8095201.8,7.467666666666667,7.128,True,True,7.32,35219592.82,56757686.494
2024-07-16,6.89,6.91,6.8,6.85,5370121.0,38203433.0,2221551588.0,0.0024172839510040673,6.889999999999999,6.92,7.016500000000001,7.399666666666666,41.54929536500694,7880007.5,7.461166666666667,7.1065,True,True,7.32,36785328.85,55056266.3745
2024-07-17,6.85,6.88,6.8,6.82,5523700.0,39218904.0,2221551588.0,0.002486415363855147,6.898000000000001,6.8870000000000005,6.9935,7.382833333333333,44.696969222910944,7821026.45,7.450500000000001,7.078999999999999,True,True,7.28,37671634.0,54499839.2305
2024-07-18,6.81,6.91,6.71,6.9,8349493.0,59095465.0,2221551588.0,0.0037584060820828437,6.882000000000001,6.875,6.9795,7.366833333333333,44.696969222910944,7855753.05,7.444,7.069500000000001,True,True,7.21,57611501.7,54632283.31649999
2024-07-19,6.86,6.96,6.82,6.95,7333693.0,52650747.0,2221551588.0,0.003301158091315051,6.886,6.871,6.966499999999999,7.354,41.129031793704485,7958130.3,7.429666666666666,7.055,True,True,7.21,50969166.35,55275085.28000001
2024-07-22,6.93,6.95,6.86,6.91,6947500.0,49822495.0,2221551588.0,0.003127318779148693,6.886,6.891,6.961499999999999,7.343833333333334,39.37007830615663,7825505.3,7.417666666666666,7.039999999999999,True,True,7.18,48007225.0,54310646.53000001
2024-07-23,6.88,6.95,6.81,6.81,7710400.0,55256373.0,2221551588.0,0.0034707274148611847,6.878,6.884,6.9515,7.3308333333333335,37.31343244597904,7822977.75,7.399666666666666,7.016500000000001,True,True,7.18,52507824.0,54215824.40450001
2024-07-24,6.79,6.95,6.79,6.87,9525787.0,68201997.0,2221551588.0,0.004287898175065922,6.888,6.892999999999999,6.9405,7.320499999999999,44.09448770289543,7968606.05,7.382833333333333,6.9935,True,True,7.18,65442156.69,55143545.3945
2024-07-25,6.85,6.94,6.82,6.84,7186926.0,51297429.0,2221551588.0,0.0032350930038362,6.876,6.8790000000000004,6.9345,7.307333333333333,44.0944877028954,7914180.75,7.366833333333333,6.9795,True,True,7.18,49158573.839999996,54721623.7505
2024-07-26,6.87,6.96,6.86,6.95,7611594.0,54762042.0,2221551588.0,0.003426251292616843,6.8759999999999994,6.881,6.93,7.2955000000000005,60.9090901338843,7834607.45,7.354,6.966499999999999,True,True,7.18,52900578.300000004,54127175.5455
2024-07-29,6.93,7.06,6.92,7.03,9715300.0,70825807.0,2221551588.0,0.0043732047693506,6.9,6.892999999999999,6.923,7.287166666666667,57.42574177825705,7910424.4,7.343833333333334,6.961499999999999,False,True,7.18,68298559.0,54602775.977
2024-07-30,7.01,7.06,6.98,7.05,6530999.0,47677722.0,2221551588.0,0.002939836749809476,6.948,6.913000000000001,6.916500000000001,7.275333333333333,64.51612806104748,7896308.75,7.3308333333333335,6.9515,False,False,7.18,46043542.949999996,54458974.1165
2024-07-31,7.05,7.22,7.05,7.22,12772086.0,95182645.0,2221551588.0,0.00574917371668976,7.018000000000001,6.953,6.92,7.2665,63.33333234814811,8251656.05,7.320499999999999,6.9405,False,False,7.15,92214460.92,57044409.6125
2024-08-01,7.22,7.35,7.2,7.24,13253500.0,100268888.0,2221551588.0,0.005965875414098194,7.097999999999999,6.987,6.931,7.260166666666667,67.81609086272958,8541052.25,7.307333333333333,6.9345,False,False,7.22,95955340.0,59221759.4365
2024-08-02,7.22,7.28,7.19,7.21,9197700.0,69171469.0,2221551588.0,0.004140214456275773,7.15,7.013,6.942,7.250333333333333,67.04545347882228,8687618.45,7.2955000000000005,6.93,False,False,7.24,66315417.0,60347431.8745
2024-08-05,7.19,7.28,7.11,7.12,12016401.0,89817615.0,2221551588.0,0.005409012811094801,7.167999999999999,7.034000000000001,6.9625,7.2396666666666665,64.83516383770078,8173629.7,7.287166666666667,6.923,False,False,7.24,85556775.12,57144903.582499996
2024-08-06,7.19,7.22,7.07,7.12,6898900.0,51113345.0,2221551588.0,0.003105442177109596,7.182,7.065,6.974500000000001,7.226500000000001,67.04545347882228,8013827.65,7.275333333333333,6.916500000000001,False,False,7.24,49120168.0,56128252.2785
2024-08-07,7.12,7.15,7.08,7.09,5677100.0,41945901.0,2221551588.0,0.002555466202390075,7.156000000000001,7.087000000000001,6.99,7.2135,61.445782096095186,7997197.9,7.2665,6.92,False,False,7.24,40250639.0,56103497.623500004
2024-08-08,7.09,7.14,7.04,7.12,5880735.0,43390367.0,2221551588.0,0.002647129615069736,7.132,7.114999999999999,6.997,7.203,60.49382611492149,7904947.8,7.260166666666667,6.931,False,False,7.24,41870833.2,55500757.0705
2024-08-09,7.13,7.21,7.1,7.11,5505080.0,40962166.0,2221551588.0,0.0024780338344319378,7.112,7.131,7.006,7.1925,62.820511692965155,7905195.85,7.250333333333333,6.942,False,False,7.24,39141118.800000004,55552021.776999995
2024-08-12,7.08,7.11,7.02,7.03,5444500.0,39945895.0,2221551588.0,0.0024507646049766185,7.093999999999999,7.131,7.0120000000000005,7.180333333333334,64.47368302285322,7922575.75,7.2396666666666665,6.9625,False,False,7.24,38274835.0,55704783.88599999
2024-08-13,7.04,7.2,7.01,7.19,8027208.0,59274154.0,2221551588.0,0.003613334051462054,7.108,7.144999999999999,7.028999999999999,7.1705000000000005,68.6046500459708,8055430.1,7.226500000000001,6.974500000000001,False,False,7.24,57715625.52,56751298.71949999
2024-08-14,7.19,7.26,7.11,7.11,8035500.0,60003292.0,2221551588.0,0.0036170665778840335,7.112,7.134,7.0435,7.159666666666666,64.83516383770078,8181020.1,7.2135,6.99,False,False,7.24,57132405.0,57724337.269499995
2024-08-15,7.11,7.22,7.06,7.19,6645604.0,49438168.0,2221551588.0,0.002991424568259902,7.126,7.1290000000000004,7.058,7.150666666666666,63.63636262396696,8095825.65,7.203,6.997,False,False,7.24,47781892.760000005,57232856.822500005
2024-08-16,7.2,7.2,7.01,7.06,8947058.0,65967066.0,2221551588.0,0.004027391507957186,7.116,7.114000000000002,7.0635,7.141499999999999,51.61290244883799,8176493.9,7.1925,7.006,False,False,7.24,63166229.48,57842709.978999995
2024-08-19,7.02,7.16,7.0,7.06,7893445.0,58172740.0,2221551588.0,0.0035531225305041173,7.122,7.108,7.071000000000001,7.1321666666666665,50.5494497717667,8223791.15,7.180333333333334,7.0120000000000005,True,False,7.24,55727721.699999996,58228734.813999996
2024-08-20,7.04,7.08,6.9,6.92,7868334.0,56810452.0,2221551588.0,0.003541819169314739,7.068,7.087999999999999,7.0765,7.119833333333333,32.95454493026865,8231687.85,7.1705000000000005,7.028999999999999,True,True,7.24,54448871.28,58325787.177999996
2024-08-21,6.91,6.94,6.84,6.88,4841302.0,34641381.0,2221551588.0,0.002179243563890626,7.022,7.067,7.077,7.108833333333333,29.99999953333335,7997463.6,7.159666666666666,7.0435,True,True,7.24,33308157.759999998,56719087.23149999
2024-08-22,6.89,6.95,6.85,6.88,6132426.0,43926420.0,2221551588.0,0.002760424755889126,6.959999999999999,7.042999999999999,7.078999999999999,7.098333333333333,31.034482259215252,7944738.6,7.150666666666666,7.058,True,True,7.24,42191090.88,56370713.083500005
2024-08-23,6.9,6.91,6.8,6.86,6096085.0,42749766.0,2221551588.0,0.0027440663691668454,6.92,7.017999999999999,7.0745000000000005,7.087833333333333,33.749999409375036,7868963.15,7.141499999999999,7.0635,True,True,7.24,41819143.1,55816641.3235
2024-08-26,6.87,6.91,6.82,6.86,4949854.0,34786644.0,2221551588.0,0.0022281067100747426,6.88,7.0009999999999994,7.066,7.077333333333334,33.749999409375036,7630690.85,7.1321666666666665,7.071000000000001,True,True,7.24,33955998.440000005,54099513.2955
2024-08-27,6.86,6.86,6.77,6.81,5205400.0,36311317.0,2221551588.0,0.0023431371245743945,6.858,6.962999999999999,7.053999999999999,7.066000000000001,32.926828706127324,7564410.9,7.119833333333333,7.0765,True,True,7.24,35448774.0,53569774.848000005
2024-08-28,6.79,6.83,6.73,6.74,5807123.0,40280910.0,2221551588.0,0.002613994215289859,6.83,6.926,7.029999999999999,7.051833333333334,27.906976289886444,7216162.75,7.108833333333333,7.077,True,True,7.24,39140009.02,50916052.253
2024-08-29,6.74,6.77,6.67,6.68,7954109.0,54717729.0,2221551588.0,0.0035804295713703677,6.790000000000001,6.875,7.002000000000001,7.0385,26.373625967878283,6951193.2,7.098333333333333,7.078999999999999,True,True,7.24,53133448.12,48774957.658999994
2024-08-30,6.68,6.79,6.5,6.68,17925515.0,122572252.0,2221551588.0,0.008068916831293498,6.7540000000000004,6.837000000000001,6.975500000000001,7.027666666666666,28.915662162868344,7387583.95,7.087833333333333,7.0745000000000005,True,True,7.21,119742440.19999999,51446308.819
2024-09-02,6.72,6.72,6.6,6.64,13795500.0,94074012.0,2221551588.0,0.006209849041777012,6.709999999999999,6.795,6.9515,7.014,11.267605411624686,7476538.9,7.077333333333334,7.066,True,True,7.19,91602120.0,51748576.063
2024-09-03,6.65,6.68,6.62,6.67,6748200.0,45995796.0,2221551588.0,0.003037606705354618,6.6819999999999995,6.7700000000000005,6.928999999999999,7.003333333333333,16.666666313131344,7469003.9,7.066000000000001,7.053999999999999,True,True,7.19,45010494.0,51543092.363
2024-09-04,6.66,6.68,6.56,6.57,8495895.0,57615906.0,2221551588.0,0.0038243068699784794,6.647999999999999,6.739,6.9030000000000005,6.990666666666667,4.411764615051936,7609943.65,7.051833333333334,7.029999999999999,True,True,7.19,55818030.150000006,52321461.920499995
2024-09-05,6.59,6.63,6.56,6.58,6274800.0,42348812.0,2221551588.0,0.002824512396603414,6.628,6.7090000000000005,6.8759999999999994,6.980833333333334,7.142856964285741,7629646.9,7.0385,7.002000000000001,True,True,7.19,41288184.0,52292329.4605
2024-09-06,6.6,6.65,6.52,6.54,8426395.0,56847735.0,2221551588.0,0.0037930224287908818,6.6,6.677,6.847500000000001,6.969499999999999,6.666666511111131,7775712.65,7.027666666666666,6.975500000000001,True,True,7.19,55108623.3,53090704.6855
2024-09-09,6.52,6.58,6.47,6.54,8952731.0,59844400.0,2221551588.0,0.004029945128602613,6.58,6.6450000000000005,6.823,6.958333333333333,8.695651909262779,7951124.2,7.014,6.9515,True,True,7.19,58550860.74,54104505.972500004
2024-09-10,6.55,6.61,6.45,6.6,8477003.0,56668711.0,2221551588.0,0.003815802903605586,6.566,6.624,6.7935,6.9463333333333335,20.83333272569442,7973613.95,7.003333333333333,6.928999999999999,True,True,7.19,55948219.8,54016135.6865
2024-09-11,6.57,6.57,6.47,6.5,5599000.0,37331635.0,2221551588.0,0.0025203105929404146,6.552,6.6,6.763,6.933333333333334,17.24137889417358,7851788.95,6.990666666666667,6.9030000000000005,True,True,7.19,36393500.0,52979190.4365
2024-09-12,6.51,6.61,6.51,6.52,5668046.0,38086690.0,2221551588.0,0.002551390672454643,6.540000000000001,6.5840000000000005,6.7295,6.9223333333333334,20.689654673008235,7802911.05,6.980833333333334,6.8759999999999994,True,True,7.19,36955659.919999994,52437878.7945
2024-09-13,6.55,6.57,6.5,6.5,4185501.0,27985223.0,2221551588.0,0.0018840440269802998,6.532000000000001,6.566,6.7015,6.9105,19.999999533333266,7564833.2,6.969499999999999,6.847500000000001,True,True,7.06,27205756.5,50639855.1455
2024-09-18,6.5,6.57,6.42,6.53,6415962.0,42709091.0,2221551588.0,0.002888054472674258,6.529999999999999,6.555,6.675,6.9025,25.86206834126041,7490959.05,6.958333333333333,6.823,True,True,7.06,41896231.86,49948280.653500006
2024-09-19,6.53,6.66,6.51,6.62,9034899.0,61163239.0,2221551588.0,0.004066931890667398,6.534000000000001,6.55,6.659999999999999,6.896,39.99999906666667,7549287.3,6.9463333333333335,6.7935,True,True,6.92,59811031.38,50216388.6585
2024-09-20,6.62,6.63,6.56,6.61,5333500.0,35991142.0,2221551588.0,0.0024007995262453475,6.556,6.553999999999999,6.6465000000000005,6.888,43.636362525619894,7573897.2,6.933333333333334,6.763,True,True,6.88,35254435.0,50313702.5205
2024-09-23,6.57,6.64,6.54,6.63,6470961.0,43743754.0,2221551588.0,0.002912811493981836,6.578,6.559,6.634,6.882499999999999,45.6140339673746,7590823.95,6.9223333333333334,6.7295,True,True,6.88,42902471.43,50349271.548
2024-09-24,6.66,6.88,6.66,6.87,15500762.0,107684330.0,2221551588.0,0.00697744859211435,6.652000000000001,6.5920000000000005,6.6345,6.879666666666666,64.93506375442749,8061057.8,6.9105,6.7015,True,True,6.86,106490234.94,53582826.14
2024-09-25,6.94,7.14,6.94,7.02,19958201.0,144583992.0,2221551588.0,0.008983901660356132,6.75,6.640000000000001,6.6425,6.877166666666667,69.66292025249344,8811475.15,6.9025,6.675,False,True,6.87,140106571.01999998,58890354.76900001
2024-09-26,7.06,7.34,7.01,7.32,22830625.0,168436139.0,2221551588.0,0.01027688266314525,6.890000000000001,6.712000000000001,6.667999999999999,6.879499999999999,84.40366864068689,9692736.4,6.896,6.659999999999999,False,False,7.02,167120175.0,65473924.819000006
2024-09-27,7.41,7.54,7.37,7.5,16886999.0,129031887.0,2221551588.0,0.007601443554683728,7.0680000000000005,6.812,6.706,6.8853333333333335,86.50793554673727,10246730.2,6.888,6.6465000000000005,False,False,7.32,126652492.5,69849548.993
2024-09-30,7.81,8.15,7.67,8.06,49186072.0,399548335.0,2221551588.0,0.022140414053711366,7.354000000000001,6.965999999999999,6.775,6.902666666666666,92.69662848440859,12308328.35,6.882499999999999,6.634,False,False,7.5,396439740.32000005,87014863.603
2024-10-08,8.87,8.87,8.09,8.39,53044505.0,459450504.0,2221551588.0,0.023877233050326987,7.6579999999999995,7.154999999999999,6.860499999999999,6.926,93.83886193661422,14064277.85,6.879666666666666,6.6345,False,False,8.06,445043396.95000005,103279911.4405
2024-10-09,8.28,8.28,7.75,7.84,39542488.0,324417791.0,2221551588.0,0.01779949122657961,7.822,7.286,6.9205,6.944833333333333,73.84615344852072,15351627.25,6.877166666666667,6.6425,False,False,8.39,310013105.92,114200460.7365
2024-10-10,7.83,8.62,7.76,8.36,99660594.0,859542456.0,2221551588.0,0.044860805636173236,8.03,7.460000000000001,7.005000000000001,6.9695,80.79470161220999,19997246.95,6.879499999999999,6.667999999999999,False,False,8.39,833162565.8399999,153608064.3285
2024-10-11,8.11,8.17,7.68,7.77,66670668.0,542346359.0,2221551588.0,0.030010857438616458,8.084,7.5760000000000005,7.0649999999999995,6.986,67.40947048921097,22905985.6,6.8853333333333335,6.706,False,False,8.39,518031090.35999995,176718717.33900002
2024-10-14,7.77,8.02,7.77,7.95,36371884.0,295355089.0,2221551588.0,0.016372288717699586,8.062,7.708,7.133500000000001,7.002166666666667,69.33333307448889,24410839.8,6.902666666666666,6.775,False,False,8.39,289156477.8,189112132.02899998
2024-10-15,7.94,8.02,7.81,7.81,25589110.0,207109498.0,2221551588.0,0.011518575637956332,7.946,7.802000000000001,7.197,7.0168333333333335,66.58031063934601,25268975.55,6.926,6.860499999999999,False,False,8.39,199850949.1,196349248.31899998
2024-10-16,7.73,8.0,7.69,7.93,20248077.0,163948038.0,2221551588.0,0.009114385238394923,7.964,7.892999999999999,7.266499999999999,7.033833333333333,66.83804603194532,25833742.85,6.944833333333333,6.9205,False,False,8.39,160567250.60999998,201450067.8125
2024-10-17,7.92,7.97,7.77,7.78,19695653.0,158549262.0,2221551588.0,0.008865719394673809,7.848000000000001,7.939,7.3255,7.049333333333334,64.51612880813255,26394675.35,6.9695,7.005000000000001,False,False,8.39,153232180.34,206314265.8395
2024-10-18,7.76,8.0,7.68,7.89,28109383.0,226015159.0,2221551588.0,0.012653040852995038,7.872,7.978,7.3950000000000005,7.067166666666667,65.29126191405882,27520194.5,6.986,7.0649999999999995,False,False,8.39,221783031.87,215583742.433
2024-10-21,7.89,7.95,7.82,7.91,28070412.0,226726921.0,2221551588.0,0.012635498609001917,7.864,7.962999999999999,7.464499999999999,7.084,63.3333331059829,28640312.8,7.002166666666667,7.133500000000001,False,False,8.39,222036958.92000002,224837807.383
2024-10-22,7.87,8.02,7.86,8.02,26556690.0,216289675.0,2221551588.0,0.011954118078305908,7.906000000000001,7.926,7.5405,7.101833333333333,62.953367647319396,29758872.25,7.0168333333333335,7.197,False,False,8.39,212984653.79999998,234126752.248
2024-10-23,8.05,8.18,8.03,8.07,23230753.0,192711987.0,2221551588.0,0.010456994618303683,7.934,7.949,7.6175,7.121166666666666,60.387811400158064,30599611.8,7.033833333333333,7.266499999999999,False,False,8.39,187472176.71,241405549.49050003
2024-10-24,8.02,8.1,7.94,7.99,13040688.0,106763343.0,2221551588.0,0.005870081104774237,7.975999999999999,7.912000000000001,7.686000000000002,7.140833333333333,56.9800567527861,30799901.25,7.049333333333334,7.3255,False,False,8.39,104195097.12,243624752.7775
2024-10-25,7.99,8.03,7.94,7.97,14196260.0,116086705.0,2221551588.0,0.006390245482789121,7.992,7.932,7.7540000000000004,7.159166666666667,48.48484825630037,31243039.25,7.067166666666667,7.3950000000000005,False,False,8.39,113144192.2,247519240.6375
2024-10-28,7.97,8.06,7.9,8.06,20098562.0,164710036.0,2221551588.0,0.00904708317761559,8.022,7.9430000000000005,7.8255,7.1795,43.956043730628345,31924419.3,7.084,7.464499999999999,False,False,8.39,161994409.72,253473837.552
2024-10-29,8.06,8.08,7.88,7.9,17946894.0,146367589.0,2221551588.0,0.00807854028551148,7.998,7.952,7.877,7.195333333333334,51.28205097523559,32046725.9,7.101833333333333,7.5405,False,False,8.39,141780462.6,255238348.935
2024-10-30,7.88,8.01,7.85,7.92,15642620.0,126945694.0,2221551588.0,0.007041303962732915,7.968000000000001,7.9510000000000005,7.922,7.210166666666666,38.043477971408336,31830946.85,7.121166666666666,7.6175,False,False,8.39,123889550.4,254427497.90399998
2024-10-31,7.89,7.95,7.84,7.93,18729165.0,151695426.0,2221551588.0,0.008430668502666345,7.956,7.965999999999999,7.952500000000001,7.224833333333334,56.34920572310406,31625873.85,7.140833333333333,7.686000000000002,True,False,8.39,148522278.45,253497603.0765
2024-11-01,7.91,8.16,7.88,7.95,32683064.0,268467465.0,2221551588.0,0.014711818612064569,7.952000000000001,7.9719999999999995,7.975,7.236999999999999,49.99999936363638,32415677.1,7.159166666666667,7.7540000000000004,True,True,8.39,259830358.8,260156496.3915
2024-11-04,7.94,8.08,7.87,8.04,23381255.0,191492508.0,2221551588.0,0.010524740963161463,7.947999999999999,7.985000000000001,7.973999999999999,7.250333333333333,60.95238013968253,31125436.25,7.1795,7.8255,True,True,8.39,187985290.2,249733773.8855
2024-11-05,8.03,8.22,8.02,8.22,27808163.0,232101363.0,2221551588.0,0.012517450933937078,8.012,8.004999999999999,7.9655000000000005,7.267166666666667,63.06306226767312,29863619.15,7.195333333333334,7.877,False,True,8.39,228583099.86,238910759.031
2024-11-06,8.24,8.35,8.12,8.25,29760766.0,251416020.0,2221551588.0,0.013396387534170554,8.078,8.023,7.986,7.2860000000000005,73.73737269462298,29374533.05,7.210166666666666,7.922,False,False,8.36,245526319.5,235686419.70999998
2024-11-07,8.23,8.45,8.17,8.45,30973700.0,264620104.0,2221551588.0,0.013942372604493396,8.181999999999999,8.069,7.9905,7.308166666666667,75.92592494170093,25940188.35,7.224833333333334,7.952500000000001,False,False,8.36,261727764.99999997,207114679.668
2024-11-08,8.47,8.52,8.26,8.3,30525423.0,261812352.0,2221551588.0,0.013740587058561703,8.251999999999999,8.102,8.017,7.328333333333334,66.11570171436381,24132926.1,7.236999999999999,7.975,False,False,8.45,253361010.90000004,193881175.695
2024-11-11,8.26,8.37,8.18,8.29,22225077.0,188061917.0,2221551588.0,0.010004303802824858,8.302,8.125,8.033999999999999,7.347833333333333,62.162161378134876,23425585.75,7.250333333333333,7.973999999999999,False,False,8.45,184245888.32999998,188635646.2215
2024-11-12,8.29,8.34,8.16,8.22,21453648.0,181623141.0,2221551588.0,0.009657055958495257,8.302,8.157,8.054499999999999,7.366333333333333,56.637167439893524,23218812.65,7.267166666666667,7.9655000000000005,False,False,8.45,176348986.56,187460548.0945
2024-11-13,8.2,8.31,8.17,8.25,19585335.0,165450484.0,2221551588.0,0.008816061308588436,8.302,8.190000000000001,8.070500000000001,7.386666666666667,62.03703623285325,23185675.55,7.2860000000000005,7.986,False,False,8.45,161579013.75,187511136.2515
2024-11-14,8.25,8.31,8.13,8.17,18081259.0,152102708.0,2221551588.0,0.00813902278824776,8.246,8.213999999999999,8.09,7.403,58.7719291028009,23104955.85,7.308166666666667,7.9905,False,False,8.45,147723886.03,187235721.53599998
2024-11-15,8.13,8.27,8.12,8.17,16791842.0,141307756.0,2221551588.0,0.007558609978135696,8.219999999999999,8.236,8.104,7.4206666666666665,55.2380945015873,22539078.8,7.328333333333334,8.017,False,False,8.45,137189349.14,183006037.39949998
2024-11-18,8.39,8.76,8.35,8.45,60926813.0,532756150.0,2221551588.0,0.027425342417931733,8.251999999999999,8.277,8.131,7.441666666666666,73.50427262473522,24181898.85,7.347833333333333,8.033999999999999,False,False,8.45,514831569.84999996,197645767.946
2024-11-19,8.33,8.45,8.1,8.24,41435441.0,350442508.0,2221551588.0,0.018651577223693084,8.256,8.279,8.142,7.461333333333333,61.76470524653985,24925836.4,7.366333333333333,8.054499999999999,False,False,8.45,341428033.84000003,204067936.94799998
2024-11-20,8.19,8.27,8.17,8.23,20242720.0,170263174.0,2221551588.0,0.009111973860676333,8.251999999999999,8.277,8.15,7.480833333333334,61.029411136462,24776434.75,7.386666666666667,8.070500000000001,False,False,8.45,166597585.6,203024207.3925
2024-11-21,8.23,8.32,8.15,8.23,20452940.0,172228102.0,2221551588.0,0.009206601417891539,8.264,8.254999999999999,8.161999999999999,7.502666666666667,60.44776056248613,25147047.35,7.403,8.09,False,False,8.45,168327696.20000002,206230837.34649998
2024-11-22,8.22,8.32,7.97,7.98,27832541.0,233407016.0,2221551588.0,0.012528424345552493,8.226,8.223,8.1625,7.521,47.99999955200004,25828861.4,7.4206666666666665,8.104,False,False,8.45,222103677.18,211678811.5955
2024-11-25,7.99,8.03,7.84,7.92,16224996.0,131822880.0,2221551588.0,0.007303452275266272,8.120000000000001,8.186000000000002,8.1555,7.538333333333333,39.13043438563321,25635183.1,7.441666666666666,8.131,True,False,8.45,128501968.32,210004189.5255
2024-11-26,7.92,7.98,7.86,7.88,12686011.0,102880883.0,2221551588.0,0.005710428273880804,8.048,8.152000000000001,8.1545,7.5553333333333335,36.69064711246827,25372138.95,7.461333333333333,8.142,True,True,8.45,99965766.67999999,207913454.7295
2024-11-27,7.88,7.98,7.77,7.98,13446732.0,108324537.0,2221551588.0,0.006052856063588292,7.998,8.125000000000002,8.1575,7.574,31.78294539150292,25262344.55,7.480833333333334,8.15,True,True,8.45,107304921.36,207084223.27749997
2024-11-28,7.97,8.13,7.95,8.03,15404609.0,127063540.0,2221551588.0,0.006934166680265271,7.958,8.111,8.1625,7.594333333333333,38.65546173010373,25096116.75,7.502666666666667,8.161999999999999,True,True,8.45,123699010.27,205843059.8685
2024-11-29,8.05,8.16,8.0,8.12,14098313.0,116891205.0,2221551588.0,0.006346156027235142,7.986,8.106,8.171,7.617333333333333,43.307086136772256,24166879.2,7.521,8.1625,True,True,8.45,114478301.55999999,198575457.00649998
2024-12-02,8.15,8.28,8.11,8.22,15459894.0,129990061.0,2221551588.0,0.006959052440424354,8.046000000000001,8.083,8.18,7.643000000000001,49.99999946153847,23770811.15,7.538333333333333,8.1555,True,True,8.45,127080328.68,195530208.9305
2024-12-03,8.23,8.27,8.18,8.26,11414640.0,96237745.0,2221551588.0,0.005138138615217249,8.122,8.085,8.182,7.669333333333333,50.381678850882814,22951135.0,7.5553333333333335,8.1545,False,True,8.45,94284926.39999999,188815300.2575
2024-12-04,8.24,8.25,8.17,8.2,11034520.0,92747608.0,2221551588.0,0.004967032978034089,8.166,8.082,8.1795,7.695333333333333,51.162790142419304,22014822.7,7.574,8.1575,False,False,8.45,90483063.99999999,181063137.4825
2024-12-05,8.21,8.26,8.17,8.21,9423153.0,79254933.0,2221551588.0,0.004241698932809118,8.202,8.08,8.1675,7.721,51.53846098343199,20937295.35,7.594333333333333,8.1625,False,False,8.45,77364086.13000001,171844953.53899997
2024-12-06,8.24,8.29,8.21,8.28,11995352.0,101510966.0,2221551588.0,0.005399537901705481,8.234,8.11,8.166500000000001,7.7495,42.201834320343416,20010791.8,7.617333333333333,8.171,False,False,8.45,99321514.55999999,164142978.722
2024-12-09,8.31,8.32,8.17,8.23,13625260.0,114923437.0,2221551588.0,0.006133217915621953,8.236,8.141000000000002,8.1635,7.777,49.462364846803126,19580800.95,7.643000000000001,8.18,False,False,8.45,112135889.80000001,160537478.79549998
2024-12-10,8.37,8.42,8.19,8.2,19018100.0,161131046.0,2221551588.0,0.008560728502875531,8.224,8.172999999999998,8.1625,7.804666666666667,48.421051918005496,19459023.55,7.669333333333333,8.182,False,False,8.45,155948420.0,159517450.4675
2024-12-11,8.16,8.28,8.16,8.27,12355316.0,104413816.0,2221551588.0,0.0055615706008083935,8.238,8.202,8.1635,7.8335,51.960783600538214,19097522.6,7.695333333333333,8.1795,False,False,8.45,102178463.32,156547422.94599998
2024-12-12,8.27,8.28,8.2,8.28,13693176.0,115761041.0,2221551588.0,0.00616378934163198,8.251999999999999,8.227,8.169,7.8615,69.23076798816561,18878118.45,7.721,8.1675,False,False,8.45,113379497.27999999,154830203.5085
2024-12-13,8.24,8.26,8.04,8.05,19705301.0,163750450.0,2221551588.0,0.00887006230530083,8.206,8.22,8.163,7.887333333333332,56.842104425484834,19023791.4,7.7495,8.166500000000001,False,False,8.45,158627673.05,155902119.704
2024-12-16,8.05,8.12,7.96,7.99,11522662.0,94835774.0,2221551588.0,0.0051867631894038195,8.157999999999998,8.197,8.139999999999999,7.911833333333333,55.67010228929751,16553583.85,7.777,8.1635,True,False,8.45,92066069.38,134763844.68049997
2024-12-17,8.01,8.07,7.91,7.97,12708711.0,104003777.0,2221551588.0,0.005720646357549272,8.112,8.168,8.1265,7.936333333333334,49.438201469511405,15117247.35,7.804666666666667,8.1625,True,True,8.28,101288426.67,122756864.322
2024-12-18,8.09,8.2,8.03,8.06,15017702.0,124865605.0,2221551588.0,0.006760005971105993,8.070000000000002,8.154,8.117999999999999,7.961833333333334,51.61290244883808,14855996.45,7.8335,8.1635,True,True,8.28,121042678.12,120479118.94799998
2024-12-19,7.99,8.11,7.93,8.1,15811457.0,130036456.0,2221551588.0,0.007117303548298245,8.034,8.143,8.111500000000001,7.9865,48.86363558626037,14623922.3,7.8615,8.169,True,True,8.28,128072801.69999999,118466374.223
2024-12-20,8.09,8.12,7.97,7.99,10218140.0,83933020.0,2221551588.0,0.0045995510773617024,8.022,8.114,8.111999999999998,8.0095,37.07865110213354,13743202.25,7.887333333333332,8.163,True,True,8.28,81642938.60000001,111443337.294
2024-12-23,8.02,8.08,7.93,7.94,11996660.0,98414359.0,2221551588.0,0.00540012667938999,8.012,8.084999999999999,8.113,8.031333333333333,32.22222172098769,13531785.45,7.911833333333333,8.139999999999999,True,True,8.28,95253480.4,109780912.898
2024-12-24,7.94,8.08,7.94,8.08,12323698.0,101562216.0,2221551588.0,0.005547338205679336,8.034,8.073,8.123000000000001,8.051499999999999,43.87755039358604,13513669.8,7.936333333333334,8.1265,True,True,8.28,99575479.84,109761398.556
2024-12-25,8.08,8.09,7.98,8.04,9005500.0,74197601.0,2221551588.0,0.004053698346977122,8.029999999999998,8.05,8.126,8.0685,41.58415783942741,13291608.2,7.961833333333334,8.117999999999999,True,True,8.28,72404219.99999999,108016363.488
2024-12-26,8.01,8.07,7.92,7.95,12262834.0,100134010.0,2221551588.0,0.0055199411376442,8.0,8.017,8.122000000000002,8.079,33.980582062399876,13134519.45,7.9865,8.111500000000001,True,True,8.28,97489530.3,106705889.4895
2024-12-27,7.94,8.06,7.93,8.06,11637717.0,95616735.0,2221551588.0,0.005238553568984237,8.014,8.018,8.119,8.088333333333333,42.201834320343416,13011489.65,8.0095,8.111999999999998,True,True,8.28,93799999.02000001,105671974.3625
2024-12-30,8.05,8.1,8.01,8.04,8826000.0,72872434.0,2221551588.0,0.003972898962902679,8.034,8.023,8.110000000000001,8.088000000000001,42.5925920404664,12679794.95,8.031333333333333,8.113,True,True,8.28,70961039.99999999,102866009.9285
2024-12-31,8.03,8.07,7.84,7.87,14419010.0,117258641.0,2221551588.0,0.006490513242134983,7.992,8.013000000000002,8.0905,8.079333333333333,33.05084706549843,12830013.45,8.051499999999999,8.123000000000001,True,True,8.28,113477608.7,103825644.04349999
2025-01-02,7.86,7.88,7.47,7.54,22933078.0,179941951.0,2221551588.0,0.010323000430814213,7.892,7.961,8.057500000000001,8.074333333333334,25.333333096888893,13424941.35,8.0685,8.126,True,True,8.28,172915408.12,107947261.24949999
2025-01-03,7.54,7.68,7.42,7.49,15155511.0,117290047.0,2221551588.0,0.006822038741690476,7.8,7.9,8.0215,8.059833333333334,28.7878784825528,13711559.25,8.079,8.122000000000002,True,True,8.28,113514777.39,109754795.8125
2025-01-06,7.47,7.53,7.42,7.51,11852074.0,90689475.0,2221551588.0,0.005335043338187832,7.69,7.851999999999999,7.983,8.0555,31.249999658203095,13704395.35,8.088333333333333,8.119,True,True,8.28,89009075.74,109239173.87150002
2025-01-07,7.51,7.51,7.36,7.44,10271551.0,78177801.0,2221551588.0,0.004623593282948332,7.57,7.802,7.9435,8.047,30.07518765334389,13536709.9,8.088000000000001,8.110000000000001,True,True,8.28,76420339.44,107453396.35349998
2025-01-08,7.45,7.46,7.17,7.33,13770129.0,103090379.0,2221551588.0,0.0061984286452680835,7.462000000000001,7.727000000000001,7.900000000000001,8.039,22.962962724828472,13274311.35,8.079333333333333,8.0905,True,True,8.28,100935045.57000001,104702727.632
2025-01-09,7.31,7.31,7.19,7.26,9635603.0,71610596.0,2221551588.0,0.004337330292957392,7.406000000000001,7.648999999999999,7.849500000000001,8.027833333333334,19.56521719281662,13138325.7,8.074333333333334,8.057500000000001,True,True,8.28,69954477.78,103091528.35499999
2025-01-10,7.26,7.27,7.14,7.15,8679930.0,64088295.0,2221551588.0,0.003907147620107393,7.337999999999999,7.569,7.793000000000001,8.017333333333333,19.56521719281662,12887663.4,8.059833333333334,8.0215,True,True,8.28,62061499.5,100525628.46599999
2025-01-13,7.13,7.22,7.09,7.18,10772550.0,79146029.0,2221551588.0,0.004849110890869845,7.272,7.480999999999999,7.749499999999999,8.0055,22.058823302335583,12441025.85,8.0555,7.983,True,True,8.1,77346909.0,96461590.2635
2025-01-14,7.17,7.38,7.17,7.37,12722680.0,95174999.0,2221551588.0,0.0057269343051600564,7.258,7.414,7.718500000000001,7.9965,24.822694788994497,12501026.75,8.047,7.9435,True,True,8.1,93766151.6,96546594.3745
2025-01-15,7.34,7.36,7.27,7.34,10144800.0,75989475.0,2221551588.0,0.0045665381145315095,7.26,7.361,7.687,7.985166666666667,24.99999975,12372831.2,8.039,7.900000000000001,True,True,8.1,74462832.0,95205314.641
2025-01-16,7.34,7.51,7.34,7.37,11722973.0,89078750.0,2221551588.0,0.005276930350536608,7.281999999999999,7.343999999999999,7.652500000000001,7.9735,28.358208658944093,12208094.75,8.027833333333334,7.849500000000001,True,True,8.1,86398311.01,93473096.2855
2025-01-17,7.34,7.51,7.32,7.51,11511921.0,87764998.0,2221551588.0,0.005181928280298841,7.354000000000001,7.345999999999999,7.622999999999999,7.9655000000000005,29.92700699344661,11993117.95,8.017333333333333,7.793000000000001,True,True,8.1,86454526.71,91392182.536
2025-01-20,7.53,7.66,7.52,7.52,10161601.0,78952704.0,2221551588.0,0.004574100846853708,7.422,7.3469999999999995,7.599500000000001,7.958,30.88235262326988,11990291.0,8.0055,7.749499999999999,True,True,8.08,76415239.52,91130797.582
2025-01-21,7.6,7.6,7.46,7.48,6037000.0,46406591.0,2221551588.0,0.0027174700927989435,7.444,7.351000000000001,7.5765,7.948333333333334,34.146341074757075,11692308.0,7.9965,7.718500000000001,True,True,8.08,45156760.0,88625961.562
2025-01-22,7.45,7.54,7.37,7.52,8359351.0,63925421.0,2221551588.0,0.003762843521237194,7.4799999999999995,7.369999999999999,7.5485,7.941999999999999,48.93616948392936,11494090.65,7.985166666666667,7.687,True,True,8.08,62862319.519999996,86790303.546
2025-01-23,7.56,7.68,7.52,7.53,8982248.0,69912014.0,2221551588.0,0.004043231788322532,7.5120000000000005,7.397,7.523000000000001,7.9355,52.22222140987656,11492928.05,7.9735,7.652500000000001,True,True,8.06,67636327.44,86551908.918
2025-01-24,7.53,7.65,7.51,7.55,9376760.0,72776486.0,2221551588.0,0.004220815780578668,7.5200000000000005,7.436999999999999,7.502999999999998,7.929166666666666,52.22222140987656,11348624.35,7.9655000000000005,7.622999999999999,False,True,8.06,70794538.0,85217159.303
2025-01-27,7.53,7.68,7.52,7.61,9496942.0,74266143.0,2221551588.0,0.004274914006633457,7.537999999999999,7.480000000000001,7.480500000000001,7.923500000000001,59.550560861002424,11241585.6,7.958,7.599500000000001,False,False,8.06,72271728.62,84140745.783
2025-02-05,7.61,7.65,7.39,7.44,11559112.0,88398682.0,2221551588.0,0.0052031706409331425,7.529999999999999,7.487,7.4505,7.9135,55.78947286204989,11378241.2,7.948333333333334,7.5765,False,False,8.04,85999793.28,84892683.447
2025-02-06,7.42,7.48,7.37,7.47,9030758.0,68739517.0,2221551588.0,0.0040650678781356305,7.5200000000000005,7.5,7.430499999999999,7.901,61.538460591716024,11108828.6,7.941999999999999,7.5485,True,False,7.87,67459762.25999999,82591791.125
2025-02-07,7.46,7.55,7.45,7.53,12431140.0,95575340.0,2221551588.0,0.00559570170107614,7.5200000000000005,7.516000000000001,7.43,7.888999999999999,72.09302208220664,10583731.7,7.9355,7.523000000000001,False,True,7.61,93606484.2,78626344.92899999
2025-02-10,7.53,7.61,7.52,7.54,10137836.0,78583724.0,2221551588.0,0.004563403368510927,7.518000000000001,7.519,7.432499999999999,7.873833333333334,71.4285702380953,10332847.95,7.929166666666666,7.502999999999998,False,False,7.61,76439283.44,76772570.2315
2025-02-11,7.56,7.56,7.47,7.54,8068728.0,62144874.0,2221551588.0,0.003632023691722616,7.5040000000000004,7.521000000000001,7.434,7.861166666666666,63.07692171834325,10143680.65,7.923500000000001,7.480500000000001,False,False,7.61,60838209.12,75364026.9005
2025-02-12,7.53,7.59,7.49,7.57,8648864.0,66853235.0,2221551588.0,0.003893163699964459,7.529999999999999,7.529999999999999,7.4405,7.849166666666666,67.69230623431963,10062546.3,7.9135,7.4505,False,False,7.61,65471900.480000004,74816604.9525
2025-02-13,7.57,7.6,7.51,7.52,9179361.0,70980246.0,2221551588.0,0.004131959415024847,7.540000000000001,7.530000000000001,7.45,7.8375,61.19402857206506,9833007.9,7.901,7.430499999999999,False,False,7.61,69028794.72,73221292.41
2025-02-14,7.52,7.55,7.47,7.51,8279236.0,63619469.0,2221551588.0,0.0037267808880610156,7.536,7.5280000000000005,7.4625,7.825166666666666,49.99999870370374,9765189.55,7.888999999999999,7.43,False,False,7.61,62177062.36,72832421.639
2025-02-17,7.5,7.55,7.45,7.52,11648334.0,89344819.0,2221551588.0,0.005243332661244507,7.531999999999999,7.525,7.480999999999999,7.814333333333334,49.99999870370374,9913609.75,7.873833333333334,7.432499999999999,False,False,7.61,87595471.67999999,74109120.248
2025-02-18,7.52,7.55,7.41,7.45,9985473.0,76696688.0,2221551588.0,0.004494819320846669,7.514,7.508999999999999,7.4945,7.802333333333333,47.36841988919669,9874255.9,7.861166666666666,7.434,False,False,7.61,74391773.85000001,73961363.4905
2025-02-19,7.45,7.52,7.41,7.5,8852315.0,67955465.0,2221551588.0,0.003984744287648746,7.5,7.514999999999999,7.501,7.7865,48.27586090368616,9680737.65,7.849166666666666,7.4405,True,False,7.61,66392362.5,72592674.03549999
2025-02-20,7.5,7.54,7.37,7.37,13941406.0,105834659.0,2221551588.0,0.006275526562293812,7.470000000000001,7.505,7.5025,7.772,38.5714278,9870567.95,7.8375,7.45,True,True,7.61,102748162.22,74006940.5465
2025-02-21,7.38,7.47,7.36,7.46,11657565.0,88655345.0,2221551588.0,0.005247487865224402,7.459999999999999,7.497999999999999,7.507,7.759166666666667,44.15584335301065,9867297.55,7.825166666666666,7.4625,True,True,7.61,86965434.9,74035296.741
2025-02-24,7.46,7.69,7.43,7.63,23266485.0,181057986.0,2221551588.0,0.010473078872296707,7.481999999999999,7.507000000000001,7.513000000000001,7.7491666666666665,51.13636282283057,10455025.75,7.814333333333334,7.480999999999999,True,True,7.61,177523280.55,78588734.433
2025-02-25,7.61,7.62,7.5,7.53,13336607.0,103176976.0,2221551588.0,0.006003284853720894,7.498,7.506,7.5135000000000005,7.741666666666666,55.5555545953361,10613776.05,7.802333333333333,7.4945,False,True,7.63,100424650.71000001,79789204.99249999
2025-02-26,7.5,7.59,7.5,7.54,12661222.0,97867426.0,2221551588.0,0.005699269856433332,7.506,7.503,7.516500000000001,7.735333333333333,54.43037878224648,10944987.15,7.7865,7.501,False,False,7.63,95465613.88,82304647.6865
2025-02-27,7.53,7.56,7.43,7.48,10737201.0,82380379.0,2221551588.0,0.004833199038905236,7.5280000000000005,7.499,7.5145,7.728666666666667,46.83544220797951,11063879.65,7.772,7.5025,False,False,7.63,80314263.48,83177244.8845
2025-02-28,7.47,7.5,7.35,7.38,11865752.0,90399918.0,2221551588.0,0.0053412002962678895,7.5120000000000005,7.486,7.507,7.718666666666667,40.909090258264456,11208054.85,7.759166666666667,7.507,True,False,7.63,87569249.76,84173891.00050001
2025-03-03,7.36,7.47,7.36,7.38,11240194.0,85447121.0,2221551588.0,0.005059614217700534,7.462000000000001,7.472000000000001,7.498500000000002,7.707833333333334,40.909090258264456,11301226.55,7.7491666666666665,7.513000000000001,True,True,7.63,82952631.72,84781795.6865
2025-03-04,7.35,7.43,7.34,7.38,9307296.0,70492159.0,2221551588.0,0.00418954754428147,7.4319999999999995,7.465000000000001,7.487,7.6955,38.823528772318305,11291744.25,7.741666666666666,7.5135000000000005,True,True,7.63,68687844.48,84602601.4795
2025-03-05,7.41,7.41,7.26,7.33,10863703.0,81462117.0,2221551588.0,0.004890142123496796,7.390000000000001,7.448,7.4815,7.680666666666666,38.823528772318355,11256973.8,7.735333333333333,7.516500000000001,True,True,7.63,79630942.99,84284158.965
2025-03-06,7.37,7.45,7.31,7.44,12268964.0,92749037.0,2221551588.0,0.005522700470370531,7.382,7.455,7.4799999999999995,7.667,46.31578879113577,11418884.1,7.728666666666667,7.5145,True,True,7.63,91281092.16000001,85475225.46000001
2025-03-07,7.43,7.47,7.38,7.44,9532853.0,72651624.0,2221551588.0,0.004291078834942634,7.394,7.453,7.475499999999999,7.654333333333333,45.74468016976012,11273969.75,7.718666666666667,7.507,True,True,7.63,70924426.32000001,84341122.566
2025-03-10,7.44,7.48,7.4,7.42,9207251.0,70136314.0,2221551588.0,0.004144513703725885,7.402000000000001,7.4319999999999995,7.469500000000001,7.641166666666667,48.31460598156798,11227440.5,7.707833333333334,7.498500000000002,True,True,7.63,68317802.42,83935048.515
2025-03-11,7.4,7.47,7.34,7.47,8498778.0,64527670.0,2221551588.0,0.0038256046116179588,7.42,7.425999999999999,7.465999999999999,7.627666666666666,48.31460598156798,11248943.0,7.6955,7.487,True,True,7.63,63485871.66,84067431.642
2025-03-12,7.47,7.56,7.45,7.52,14447219.0,111257618.0,2221551588.0,0.006503211124170392,7.458,7.424000000000001,7.463500000000001,7.615833333333333,59.259258235025136,11538860.75,7.680666666666666,7.4815,False,True,7.63,108643086.88,86225990.962
2025-03-13,7.52,7.55,7.42,7.48,10287404.0,78810409.0,2221551588.0,0.004630729286490015,7.465999999999999,7.4239999999999995,7.461499999999999,7.603833333333332,51.3157885283934,11594262.9,7.667,7.4799999999999995,False,False,7.63,76949781.92,86622040.322
2025-03-14,7.49,7.61,7.47,7.6,14433844.0,111812921.0,2221551588.0,0.0064971905572511965,7.498,7.446000000000001,7.465999999999999,7.592666666666667,47.88732299940487,11901993.3,7.654333333333333,7.475499999999999,False,False,7.63,109697214.39999999,88998047.924
2025-03-17,7.63,7.72,7.62,7.65,17097126.0,134386341.0,2221551588.0,0.007696029249265401,7.544,7.472999999999999,7.472500000000001,7.582166666666666,59.09090783746561,12174432.9,7.641166666666667,7.469500000000001,False,False,7.63,130793013.9,91157925.035
2025-03-18,7.66,7.67,7.6,7.63,7713130.0,60277831.0,2221551588.0,0.0034719562857164674,7.5760000000000005,7.498,7.4815,7.575166666666667,56.7164167253286,12060815.75,7.627666666666666,7.465999999999999,False,False,7.65,58851181.9,90380895.43750001
2025-03-19,7.62,7.65,7.55,7.59,9205199.0,71587861.0,2221551588.0,0.0041435900249731225,7.590000000000001,7.523999999999999,7.486,7.5685,58.46153720236684,12078459.95,7.615833333333333,7.463500000000001,False,False,7.65,69867460.41,90554650.333
2025-03-20,7.59,7.71,7.58,7.69,13082421.0,102618080.0,2221551588.0,0.005888866623969661,7.632000000000001,7.549000000000001,7.502,7.563833333333333,73.84615225562136,12035510.7,7.603833333333332,7.461499999999999,False,False,7.65,100603817.49000001,90447433.09650001
2025-03-21,7.69,7.91,7.68,7.81,27084618.0,217484138.0,2221551588.0,0.012191757394381967,7.6739999999999995,7.586,7.519500000000001,7.559666666666667,77.92207650531289,12806863.35,7.592666666666667,7.465999999999999,False,False,7.69,211530866.57999998,96675704.6805
2025-03-24,7.86,7.92,7.71,7.86,22628056.0,181283780.0,2221551588.0,0.010185699095275747,7.715999999999999,7.63,7.530999999999999,7.555666666666667,79.26829132956577,12774941.9,7.582166666666666,7.472500000000001,False,False,7.81,177856520.16,96692366.661
2025-03-25,7.83,8.0,7.8,7.96,25300010.0,205811008.0,2221551588.0,0.011388441365332813,7.781999999999999,7.679,7.552499999999999,7.555166666666667,86.20689516448674,13373112.05,7.575166666666667,7.4815,False,False,7.86,201388079.6,101740538.10550001
2025-03-26,7.93,7.97,7.87,7.93,16365551.0,132785752.0,2221551588.0,0.007366721118879549,7.85,7.719999999999999,7.572,7.555000000000001,81.01265679218072,13558328.5,7.5685,7.486,False,False,7.96,129778819.42999999,103456198.38299999
2025-03-27,7.92,7.94,7.81,7.83,18348348.0,147607599.0,2221551588.0,0.00825924912079962,7.878,7.755000000000001,7.589500000000001,7.550833333333333,71.91011122838026,13938885.85,7.563833333333333,7.502,False,False,7.96,143667564.84,106623863.451
2025-03-28,7.84,7.87,7.69,7.77,12603885.0,100210221.0,2221551588.0,0.005673460417521486,7.869999999999999,7.772,7.609,7.546333333333334,68.81720326511736,13975792.5,7.559666666666667,7.519500000000001,False,False,7.96,97932186.44999999,107142010.28549999
2025-03-31,7.87,8.16,7.87,8.02,41567191.0,342973230.0,2221551588.0,0.01871088262119619,7.901999999999999,7.809,7.641,7.5475,74.33628226486022,15492142.35,7.555666666666667,7.530999999999999,False,False,7.96,333368871.82,119662822.2905
2025-04-01,8.08,8.13,7.97,8.06,21695310.0,179254604.0,2221551588.0,0.0097658366869309,7.922,7.851999999999999,7.675,7.5475,74.1071419308036,16111543.05,7.555166666666667,7.552499999999999,False,False,8.02,174864198.60000002,124971639.99649999
2025-04-02,8.11,8.14,8.03,8.06,11739007.0,97107959.0,2221551588.0,0.005284147828666133,7.947999999999999,7.899000000000001,7.711500000000001,7.547833333333333,76.85185085562412,16155308.25,7.555000000000001,7.572,False,False,8.06,94616396.42,125720912.66800001
2025-04-03,8.0,8.17,7.99,8.12,15428743.0,128233867.0,2221551588.0,0.006945030258734644,8.006,7.941999999999998,7.7455,7.5520000000000005,75.49019504229139,16313297.2,7.550833333333333,7.589500000000001,False,False,8.06,125281393.15999998,127420927.71799998
2025-04-07,7.87,7.95,7.32,7.48,36198034.0,283141481.0,2221551588.0,0.01629403260114615,7.948,7.909000000000001,7.7475000000000005,7.551,44.72049650553606,17646556.25,7.546333333333334,7.609,False,False,8.12,270761294.32,137412771.118
2025-04-08,7.49,7.87,7.49,7.82,30992089.0,246026989.0,2221551588.0,0.013950650152536543,7.9079999999999995,7.905000000000001,7.7675,7.556500000000001,54.92227939434618,18735798.15,7.5475,7.641,True,False,8.12,242358135.98000002,146114787.796
2025-04-09,7.83,7.99,7.58,7.88,25438010.0,201849795.0,2221551588.0,0.011450560111863583,7.872,7.897,7.787999999999999,7.562666666666668,57.43589702353716,19582759.75,7.5475,7.675,False,True,8.12,200451518.8,152963070.153
2025-04-10,7.88,7.99,7.82,7.86,19697953.0,159238249.0,2221551588.0,0.008866754707115988,7.831999999999999,7.890000000000001,7.805,7.5696666666666665,54.54545413709286,19845296.45,7.547833333333333,7.711500000000001,False,False,8.12,154825910.58,155272211.338
2025-04-11,7.86,7.88,7.71,7.72,15260775.0,121248176.0,2221551588.0,0.006869421841218121,7.752000000000001,7.879,7.817,7.5761666666666665,47.61904726631394,20093965.0,7.5520000000000005,7.7455,False,False,8.12,117813183.0,157315381.39200002
2025-04-14,7.72,7.82,7.69,7.79,13938952.0,110829796.0,2221551588.0,0.006274421928931591,7.814,7.881,7.8265,7.585,48.167538913955205,20069220.4,7.551,7.7475000000000005,True,False,8.12,108584436.08,157259742.476
2025-04-15,7.78,7.79,7.63,7.69,11343574.0,89172783.0,2221551588.0,0.005106149261297281,7.787999999999999,7.848000000000001,7.8285,7.594,42.93193685809052,19781542.8,7.556500000000001,7.7675,True,True,8.12,87232084.06,155081695.984
2025-04-16,7.68,7.69,7.59,7.64,10281900.0,80369861.0,2221551588.0,0.004628251738802295,7.74,7.806,7.829000000000001,7.6016666666666675,42.48704632392816,19909981.3,7.562666666666668,7.787999999999999,True,True,8.12,78553716.0,156066822.689
2025-04-17,7.62,7.69,7.61,7.64,7086511.0,55634590.0,2221551588.0,0.0031898926130181767,7.696,7.764,7.8315,7.606166666666667,44.80874282659977,19804046.9,7.5696666666666665,7.805,True,True,8.12,54140944.04,155280496.8705
2025-04-18,7.66,7.83,7.62,7.74,11943607.0,94599083.0,2221551588.0,0.005376245622435665,7.7,7.726000000000001,7.8340000000000005,7.612833333333333,49.19786059424064,19747106.2,7.5761666666666665,7.817,True,True,8.12,92443518.18,154872481.905
2025-04-21,7.72,7.8,7.71,7.75,10215268.0,81160348.0,2221551588.0,0.004598258287216511,7.692,7.753,7.831,7.6191666666666675,41.71779105273064,18903638.7,7.585,7.8265,True,True,8.12,79168327.0,148254354.926
2025-04-22,7.72,7.84,7.72,7.82,11957741.0,95562924.0,2221551588.0,0.00538260784246078,7.718000000000001,7.753,7.829000000000001,7.624333333333333,42.7710839766294,18370122.95,7.594,7.8285,True,True,8.12,93509534.62,144037005.649
2025-04-23,7.87,7.89,7.8,7.84,9309207.0,74872417.0,2221551588.0,0.004190407753880168,7.758,7.749,7.823,7.629666666666666,43.45238059027775,17570582.8,7.6016666666666675,7.829000000000001,True,True,8.12,72984182.88,137616810.813
2025-04-24,7.83,7.86,7.75,7.84,8377419.0,67086143.0,2221551588.0,0.0037709765756742805,7.798,7.747,7.8185,7.635666666666666,41.35802433394302,17171176.2,7.606166666666667,7.8315,False,True,8.12,65678964.96,134411818.0895
2025-04-25,7.85,7.87,7.81,7.85,6667551.0,53566032.0,2221551588.0,0.0030013036996375166,7.82,7.76,7.819500000000001,7.641166666666666,68.6868677155392,16587136.35,7.612833333333333,7.8340000000000005,False,False,8.12,52340275.349999994,129845453.61499998
2025-04-28,7.82,7.84,7.75,7.81,9434976.0,75509799.0,2221551588.0,0.004247020888897764,7.831999999999999,7.761999999999999,7.8215,7.645833333333333,49.27536131905059,16428690.9,7.6191666666666675,7.831,False,False,8.12,73687162.56,128633202.42050001
2025-04-29,7.66,7.68,7.2,7.25,47251241.0,353421659.0,2221551588.0,0.021269477267705027,7.718000000000001,7.717999999999999,7.7829999999999995,7.640833333333333,23.529411487889277,16712893.4,7.624333333333333,7.829000000000001,True,False,8.12,342571497.25,129093333.692
2025-04-30,7.27,7.27,7.1,7.12,33125641.0,242930315.0,2221551588.0,0.014911038383683035,7.574,7.6659999999999995,7.736,7.632666666666666,21.53846130650888,17284409.95,7.629666666666666,7.823,True,True,8.12,235854563.92000002,132142851.95799999
2025-05-06,7.14,7.21,7.12,7.21,19350872.0,142342390.0,2221551588.0,0.008710521108096815,7.448,7.622999999999999,7.6934999999999985,7.628833333333334,29.59999966848001,17665003.2,7.635666666666666,7.8185,True,True,8.12,139519787.12,134388021.493
2025-05-07,7.24,7.29,7.2,7.23,19060516.0,141444862.0,2221551588.0,0.0085798214648527,7.324,7.572,7.649000000000001,7.624833333333332,26.66666635555559,17846591.85,7.641166666666666,7.819500000000001,True,True,8.12,137807530.68,135014328.36900002
2025-05-08,7.28,7.37,7.25,7.32,21460320.0,160940054.0,2221551588.0,0.009660059264849266,7.226000000000001,7.529000000000001,7.641,7.621333333333334,34.45378110726644,17109706.15,7.645833333333333,7.8215,True,True,7.88,157089542.4,129330740.773
2025-05-09,7.34,7.34,7.25,7.27,11963216.0,89262308.0,2221551588.0,0.0053850723362090114,7.2299999999999995,7.473999999999999,7.6135,7.616833333333333,34.45378110726644,16158262.5,7.640833333333333,7.7829999999999995,True,True,7.88,86972580.32,121561462.98999998
2025-05-12,7.3,7.34,7.27,7.32,16424739.0,122865440.0,2221551588.0,0.007393363759239427,7.2700000000000005,7.422,7.585500000000001,7.613166666666667,37.09677377471388,15707598.95,7.632666666666666,7.736,True,True,7.88,120229089.48,117550341.524
2025-05-13,7.35,7.37,7.32,7.33,13962390.0,105021969.0,2221551588.0,0.006284972212853245,7.294,7.371,7.559,7.609166666666667,32.173912651795845,15420820.8,7.628833333333334,7.6934999999999985,True,True,7.86,102344318.7,114926261.92999999
2025-05-14,7.34,7.38,7.27,7.37,14260348.0,107065258.0,2221551588.0,0.006419093788786687,7.322,7.323,7.541499999999999,7.6066666666666665,33.89830468256251,15370799.45,7.624833333333332,7.649000000000001,True,True,7.85,105098764.76,114290541.01799998
2025-05-15,7.35,7.36,7.27,7.28,11401569.0,85417816.0,2221551588.0,0.005132254889594758,7.314,7.2700000000000005,7.516,7.602833333333334,27.499999679166677,15243930.3,7.621333333333334,7.641,True,True,7.85,83003422.32000001,113011490.33
2025-05-16,7.28,7.31,7.24,7.28,11375010.0,84721140.0,2221551588.0,0.005120299731702652,7.316,7.273000000000001,7.4955,7.598833333333333,26.27118612898596,15245502.1,7.616833333333333,7.6135,True,True,7.85,82810072.8,112790389.767
2025-05-19,7.27,7.31,7.26,7.28,11775569.0,87887757.0,2221551588.0,0.0053006056954100315,7.308,7.289,7.477499999999999,7.596000000000001,26.27118612898596,15320185.55,7.613166666666667,7.585500000000001,True,True,7.85,85726142.32000001,113149011.08299999
2025-05-20,7.27,7.31,7.24,7.27,14468410.0,107725364.0,2221551588.0,0.00651274995284962,7.296000000000001,7.295,7.4590000000000005,7.592166666666667,25.423728511921894,15689280.5,7.609166666666667,7.559,True,True,7.85,105185340.69999999,115701230.91600001
2025-05-21,7.27,7.29,7.25,7.26,8623600.0,64224933.0,2221551588.0,0.003881791467990884,7.273999999999999,7.298,7.435,7.590333333333334,26.086956204158824,15523280.15,7.6066666666666665,7.541499999999999,True,True,7.85,62607336.0,114209421.80700001
2025-05-22,7.25,7.26,7.19,7.21,10942462.0,80962311.0,2221551588.0,0.004925594372467933,7.26,7.286999999999999,7.4079999999999995,7.586166666666666,46.874998974609404,15559639.85,7.602833333333334,7.516,True,True,7.85,78895151.02,114195763.00800002
2025-05-23,7.21,7.24,7.13,7.14,10604900.0,78151091.0,2221551588.0,0.0047736456165518495,7.231999999999999,7.273999999999999,7.374,7.578,51.7241366825208,15491997.8,7.598833333333333,7.4955,True,True,7.85,75718986.0,113306235.57699999
2025-05-26,7.13,7.19,7.11,7.15,8835570.0,64769608.0,2221551588.0,0.003977206762933835,7.206,7.257000000000001,7.339499999999999,7.571666666666667,43.99999876800011,15468315.95,7.596000000000001,7.477499999999999,True,True,7.85,63174325.5,112815742.70800002
2025-05-27,7.16,7.17,7.1,7.14,8105784.0,59231507.0,2221551588.0,0.003648703925573661,7.18,7.238000000000001,7.3045,7.5649999999999995,40.81632536443149,15454734.2,7.592166666666667,7.4590000000000005,True,True,7.85,57875297.76,112425559.348
2025-05-28,7.15,7.16,7.12,7.15,6787119.0,49660468.0,2221551588.0,0.003055125542283828,7.1579999999999995,7.215999999999999,7.269499999999999,7.5595,29.268291683521937,15460712.6,7.590333333333334,7.435,True,True,7.85,48527900.85,112234940.623
2025-05-29,7.13,7.2,7.13,7.2,9524021.0,70118565.0,2221551588.0,0.004287103235164665,7.156000000000001,7.208,7.239,7.5565,41.46341321832261,15465164.85,7.586166666666666,7.4079999999999995,True,True,7.81,68572951.2,111979230.05499999
2025-05-30,7.19,7.2,7.15,7.17,7960513.0,58514107.0,2221551588.0,0.003583312241318071,7.162000000000001,7.197,7.234999999999999,7.553,30.769229664694393,13500628.45,7.578,7.374,True,True,7.37,57076878.21,97704499.103
2025-06-03,7.14,7.18,7.12,7.17,9499145.0,69672986.0,2221551588.0,0.004275905655898728,7.1659999999999995,7.186,7.2375,7.549499999999999,28.9473673545708,12319303.65,7.571666666666667,7.339499999999999,True,True,7.37,68108869.65,89317214.38949999
2025-06-04,7.16,7.2,7.16,7.18,6713521.0,49391666.0,2221551588.0,0.0030219964444057738,7.174000000000001,7.177000000000001,7.2360000000000015,7.547,22.85714194285731,11687436.1,7.5649999999999995,7.3045,True,True,7.37,48203080.78,84751379.0725
2025-06-05,7.19,7.19,7.15,7.17,7503788.0,55127192.0,2221551588.0,0.003377723947772668,7.178,7.167999999999999,7.233,7.5425,29.629628093278654,11109599.7,7.5595,7.269499999999999,True,True,7.37,53802159.96,80551110.5365
2025-06-06,7.17,7.24,7.16,7.2,10609386.0,78354813.0,2221551588.0,0.004775664925949944,7.178,7.167,7.226999999999999,7.5385,36.66666495555573,10567053.0,7.5565,7.239,True,True,7.37,76387579.2,76516012.3765
2025-06-09,7.23,7.24,7.21,7.22,9126780.0,67563684.0,2221551588.0,0.004108290822189091,7.188,7.175,7.224499999999999,7.535166666666667,40.62499822265631,10425231.2,7.553,7.234999999999999,True,True,7.37,65895351.599999994,75462150.94049999
2025-06-10,7.23,7.24,7.15,7.18,11784900.0,86925960.0,2221551588.0,0.005304805912974369,7.19,7.178,7.217499999999999,7.530333333333334,37.142855657142995,10193239.25,7.549499999999999,7.2375,True,True,7.37,84615582.0,73681475.5665
2025-06-11,7.18,7.23,7.17,7.21,8540601.0,63139339.0,2221551588.0,0.003844430643039382,7.196,7.185,7.211499999999999,7.525166666666666,43.24324160701254,9922149.8,7.547,7.2360000000000015,True,True,7.37,61577733.21,71643146.292
2025-06-12,7.2,7.21,7.16,7.18,6608700.0,48659975.0,2221551588.0,0.00297481275505721,7.197999999999999,7.188000000000001,7.202000000000001,7.520166666666667,45.714283885714345,9539567.4,7.5425,7.233,True,True,7.37,47450466.0,68760731.354
2025-06-13,7.17,7.19,7.15,7.17,10421370.0,76579843.0,2221551588.0,0.00469103218502437,7.192,7.1850000000000005,7.1965,7.513000000000001,55.17241112960775,9490557.45,7.5385,7.226999999999999,True,True,7.28,74721222.9,68346621.383
2025-06-16,7.14,7.17,7.13,7.15,7893040.0,57857891.0,2221551588.0,0.0035529402254871247,7.178,7.183,7.19,7.504666666666667,49.99999766666677,9316458.95,7.535166666666667,7.224499999999999,True,True,7.28,56435236.0,67027879.543000005
2025-06-17,7.15,7.19,7.14,7.18,7139765.0,52456607.0,2221551588.0,0.0032138641472772315,7.178,7.184,7.1850000000000005,7.497166666666667,56.24999753906262,9084668.75,7.530333333333334,7.217499999999999,True,True,7.28,51263512.699999996,65304748.06199999
2025-06-18,7.17,7.2,7.13,7.14,7074207.0,51857726.0,2221551588.0,0.0031843541415883607,7.164,7.18,7.1785,7.4896666666666665,48.57142662857141,8714958.6,7.525166666666666,7.211499999999999,True,True,7.27,50509837.98,62570972.926
2025-06-19,7.13,7.14,7.0,7.04,13053300.0,94392091.0,2221551588.0,0.005875758218044136,7.136,7.167,7.1674999999999995,7.478833333333333,29.99999894999995,8936443.6,7.520166666666667,7.202000000000001,True,True,7.26,91895232.0,64035367.725999996
2025-06-20,7.04,7.07,7.01,7.01,5943767.0,42840528.0,2221551588.0,0.0026755025776155866,7.104000000000001,7.148000000000001,7.157500000000001,7.4655000000000005,29.99999894999995,8686508.85,7.513000000000001,7.1965,True,True,7.22,41665806.67,62173900.5085
2025-06-23,6.98,7.05,6.96,7.04,7551926.0,54192246.0,2221551588.0,0.0033993925870516406,7.081999999999999,7.13,7.152500000000001,7.451833333333332,34.88371979448351,8533860.15,7.504666666666667,7.19,True,True,7.22,53165559.04,61046229.160500005
2025-06-24,7.04,7.12,7.04,7.11,9179800.0,66726868.0,2221551588.0,0.00413215702466055,7.068,7.122999999999999,7.150499999999999,7.437666666666667,42.85714163265315,8551071.65,7.497166666666667,7.1850000000000005,True,True,7.22,65268378.0,61150931.785500005
2025-06-25,7.13,7.2,7.1,7.17,10566991.0,77422225.0,2221551588.0,0.004756581416825509,7.074,7.119,7.151999999999999,7.425,49.99999870370374,8674132.0,7.4896666666666665,7.1785,True,True,7.22,75765325.47,62045433.171000004
2025-06-26,7.17,7.26,7.17,7.19,11321049.0,83625171.0,2221551588.0,0.005096009951401588,7.103999999999999,7.119999999999999,7.154000000000001,7.414333333333333,49.05660247775013,8900828.5,7.478833333333333,7.1674999999999995,False,True,7.22,81398342.31,63688955.243999995
2025-06-27,7.18,7.24,7.18,7.21,9390015.0,69453083.0,2221551588.0,0.004226782331196533,7.144,7.124,7.1545000000000005,7.404999999999999,49.05660247775013,8894128.2,7.4655000000000005,7.157500000000001,False,False,7.22,67702008.15,63645408.0915
2025-06-30,7.2,7.23,7.17,7.2,9509944.0,70154540.0,2221551588.0,0.004280766672882683,7.176,7.1290000000000004,7.156000000000001,7.391333333333334,51.99999854400009,8971599.75,7.451833333333332,7.152500000000001,False,False,7.22,68471596.8,64215144.021000005
2025-07-01,7.2,7.2,7.16,7.19,7248610.0,53330534.0,2221551588.0,0.0032628591832637647,7.192,7.13,7.156999999999999,7.376833333333334,47.91666526909731,8859073.0,7.437666666666667,7.150499999999999,False,False,7.22,52117505.900000006,63415575.833500005
2025-07-02,7.19,7.25,7.18,7.24,12848030.0,95144987.0,2221551588.0,0.005783358833258838,7.206,7.139999999999999,7.159999999999999,7.363166666666666,55.99999843200012,9165798.45,7.425,7.151999999999999,False,False,7.22,93019737.2,65656408.65450001
2025-07-03,7.23,7.27,7.22,7.23,7471655.0,55423434.0,2221551588.0,0.0033632597326837318,7.214,7.159000000000001,7.162999999999999,7.348333333333333,55.99999843200012,9164191.8,7.414333333333333,7.154000000000001,False,False,7.24,54020065.650000006,65667303.938999996
2025-07-04,7.23,7.26,7.21,7.22,9475601.0,70235587.0,2221551588.0,0.004265307657577565,7.215999999999999,7.18,7.164,7.344,57.14285551020407,9107502.55,7.404999999999999,7.1545000000000005,False,False,7.24,68413839.22,65268616.94
2025-07-07,7.21,7.27,7.2,7.26,9649960.0,71652551.0,2221551588.0,0.004343792893275814,7.228,7.202000000000001,7.166000000000001,7.334666666666666,57.99999837600006,9133661.55,7.391333333333334,7.156000000000001,False,False,7.24,70058709.6,65476784.839999996
2025-07-08,7.27,7.29,7.22,7.27,11296783.0,83982742.0,2221551588.0,0.0050850869550007494,7.244,7.218000000000001,7.1705,7.3245,63.82978533272979,9109255.7,7.376833333333334,7.156999999999999,False,False,7.26,82127612.41,65352386.3605
2025-07-09,7.27,7.35,7.26,7.32,14967759.0,112145756.0,2221551588.0,0.006737524836627832,7.26,7.233000000000001,7.175999999999999,7.3155,83.33333055555562,9430613.6,7.363166666666666,7.159999999999999,False,False,7.27,109563995.88000001,67751699.494
2025-07-10,7.32,7.39,7.31,7.38,10896951.0,82085544.0,2221551588.0,0.004905108240052267,7.290000000000001,7.252000000000001,7.186,7.309833333333333,91.11110827654329,9645026.15,7.348333333333333,7.162999999999999,False,False,7.32,80419498.38,69400151.113
2025-07-11,7.4,7.45,7.35,7.39,12940441.0,98126017.0,2221551588.0,0.005824956336778077,7.324000000000001,7.2700000000000005,7.197,7.303166666666667,90.6976714656572,9770979.7,7.344,7.164,False,False,7.38,95629858.99,70445582.91749999
2025-07-14,7.39,7.48,7.38,7.44,11430820.0,87286601.0,2221551588.0,0.00514542181318006,7.359999999999999,7.294,7.211499999999999,7.299,90.24389935752538,9947868.7,7.334666666666666,7.166000000000001,False,False,7.39,85045300.8,71876086.1575
2025-07-15,7.44,7.46,7.33,7.34,12091922.0,91232085.0,2221551588.0,0.005443007520201687,7.374,7.309,7.219499999999999,7.294,68.88888674567903,10195476.55,7.3245,7.1705,False,False,7.44,88754707.48,73750645.8965
2025-07-16,7.35,7.37,7.29,7.34,9480400.0,71177557.0,2221551588.0,0.004267467859494964,7.378,7.319,7.2295,7.289,67.44185826933476,10315786.2,7.3155,7.175999999999999,False,False,7.44,69586136.0,74704460.7975
2025-07-17,7.33,7.35,7.28,7.29,11521600.0,86276142.0,2221551588.0,0.005186285145137039,7.359999999999999,7.325,7.242,7.281499999999999,58.69565038752368,10239201.2,7.309833333333333,7.186,False,False,7.44,83992464.0,74309322.39750001
2025-07-18,7.31,7.35,7.28,7.34,12994224.0,97330909.0,2221551588.0,0.005849165992898833,7.35,7.337000000000001,7.2585,7.274666666666667,63.999998207999994,10591724.05,7.303166666666667,7.197,False,False,7.44,95377604.16,76994912.272
2025-07-21,8.07,8.07,8.07,8.07,19818410.0,163898251.0,2221551588.0,0.008920976720527996,7.475999999999999,7.417999999999999,7.31,7.278833333333334,86.06557278285403,11205048.25,7.299,7.211499999999999,False,False,7.44,159934568.70000002,82333362.75500001
2025-07-22,8.88,8.88,8.88,8.88,13394801.0,121892689.0,2221551588.0,0.0060294800590514125,7.784000000000001,7.579000000000001,7.398500000000001,7.296166666666667,91.41414076777878,11415798.3,7.294,7.219499999999999,False,False,8.07,118945832.88000001,85017235.499
2025-07-23,9.77,9.77,9.77,9.77,19725753.0,197454788.0,2221551588.0,0.008879268483591028,8.27,7.824,7.528499999999999,7.328333333333333,94.40559394346909,11873736.4,7.289,7.2295,False,False,8.88,192720606.81,90864999.56600001
2025-07-24,10.74,10.74,10.74,10.74,180681737.0,1989305924.0,2221551588.0,0.08133132625682694,8.959999999999999,8.16,7.706,7.376500000000001,96.07329807721827,20341770.8,7.281499999999999,7.242,False,False,9.77,1940521855.38,183821175.2195
2025-07-25,11.32,11.71,10.19,10.21,400004580.0,4576764571.0,2221551588.0,0.18005639939251322,9.534,8.442,7.856,7.4165,84.2227375454482,39872499.05,7.274666666666667,7.2585,False,False,10.74,4084046761.8,384638412.90200007
2025-07-28,9.85,10.17,9.27,9.43,279660142.0,2770753003.0,2221551588.0,0.12588505417142715,9.806000000000001,8.641,7.967499999999999,7.452833333333333,71.25984232329964,53380008.95,7.278833333333334,7.31,False,False,10.74,2637195139.06,513074590.015
2025-07-29,9.35,9.6,9.1,9.41,199826942.0,1908138742.0,2221551588.0,0.08994926927620822,9.912,8.847999999999999,8.0785,7.4910000000000005,70.6930691109499,63008925.55,7.296166666666667,7.398500000000001,False,False,10.74,1880371524.22,604487290.931
2025-07-30,9.19,9.4,9.05,9.08,127448879.0,1200816150.0,2221551588.0,0.05736930876979482,9.774,9.022000000000002,8.1705,7.522166666666666,65.9774434353977,68738968.0,7.328333333333333,7.528499999999999,False,False,10.74,1157235821.32,657698095.137
2025-07-31,8.93,9.08,8.8,8.86,98213954.0,896798717.0,2221551588.0,0.044209621118193,9.398,9.179,8.252,7.549333333333334,63.29113908027559,73276082.95,7.376500000000001,7.706,False,False,10.74,870175632.4399999,698505873.4765
2025-08-01,8.86,8.97,8.81,8.84,65576617.0,596321750.0,2221551588.0,0.029518385867886493,9.124,9.328999999999999,8.333,7.574666666666666,62.72727256760329,76081133.75,7.4165,7.856,False,False,10.74,579697294.28,724070046.2295
2025-08-04,8.79,8.89,8.73,8.77,51969748.0,467568179.0,2221551588.0,0.023393446400579377,8.991999999999999,9.399000000000001,8.4085,7.599666666666667,63.07129782760545,78197123.15,7.452833333333333,7.967499999999999,False,False,10.74,455774689.96,743355845.2475001
2025-08-05,8.82,8.84,8.69,8.74,55056320.0,493485915.0,2221551588.0,0.024782823094180607,8.858,9.385,8.482000000000001,7.623333333333333,62.72727256760331,80385100.0,7.4910000000000005,8.0785,False,False,10.74,481192236.8,763309076.467
2025-08-06,8.72,8.79,8.68,8.78,43830585.0,392556081.0,2221551588.0,0.019729717390654624,8.798,9.286,8.555,7.6475,63.57012734244412,81828241.3,7.522166666666666,8.1705,False,False,10.74,384832536.29999995,777072503.488
2025-08-07,8.81,8.81,8.69,8.75,40801275.0,365586791.0,2221551588.0,0.01836611637577691,8.776,9.087,8.6235,7.6705000000000005,62.88848247158341,83323457.5,7.549333333333334,8.252,False,False,10.74,357011156.25,790902086.3815
2025-08-08,8.73,9.08,8.72,8.97,109108476.0,998773743.0,2221551588.0,0.04911363597827916,8.802,8.963,8.7025,7.698666666666666,59.07258047842418,88131859.25,7.574666666666666,8.333,False,False,10.74,978703029.72,835055744.918
2025-08-11,9.1,9.17,8.97,9.03,88128716.0,816850367.0,2221551588.0,0.039669893994827184,8.854000000000001,8.923,8.782,7.727833333333334,51.78147251189058,91966754.05,7.599666666666667,8.4085,False,False,10.74,795802305.4799999,870593595.1520001
2025-08-12,8.97,8.99,8.84,8.85,55218980.0,502613175.0,2221551588.0,0.024856042190634916,8.876,8.866999999999999,8.8575,7.754,36.85714270971428,94123106.95,7.623333333333333,8.482000000000001,False,False,10.74,488687973.0,890590258.4280001
2025-08-13,8.84,8.87,8.78,8.79,49513819.0,447225427.0,2221551588.0,0.02228794472631441,8.878,8.838,8.93,7.779333333333333,12.355212288427381,96124777.9,7.6475,8.555,True,False,10.74,435226469.00999993,908872275.0785
2025-08-14,8.8,8.83,8.59,8.65,52225415.0,466256539.0,2221551588.0,0.023508531281516205,8.858,8.816999999999998,8.998000000000001,7.802499999999999,14.545454452892514,98159968.65,7.6705000000000005,8.6235,True,True,10.74,451749839.75,927260143.8659999
2025-08-15,8.59,8.66,8.59,8.66,40298049.0,355983014.0,2221551588.0,0.01813959631532986,8.796,8.799000000000001,9.064,7.826666666666667,23.076922850995103,99525159.9,7.698666666666666,8.7025,True,True,10.74,348981104.34000003,939940318.875
2025-08-18,8.63,8.76,8.62,8.7,41438436.0,369763001.0,2221551588.0,0.01865292538054714,8.73,8.791999999999998,9.0955,7.852666666666666,25.517241132936874,100606161.2,7.727833333333334,8.782,True,True,10.74,360514393.2,949969310.1
2025-08-19,8.68,8.76,8.65,8.68,31304506.0,278914366.0,2221551588.0,0.01409128024264454,8.696,8.786,9.0855,7.878166666666667,32.45613995229293,101501646.45,7.754,8.8575,True,True,10.74,271723112.08,957608174.0600001
2025-08-20,8.67,8.76,8.63,8.76,41384488.0,368672334.0,2221551588.0,0.01862864145201205,8.69,8.784,9.035,7.905166666666667,44.99999937,102584583.2,7.779333333333333,8.93,True,True,10.74,362528114.88,966098549.4635
2025-08-21,8.83,8.86,8.7,8.72,45279330.0,407306824.0,2221551588.0,0.020381849444587374,8.703999999999999,8.781,8.934000000000001,7.931333333333333,44.117646453287215,95814462.85,7.802499999999999,8.998000000000001,True,True,10.74,394835757.6,888814244.5744998
2025-08-22,8.77,8.77,8.65,8.75,33385569.0,294128145.0,2221551588.0,0.01502804129345296,8.722,8.759,8.861,7.957166666666667,48.97959113702626,77483512.3,7.826666666666667,9.064,True,True,10.21,292123728.75,699218092.922
2025-08-25,8.73,8.8,8.7,8.76,46186862.0,409523662.0,2221551588.0,0.02079036212775087,8.734,8.732,8.8275,7.983666666666666,51.04166592230903,65809848.3,7.852666666666666,9.0955,True,True,9.43,404596911.12,587588181.525
2025-08-26,8.76,8.76,8.7,8.7,29120610.0,257211003.0,2221551588.0,0.013108230372546272,8.738,8.717,8.791999999999998,8.009166666666667,45.91836669096208,57274531.7,7.878166666666667,9.0855,True,True,9.41,253349306.99999997,506237070.6639999
2025-08-27,8.71,8.72,8.42,8.43,48108089.0,419026054.0,2221551588.0,0.02165517526572964,8.672,8.681000000000001,8.7595,8.03,36.88524547836598,53307492.2,7.905166666666667,9.035,True,True,9.08,405551190.27,468652839.11149997
2025-08-28,8.43,8.51,8.27,8.51,38326062.0,326253138.0,2221551588.0,0.017251934281888034,8.629999999999999,8.667,8.741999999999999,8.052333333333333,28.703703331618527,50313097.6,7.931333333333333,8.934000000000001,True,True,9.03,326154787.62,441451796.87049997
2025-08-29,8.48,8.57,8.41,8.42,25879797.0,222449612.0,2221551588.0,0.011649424276164952,8.564,8.642999999999999,8.721,8.072666666666667,22.5225222384546,48328256.6,7.957166666666667,8.861,True,True,9.03,217907890.74,423362326.6934999
2025-09-01,8.39,8.45,8.34,8.39,28658720.0,243742026.0,2221551588.0,0.012900317127364409,8.49,8.612,8.702,8.092166666666666,26.041666286892294,47162705.2,7.983666666666666,8.8275,True,True,9.03,240446660.8,412595925.2355
2025-09-02,8.41,8.42,8.24,8.32,27091653.0,227970022.0,2221551588.0,0.012194924100047503,8.414,8.575999999999999,8.681000000000001,8.111166666666666,25.77319550430434,45764471.85,8.009166666666667,8.791999999999998,True,True,9.03,225402552.96,399806441.0435
2025-09-03,8.31,8.34,8.14,8.16,25011856.0,208417567.0,2221551588.0,0.011258732921218123,8.36,8.516000000000002,8.65,8.127,25.252524895418745,44823535.4,8.03,8.7595,True,True,9.03,204096744.96,390769651.4765
2025-09-04,8.19,8.26,8.13,8.22,26212045.0,217838190.0,2221551588.0,0.011798981010203756,8.302000000000001,8.466,8.6235,8.144333333333332,28.846153457840217,44094073.9,8.052333333333333,8.741999999999999,True,True,9.03,215463009.9,383692244.15900004
2025-09-05,8.23,8.28,8.16,8.28,23960176.0,199782382.0,2221551588.0,0.01078533405635233,8.274000000000001,8.419,8.589,8.162833333333333,30.18867884656457,39836658.9,8.072666666666667,8.721,True,True,9.03,198390257.27999997,344676605.537
2025-09-08,8.25,8.34,8.24,8.33,22023923.0,185314120.0,2221551588.0,0.009913757177175216,8.262,8.376000000000001,8.553999999999998,8.1825,33.94495369245013,36531419.25,8.092166666666666,8.702,True,True,9.03,183459278.59,314059454.1925
2025-09-09,8.33,8.34,8.27,8.29,19670874.0,165536226.0,2221551588.0,0.008854565478584781,8.256,8.334999999999999,8.526,8.201,27.619047250793614,34754013.95,8.111166666666666,8.681000000000001,True,True,8.85,163071545.45999998,297778632.8155
2025-09-10,8.29,8.32,8.24,8.28,14807780.0,124144980.0,2221551588.0,0.006665512554372427,8.280000000000001,8.319999999999999,8.500499999999999,8.22,28.431372158785024,33018712.0,8.127,8.65,True,True,8.79,122608418.39999999,282147730.28499997
2025-09-11,8.26,8.36,8.22,8.36,24202177.0,203340008.0,2221551588.0,0.010894267380839234,8.307999999999998,8.305,8.486,8.241999999999999,31.77570051882259,31617550.1,8.144333333333332,8.6235,True,True,8.76,202330199.72,269676748.2835
2025-09-12,8.36,8.44,8.31,8.39,24859848.0,210970863.0,2221551588.0,0.011190308671778636,8.329999999999998,8.302,8.4725,8.264999999999999,33.02752251157317,30845640.05,8.162833333333333,8.589,True,True,8.76,208574124.72000003,262656399.3025
2025-09-15,8.36,8.44,8.33,8.36,18130595.0,153781787.0,2221551588.0,0.008161230690268355,8.335999999999999,8.299,8.4555,8.287,33.96226370238523,29680248.0,8.1825,8.553999999999998,True,True,8.76,151571774.2,252209268.35250002
2025-09-16,8.37,8.39,8.3,8.36,13186360.0,111354357.0,2221551588.0,0.005935653293503441,8.35,8.302999999999999,8.439499999999999,8.307833333333333,45.569619445601674,28774340.7,8.201,8.526,True,True,8.76,110237969.6,244135011.22849998
2025-09-17,8.36,8.38,8.29,8.36,17525464.0,148139861.0,2221551588.0,0.007888839536595088,8.366,8.322999999999999,8.4195,8.327666666666666,39.436618940686394,27581389.5,8.22,8.500499999999999,True,True,8.76,146512879.04,233334249.43649998
2025-09-18,8.37,8.41,8.18,8.22,29663701.0,249690417.0,2221551588.0,0.013352695098431358,8.338,8.322999999999999,8.394499999999999,8.344833333333334,36.84210458448762,26800608.05,8.241999999999999,8.486,True,True,8.76,243835622.22000003,225784242.66750002
2025-09-19,8.2,8.42,8.2,8.4,32581902.0,275784834.0,2221551588.0,0.01466628196977076,8.34,8.334999999999999,8.376999999999999,8.364666666666666,50.5494497717667,26760424.7,8.264999999999999,8.4725,True,True,8.76,273687976.8,224862455.07
2025-09-22,8.39,8.39,8.19,8.24,25187520.0,210440871.0,2221551588.0,0.011337805584193348,8.316,8.325999999999999,8.350999999999999,8.382,45.99999935600001,25710457.6,8.287,8.4555,False,True,8.76,207545164.8,215009867.754
2025-09-23,8.22,8.23,8.07,8.2,23025036.0,189840518.0,2221551588.0,0.010364394022795927,8.283999999999999,8.317,8.326,8.398833333333332,52.272726441115665,25405678.9,8.307833333333333,8.439499999999999,True,False,8.7,188805295.2,211782667.164
2025-09-24,8.17,8.24,8.15,8.22,15538053.0,128954392.0,2221551588.0,0.006994234607888836,8.256,8.311,8.3155,8.415166666666668,49.99999916666668,23777177.1,8.327666666666666,8.4195,True,True,8.51,127722795.66000001,197891247.4335
2025-09-25,8.21,8.21,8.1,8.1,16589643.0,136795266.0,2221551588.0,0.00746759296052863,8.232,8.285,8.295,8.429666666666668,39.999999377777876,22690356.15,8.344833333333334,8.394499999999999,True,True,8.51,134376108.29999998,188302313.46750003
2025-09-26,8.09,8.17,8.08,8.1,12646100.0,104079812.0,2221551588.0,0.005692462902193923,8.172,8.256,8.279,8.444333333333333,36.47058763460214,22028671.3,8.364666666666666,8.376999999999999,True,True,8.42,102433410.0,182528589.4305
2025-09-29,8.09,8.18,8.03,8.16,18736105.0,153991846.0,2221551588.0,0.00843379244542666,8.156,8.236,8.2675,8.459333333333333,42.528734947813554,21532540.55,8.382,8.350999999999999,True,True,8.4,152886616.8,178150587.23049998
2025-09-30,8.17,8.21,8.15,8.17,12704654.0,105278796.0,2221551588.0,0.005718820156428436,8.15,8.217,8.26,8.474333333333332,43.67816021667335,20813190.6,8.398833333333332,8.326,True,True,8.4,103797023.17999999,172070310.7415
2025-10-09,8.18,8.38,8.17,8.37,26766270.0,226020024.0,2221551588.0,0.012048457548580681,8.180000000000001,8.218,8.2705,8.491833333333334,50.50504979083767,20900911.3,8.415166666666668,8.3155,True,True,8.4,224033679.89999998,173067157.48849997
2025-10-10,8.36,8.53,8.3,8.48,34060325.0,292190358.0,2221551588.0,0.01533177315529438,8.256,8.244,8.2835,8.510166666666667,54.20560676740325,21293325.3,8.429666666666668,8.295,False,True,8.4,288831556.0,176735584.7935
2025-10-13,8.3,8.44,8.28,8.4,27078920.0,229625596.0,2221551588.0,0.012189192520340428,8.315999999999999,8.244,8.2895,8.527,51.7857136383929,21449262.5,8.444333333333333,8.279,False,False,8.48,227462928.0,178189218.32950002
2025-10-14,8.41,8.56,8.39,8.44,30501053.0,261580474.0,2221551588.0,0.013729617248033045,8.372,8.264,8.295,8.543666666666667,53.44827521700357,21873119.0,8.459333333333333,8.2675,False,False,8.48,257428887.32,181887698.76599997
2025-10-15,8.47,8.5,8.43,8.5,19514123.0,167396426.0,2221551588.0,0.008784006234835183,8.437999999999999,8.294,8.3055,8.562999999999999,55.7377042784198,21865281.45,8.474333333333332,8.26,False,False,8.48,165870045.5,182027623.768
2025-10-16,8.52,8.53,8.37,8.39,15639651.0,133152252.0,2221551588.0,0.007039967509410814,8.441999999999998,8.311,8.311,8.5805,57.14285647058823,21906875.0,8.491833333333334,8.2705,False,False,8.5,131216671.89000002,182458036.4425
2025-10-17,8.4,8.42,8.24,8.25,18076199.0,152417333.0,2221551588.0,0.008136745100874965,8.396,8.325999999999999,8.305499999999999,8.596499999999999,43.47826034026466,21600576.1,8.510166666666667,8.2835,False,False,8.5,149128641.75,179797958.54399997
2025-10-20,8.25,8.29,8.19,8.24,11111113.0,92621068.0,2221551588.0,0.005001510232766199,8.364,8.34,8.298,8.6115,49.99999930000001,20913139.35,8.527,8.2895,True,False,8.5,91555571.12,173947030.86400002
2025-10-21,8.44,8.69,8.44,8.64,61199613.0,532859984.0,2221551588.0,0.02754813947629111,8.404,8.388000000000002,8.312000000000001,8.621,66.17646990700695,23066590.25,8.543666666666667,8.295,True,True,8.5,528764656.32000005,192806674.96999997
2025-10-22,8.77,8.94,8.63,8.67,89450886.0,796479893.0,2221551588.0,0.04026505010425173,8.437999999999999,8.437999999999999,8.3275,8.6175,66.42335698545472,26879816.55,8.562999999999999,8.3055,False,True,8.64,775539181.62,226071735.571
2025-10-23,8.59,8.63,8.4,8.53,49483105.0,425332938.0,2221551588.0,0.022274119253988714,8.466,8.453999999999999,8.336,8.596833333333333,65.4676252398944,28477698.6,8.5805,8.311,False,False,8.67,422090885.65,239850635.9015
2025-10-24,8.53,8.56,8.41,8.42,35773218.0,305786910.0,2221551588.0,0.01610280769226053,8.5,8.448,8.346,8.558166666666667,60.666666100444466,28783174.45,8.596499999999999,8.305499999999999,False,False,8.67,301210495.56,242719379.56849998
2025-10-27,8.45,8.49,8.41,8.46,24450017.0,209437734.0,2221551588.0,0.01100582904852174,8.544,8.454,8.349,8.529,60.13513456628929,28376580.2,8.6115,8.298,False,False,8.67,206847143.82000002,239377337.91950002
2025-10-28,8.46,8.46,8.37,8.41,20089012.0,171101370.0,2221551588.0,0.009042784380301323,8.498000000000001,8.451,8.3575,8.512,57.894736308864275,28121654.8,8.621,8.312000000000001,False,False,8.67,168948590.92000002,237447509.22550002
2025-10-29,8.38,8.42,8.33,8.41,17933541.0,152070632.0,2221551588.0,0.00807252962158086,8.446000000000002,8.442,8.367999999999999,8.495333333333333,51.51515096877873,27867080.05,8.6175,8.3275,False,False,8.67,150821079.81,235548298.45600003
2025-10-30,8.4,8.41,8.27,8.3,24822388.0,209823538.0,2221551588.0,0.011173446583046443,8.4,8.433000000000002,8.372,8.482333333333333,43.18181772382923,28331296.8,8.596833333333333,8.336,False,False,8.67,206025820.4,239463449.693
2025-10-31,8.29,8.32,8.27,8.3,16041712.0,134837845.0,2221551588.0,0.007220949577156522,8.376,8.438,8.382000000000001,8.473,45.96774141649326,28303900.25,8.558166666666667,8.346,True,False,8.67,133146209.60000001,239401954.75800005
2025-11-03,8.27,8.32,8.25,8.32,14897100.0,124935358.0,2221551588.0,0.0067057186879965446,8.348000000000003,8.446,8.393,8.464333333333334,45.081966695780736,28416450.25,8.529,8.349,True,True,8.67,123943872.0,240477477.85800004
2025-11-04,8.3,8.31,8.22,8.25,14972569.0,125308355.0,2221551588.0,0.00673968999003952,8.315999999999999,8.407,8.3975,8.455666666666666,39.83739792054995,28228273.45,8.512,8.3575,True,True,8.67,123523694.25,239009331.73050004
2025-11-05,8.22,8.28,8.19,8.26,10344574.0,86396258.0,2221551588.0,0.004656463552715841,8.286000000000001,8.366000000000001,8.402,8.447666666666667,44.24778706241676,28110269.45,8.495333333333333,8.367999999999999,True,True,8.67,85446181.24,238091789.6335
2025-11-06,8.23,8.38,8.23,8.36,20466365.0,173064754.0,2221551588.0,0.009212644491602957,8.298,8.349,8.4015,8.440666666666667,55.04587085262182,27795274.2,8.482333333333333,8.372,True,True,8.67,171098811.39999998,235445046.2085
2025-11-07,8.34,8.38,8.32,8.35,11444385.0,96843872.0,2221551588.0,0.005151527905909696,8.307999999999998,8.342,8.395,8.434,55.04587085262182,26664477.2,8.473,8.382000000000001,True,True,8.67,95560614.75,225781499.146
2025-11-10,8.37,8.39,8.33,8.38,12736608.0,107986980.0,2221551588.0,0.00573320379720122,8.32,8.334,8.394,8.424166666666668,31.944443823302507,25947361.6,8.464333333333334,8.393,True,True,8.67,106732775.04,219744991.498
2025-11-11,8.4,8.47,8.37,8.45,19206985.0,164000352.0,2221551588.0,0.008645752411849911,8.36,8.338,8.394499999999999,8.4145,35.526315135041514,25382658.2,8.455666666666666,8.3975,True,True,8.67,162299023.25,214988498.29450002
2025-11-12,8.46,8.48,8.39,8.42,14140582.0,120607000.0,2221551588.0,0.006365182819243178,8.392,8.339,8.3905,8.407333333333334,41.538460643787026,25113981.15,8.447666666666667,8.402,False,True,8.67,119063700.44,212648181.0415
2025-11-13,8.42,8.43,8.36,8.41,12690936.0,107952646.0,2221551588.0,0.0057126451929146015,8.402,8.35,8.3915,8.401,49.09090784132236,24966545.4,8.440666666666667,8.4015,False,False,8.67,106730771.76,211423886.03500003
2025-11-14,8.37,8.43,8.36,8.36,13077085.0,111297376.0,2221551588.0,0.005886464699103805,8.404,8.356,8.397,8.396166666666668,41.07142754464273,24716589.7,8.434,8.395,False,False,8.67,109324430.6,209433675.47750002
2025-11-17,8.34,8.36,8.26,8.27,15858804.0,133219041.0,2221551588.0,0.007138616130124276,8.382,8.351,8.3985,8.389666666666667,38.33333243888882,24953974.25,8.424166666666668,8.394,True,False,8.67,131152309.08,211413512.3755
2025-11-18,8.27,8.28,8.2,8.22,15222862.0,126920434.0,2221551588.0,0.006852355840948403,8.336,8.348,8.3775,8.381666666666668,35.38461462248519,22655136.7,8.4145,8.394499999999999,True,True,8.67,125131925.64000002,191231875.84149998
2025-11-19,8.21,8.24,8.15,8.15,13237150.0,109660204.0,2221551588.0,0.005958515693041831,8.282,8.337,8.3515,8.372833333333334,37.70491716742805,18844449.9,8.407333333333334,8.3905,True,True,8.67,107882772.5,157849055.3855
2025-11-20,8.18,8.21,8.14,8.19,9591188.0,79385331.0,2221551588.0,0.0043173375094272175,8.238,8.32,8.3345,8.363333333333333,41.53846064378686,16849854.05,8.401,8.3915,True,True,8.53,78551829.72,140672102.58900002
2025-11-21,8.15,8.15,7.92,7.92,22070200.0,178982021.0,2221551588.0,0.009934588113647712,8.15,8.277000000000001,8.3095,8.35,27.777777345678928,16164703.15,8.396166666666668,8.397,True,True,8.46,174795984.0,134351377.01099998
2025-11-24,7.98,8.0,7.88,7.97,12035480.0,96805588.0,2221551588.0,0.005417600952870603,8.09,8.236,8.285,8.337,34.09090854855364,15543976.3,8.389666666666667,8.3985,True,True,8.46,95922775.6,128805158.6
2025-11-25,7.97,8.03,7.95,7.99,8977331.0,72716816.0,2221551588.0,0.00404101847037549,8.044,8.190000000000001,8.264,8.324166666666667,34.83146012624667,14988392.25,8.381666666666668,8.3775,True,True,8.45,71728874.69,123944172.7885
2025-11-26,8.0,8.04,7.94,7.94,8664662.0,70098523.0,2221551588.0,0.003900274946034699,8.001999999999999,8.142,8.2405,8.3115,24.99999958333332,14524948.3,8.372833333333334,8.3515,True,True,8.45,68797416.28,119842989.61200002
2025-11-27,7.91,7.95,7.9,7.91,7317970.0,58745075.0,2221551588.0,0.003294080605433143,7.946000000000001,8.091999999999999,8.221,8.302833333333334,24.418604253650585,13649727.4,8.363333333333333,8.3345,True,True,8.45,57885142.7,112435955.727
2025-11-28,7.92,7.96,7.9,7.96,8416001.0,67591529.0,2221551588.0,0.0037883437168239192,7.954000000000001,8.052000000000001,8.203999999999999,8.293666666666667,26.136363220557712,13268441.85,8.35,8.3095,True,True,8.45,66991367.96,109128213.64500001
2025-12-01,7.94,7.98,7.93,7.96,9653404.0,77756264.0,2221551588.0,0.004345343161124017,7.952000000000001,8.020999999999999,8.186,8.286,19.75308607834168,13006257.05,8.337,8.285,True,True,8.45,76841095.84,106773074.83699998
2025-12-02,7.96,7.96,7.9,7.93,8865500.0,71078612.0,2221551588.0,0.003990679328757501,7.94,7.992,8.17,8.278333333333332,19.753086078341667,12700903.6,8.324166666666667,8.264,True,True,8.45,70303415.0,104112060.87449999
2025-12-03,7.93,7.94,7.86,7.86,11646910.0,92999901.0,2221551588.0,0.005242691667802044,7.924000000000001,7.963000000000001,8.15,8.270666666666667,18.39080430175713,12766020.4,8.3115,8.2405,True,True,8.45,91544712.60000001,104416987.4425
2025-12-04,7.86,7.89,7.81,7.88,8508045.0,67702031.0,2221551588.0,0.0038297760204882535,7.917999999999999,7.9319999999999995,8.126,8.266,21.428571071428507,12168104.4,8.302833333333334,8.221,True,True,8.45,67043394.6,99214216.60249999
2025-12-05,7.88,7.99,7.86,7.99,10942101.0,87972567.0,2221551588.0,0.0049254318734280956,7.924000000000001,7.939000000000002,8.108,8.262166666666667,33.720929683612766,12142990.2,8.293666666666667,8.203999999999999,True,True,8.45,87427386.99000001,98807555.2145
2025-12-08,8.01,8.03,7.95,7.96,7490513.0,60513137.0,2221551588.0,0.003371748394437915,7.9239999999999995,7.938,8.087,8.256833333333333,34.52380894841265,11880685.45,8.286,8.186,True,True,8.45,59624483.48,96452140.6365
2025-12-09,7.93,7.95,7.85,7.85,9448513.0,75516033.0,2221551588.0,0.004253114377823757,7.9079999999999995,7.9239999999999995,8.057,8.248833333333334,32.954544930268554,11392761.85,8.278333333333332,8.17,True,True,8.45,74170827.05,92045730.82650001
2025-12-10,7.84,7.9,7.8,7.89,10002090.0,79455917.0,2221551588.0,0.004502299228173494,7.914,7.919,8.0305,8.242166666666666,32.95454493026861,11185837.25,8.270666666666667,8.15,True,True,8.42,78916490.1,90038370.30950001
2025-12-11,7.9,7.92,7.77,7.79,9717800.0,77142715.0,2221551588.0,0.004374330108961665,7.895999999999999,7.907000000000001,7.9995,8.234,40.84506961713948,11037180.45,8.266,8.126,True,True,8.41,75701662.0,88486914.8215
2025-12-12,7.81,7.87,7.77,7.85,12039362.0,95427353.0,2221551588.0,0.005419348380218664,7.867999999999999,7.895999999999999,7.973999999999999,8.2255,41.66666585648149,10985294.3,8.262166666666667,8.108,True,True,8.36,94508991.7,87746142.87650001
2025-12-15,7.83,7.9,7.82,7.85,7216304.0,57478455.0,2221551588.0,0.003248317094673743,7.845999999999999,7.885000000000001,7.953,8.2165,39.99999919999996,10553169.3,8.256833333333333,8.087,True,True,8.27,56647986.4,84020926.74249999
2025-12-16,7.88,7.88,7.75,7.76,10803176.0,85156251.0,2221551588.0,0.004862896751241232,7.828,7.867999999999999,7.93,8.2065,37.837837121986816,10332185.0,8.248833333333334,8.057,True,True,8.22,83832645.75999999,81955962.7485
2025-12-17,7.73,7.84,7.68,7.82,11155186.0,87631128.0,2221551588.0,0.005021349069837581,7.814,7.864,7.913500000000001,8.1975,44.15584335301065,10228086.8,8.242166666666666,8.0305,True,True,8.19,87233554.52,80923501.8495
2025-12-18,7.79,7.84,7.79,7.82,7722701.0,61180959.0,2221551588.0,0.0034762645358834676,7.82,7.858,7.8950000000000005,8.1885,40.277776994598796,10134662.45,8.234,7.9995,True,True,8.19,60391521.82,80015486.4545
2025-12-19,7.82,7.95,7.8,7.92,13225597.0,105867263.0,2221551588.0,0.005953315273631179,7.8340000000000005,7.851000000000001,7.8950000000000005,8.1835,47.56097479773945,9692432.3,8.2255,7.973999999999999,True,True,7.99,104746728.24,76513023.6665
2025-12-22,7.94,7.98,7.91,7.92,10313425.0,82847748.0,2221551588.0,0.00464244227129782,7.848000000000001,7.8469999999999995,7.8925,8.175500000000001,49.367087732735165,9606329.55,8.2165,7.953,False,True,7.99,81682326.0,75801001.1865
2025-12-23,7.93,7.94,7.89,7.91,8050359.0,64536456.0,2221551588.0,0.0036237551463963575,7.878,7.853,7.8885000000000005,8.17,53.42465650966412,9559980.95,8.2065,7.93,False,False,7.99,63678339.69,75398474.4365
2025-12-24,7.91,7.99,7.88,7.98,11183883.0,90169366.0,2221551588.0,0.005034266618165069,7.909999999999999,7.862,7.8905,8.166333333333334,56.41025539776468,9685942.0,8.1975,7.913500000000001,False,False,7.99,89247386.34,76420972.9395
2025-12-25,7.98,8.04,7.95,8.03,11017984.0,89197631.0,2221551588.0,0.004959589531710663,7.952,7.886,7.8965000000000005,8.163166666666667,52.77777675154317,9870942.7,8.1885,7.8950000000000005,False,False,7.99,88474411.52,77950436.3805
2025-12-26,8.04,8.11,8.02,8.05,13352850.0,109092392.0,2221551588.0,0.006010596410241904,7.978,7.906000000000001,7.901000000000001,8.162333333333333,56.338027058123465,10117785.15,8.1835,7.8950000000000005,False,False,8.03,107490442.50000001,79975390.1075
2025-12-29,8.05,8.16,8.03,8.12,17027106.0,140262762.0,2221551588.0,0.007664510737438702,8.017999999999999,7.933,7.909000000000001,8.162666666666667,70.14925226553804,10486470.25,8.175500000000001,7.8925,False,False,8.05,138260100.72,83046340.3515
2025-12-30,8.08,8.19,8.07,8.15,14416483.0,118916550.0,2221551588.0,0.006489375748856119,8.065999999999999,7.9719999999999995,7.919999999999999,8.1625,69.69696821854923,10764019.4,8.17,7.8885000000000005,False,False,8.12,117494336.45,85405886.424
2025-12-31,8.15,8.16,8.08,8.08,8715047.0,71544531.0,2221551588.0,0.003922955040556096,8.086,7.997999999999999,7.931,8.161,73.01587139329811,10617426.25,8.166333333333334,7.8905,False,False,8.15,70417579.76,84349529.78199999
2026-01-05,8.07,8.11,8.02,8.09,14276722.0,116499008.0,2221551588.0,0.006426464313103316,8.098,8.025,7.9415000000000004,8.156333333333333,70.68965346611184,10905860.1,8.163166666666667,7.8965000000000005,False,False,8.15,115498680.98,86772294.101
2026-01-06,8.09,8.17,8.09,8.17,13286902.0,109725448.0,2221551588.0,0.005980910851573706,8.122,8.05,7.9505,8.151166666666667,74.24242266758499,11023100.15,8.162333333333333,7.901000000000001,False,False,8.15,108553989.34,87828624.2185
2026-01-07,8.17,8.28,8.15,8.22,17407564.0,145048359.0,2221551588.0,0.007835768520537278,8.142,8.08,7.963499999999999,8.148166666666667,87.0967722268471,11518952.7,8.162666666666667,7.909000000000001,False,False,8.17,143090176.08,92001908.8485
2026-01-08,8.21,8.3,8.17,8.28,17958376.0,150612878.0,2221551588.0,0.008083708745277177,8.168000000000001,8.117,7.984999999999999,8.1455,87.09677222684705,11944445.85,8.1625,7.919999999999999,False,False,8.22,148695353.28,95728135.16
2026-01-09,8.28,8.32,8.23,8.3,16884454.0,141717753.0,2221551588.0,0.007600297958959664,8.212,8.149,8.005500000000001,8.142166666666666,87.49999808593753,12288564.05,8.161,7.931,False,False,8.28,140140968.20000002,98789359.065
2026-01-12,8.28,8.35,8.21,8.34,23232534.0,195020410.0,2221551588.0,0.010457796310242604,8.262,8.18,8.033,8.141333333333332,86.20689447086805,12964300.75,8.156333333333333,7.9415000000000004,False,False,8.3,193759333.56,104692242.643
2026-01-13,8.33,8.33,8.21,8.23,15464845.0,129294266.0,2221551588.0,0.006961281062990107,8.274000000000001,8.198,8.052,8.141,72.46376664566276,13135574.9,8.151166666666667,7.9505,False,False,8.34,127275674.35000001,106330576.7755
2026-01-14,8.24,8.33,8.15,8.19,20500886.0,171592510.0,2221551588.0,0.009228183631088382,8.268,8.205,8.068999999999999,8.140166666666666,69.44444309413576,13799804.0,8.148166666666667,7.963499999999999,False,False,8.34,167902256.34,111893290.27250001
2026-01-15,8.2,8.21,8.15,8.18,10842446.0,89777675.0,2221551588.0,0.004880573585851836,8.248000000000001,8.208,8.09,8.1325,65.15151376951329,13801767.5,8.1455,7.984999999999999,False,False,8.34,88691208.28,112136218.3985
2026-01-16,8.18,8.43,8.18,8.3,28300361.0,238519214.0,2221551588.0,0.0127390068962918,8.248,8.23,8.114,8.126333333333333,68.4931493713643,14659026.25,8.142166666666666,8.005500000000001,False,False,8.34,234892996.3,119519190.4875
2026-01-19,8.28,8.3,8.21,8.27,13888524.0,116297553.0,2221551588.0,0.006251722478568884,8.234,8.248000000000001,8.1365,8.122,64.86486363769166,14967317.4,8.141333333333332,8.033,False,False,8.34,114858093.47999999,122242519.07050002
2026-01-20,8.27,8.43,8.27,8.41,26520445.0,225014448.0,2221551588.0,0.011937802904624694,8.27,8.272,8.161,8.121833333333333,67.90123339429964,15632059.8,8.141,8.052,False,False,8.34,223036942.45000002,128157029.78099999
2026-01-21,8.4,8.47,8.35,8.46,24174347.0,206232332.0,2221551588.0,0.010881740100288861,8.324,8.296000000000001,8.187999999999999,8.121833333333333,68.67469763681228,16325105.9,8.140166666666666,8.068999999999999,False,False,8.41,204514975.62000003,134298662.262
2026-01-22,8.45,8.46,8.39,8.41,14371263.0,122520235.0,2221551588.0,0.006469020605971181,8.370000000000001,8.309000000000001,8.213,8.121833333333333,70.37036915409229,16641151.1,8.1325,8.09,False,False,8.46,120862321.83,137157861.36900002
2026-01-23,8.42,8.46,8.38,8.44,15728580.0,134206026.0,2221551588.0,0.007079997639919762,8.398,8.323,8.236,8.122333333333334,71.08433615038459,16868385.95,8.126333333333333,8.114,False,False,8.46,132749215.19999999,139332952.812
2026-01-26,8.44,8.49,8.36,8.47,27673347.0,236441081.0,2221551588.0,0.012456765419934962,8.437999999999999,8.336,8.258,8.125166666666667,69.23076798816564,17701154.1,8.122,8.1365,False,False,8.46,234393249.09,146628894.69050002
2026-01-27,8.45,8.46,8.23,8.29,19940115.0,167764144.0,2221551588.0,0.008975760503473845,8.414,8.342,8.27,8.125,53.846153017751384,18030517.35,8.121833333333333,8.161,False,False,8.47,165303553.35,149519550.233
2026-01-28,8.29,8.55,8.27,8.46,28631267.0,244646720.0,2221551588.0,0.012887959548027385,8.414,8.369,8.286999999999999,8.127333333333333,58.823528604382936,18610725.4,8.121833333333333,8.187999999999999,False,False,8.47,242220518.82000002,154717571.138
2026-01-29,8.42,8.48,8.3,8.35,21573162.0,182648061.0,2221551588.0,0.00971085349380597,8.402,8.386000000000001,8.297,8.129,52.25225159321479,18968559.35,8.121833333333333,8.213,False,False,8.47,180135902.7,157849649.4505
2026-01-30,8.31,8.37,8.15,8.25,18088409.0,151326262.0,2221551588.0,0.008142241259535405,8.364,8.381,8.3055,8.128833333333334,46.15384560157794,19437227.45,8.122333333333334,8.236,False,False,8.47,149229374.25,161790239.175
2026-02-02,8.24,8.27,8.0,8.02,21178500.0,174184326.0,2221551588.0,0.009533201981173169,8.274000000000001,8.356,8.302,8.123166666666666,41.860464661979485,19782316.35,8.125166666666667,8.258,True,False,8.47,169851570.0,164507883.626
2026-02-03,8.09,8.13,8.03,8.12,12546624.0,102775710.0,2221551588.0,0.005647685188933817,8.24,8.327,8.2995,8.119333333333334,47.40740691577504,19745302.45,8.125,8.27,True,True,8.47,101878586.88,164174113.50300002
2026-02-04,8.13,8.28,8.09,8.27,16789458.0,139726526.0,2221551588.0,0.007557536854282584,8.202,8.308,8.302000000000001,8.1175,53.02013373001214,19714397.15,8.127333333333333,8.286999999999999,True,True,8.47,138848817.66,163962045.582
2026-02-05,8.23,8.28,8.12,8.18,13440500.0,111419844.0,2221551588.0,0.006050050817005831,8.168,8.285,8.297,8.113,45.89041051885906,19488503.35,8.129,8.297,True,True,8.47,109943290.0,162024442.418
2026-02-06,8.15,8.23,8.11,8.11,11893712.0,98297085.0,2221551588.0,0.005353786094478037,8.139999999999999,8.251999999999999,8.2875,8.107833333333334,44.6666662497778,19238966.25,8.128833333333334,8.3055,True,True,8.47,96458004.32,159840294.224
2026-02-09,8.15,8.2,8.12,8.15,10179426.0,84128897.0,2221551588.0,0.004582124518280599,8.166,8.22,8.278,8.1035,40.714285307142916,18586310.85,8.123166666666666,8.302,True,True,8.47,82962321.9,154300443.64099997
2026-02-10,8.15,8.16,8.09,8.12,8683403.0,71361270.0,2221551588.0,0.003908710941895084,8.166,8.203,8.272499999999999,8.099499999999999,37.681159038017235,18247238.75,8.119333333333334,8.2995,True,True,8.47,70509232.36,151462121.5415
2026-02-11,8.1,8.18,8.1,8.17,8626421.0,71309030.0,2221551588.0,0.0038830613012080096,8.146,8.174,8.2715,8.097833333333334,41.304347407057385,17653515.5,8.1175,8.302000000000001,True,True,8.47,70477859.57,146590901.703
2026-02-12,8.15,8.18,8.12,8.12,8402404.0,69326516.0,2221551588.0,0.0037822232197472607,8.134,8.151,8.2685,8.096166666666667,38.57142818571435,17531513.4,8.113,8.297,True,True,8.47,68227520.47999999,145567717.31300002
2026-02-13,8.14,8.14,7.98,7.99,14151677.0,115298714.0,2221551588.0,0.0063701770764370835,8.11,8.124999999999998,8.252999999999998,8.0935,33.999999682666726,16824079.2,8.107833333333334,8.2875,True,True,8.47,113071899.23,139476662.4595
2026-02-24,8.05,8.25,8.03,8.21,18540040.0,153934437.0,2221551588.0,0.008345536561089302,8.122,8.144,8.25,8.093833333333333,47.40259697166478,17056655.0,8.1035,8.278,True,True,8.47,152213728.4,141344444.2055
2026-02-25,8.21,8.41,8.2,8.32,22178237.0,187418266.0,2221551588.0,0.00998321943987195,8.162,8.164,8.2455,8.1005,45.27026984203798,16839544.6,8.099499999999999,8.272499999999999,True,True,8.47,184522931.84,139418743.675
2026-02-26,8.31,8.36,8.28,8.34,12308001.0,103797160.0,2221551588.0,0.005540272423329383,8.196,8.171,8.2395,8.106666666666667,49.64028726981007,16246227.3,8.097833333333334,8.2715,False,True,8.47,102648728.34,134325431.31100002
2026-02-27,8.34,8.39,8.3,8.37,11457858.0,96916916.0,2221551588.0,0.0051575925861416455,8.245999999999999,8.190000000000001,8.2375,8.113000000000001,54.54545396694211,16100557.05,8.096166666666667,8.2685,False,False,8.47,95902271.46,133077428.79249999
2026-03-02,8.25,8.43,8.23,8.38,23476299.0,198922745.0,2221551588.0,0.010567523674359076,8.324,8.217,8.2345,8.120333333333333,66.36363551900828,16487943.0,8.0935,8.252999999999998,False,False,8.47,196731385.62,136276537.3135
2026-03-03,8.39,8.45,8.26,8.29,24263400.0,204950353.0,2221551588.0,0.010921826047642517,8.34,8.231,8.2255,8.126666666666667,57.79816439525289,16317445.65,8.093833333333333,8.25,False,False,8.47,201143585.99999997,134614054.15899998
2026-03-04,8.28,8.34,8.17,8.17,18604434.0,155747500.0,2221551588.0,0.008374522608655262,8.309999999999999,8.236,8.2195,8.130166666666666,45.28301826984696,16250661.6,8.1005,8.2455,False,False,8.46,151998225.78,133948787.78050001
2026-03-05,8.24,8.33,8.19,8.22,14084425.0,117878652.0,2221551588.0,0.006339904540627755,8.286,8.241,8.2075,8.134500000000001,51.96078360053829,15523319.5,8.106666666666667,8.2395,True,False,8.46,115773973.50000001,127626460.51449999
2026-03-06,8.22,8.46,8.18,8.44,22709415.0,193039679.0,2221551588.0,0.010222321697442392,8.3,8.273,8.212,8.143,64.10256333552485,15580132.15,8.113000000000001,8.2375,False,True,8.38,191667462.6,128203038.5095
2026-03-09,8.41,8.44,8.31,8.38,18246700.0,154788927.0,2221551588.0,0.00821349371248542,8.3,8.312000000000001,8.2185,8.151666666666667,59.66386484429067,15588046.7,8.120333333333333,8.2345,False,False,8.44,152907346.0,128386937.097
2026-03-10,8.41,8.51,8.35,8.46,19448160.0,166328386.0,2221551588.0,0.00875431392412932,8.334,8.337,8.2405,8.161333333333333,63.7096767000521,15501529.7,8.126666666666667,8.2255,False,False,8.44,164531433.60000002,128120930.277
2026-03-11,8.46,8.66,8.36,8.62,38391022.0,332940774.0,2221551588.0,0.017281175106341938,8.424,8.367,8.2655,8.171833333333334,66.66666597530865,16793749.6,8.130166666666666,8.2195,False,False,8.46,330930609.64,139573531.415
2026-03-12,8.63,8.64,8.53,8.6,26280800.0,228649432.0,2221551588.0,0.011829930100187257,8.5,8.393,8.282,8.182500000000001,68.18181745867776,17268316.7,8.134500000000001,8.2075,False,False,8.62,226014880.0,143931834.532
2026-03-13,8.57,8.77,8.56,8.61,29993717.0,263751579.0,2221551588.0,0.013501247129265405,8.534,8.416999999999998,8.3035,8.195166666666667,75.83333244861115,18095977.55,8.143,8.212,False,False,8.62,258245903.36999997,151346965.2005
2026-03-16,8.62,8.67,8.36,8.4,32348200.0,277769921.0,2221551588.0,0.014561084322656747,8.538,8.419,8.318,8.203666666666667,57.98319259515572,19118701.95,8.151666666666667,8.2185,False,False,8.62,271724880.0,160110308.9845
2026-03-17,8.43,8.5,8.3,8.33,19497572.0,165907914.0,2221551588.0,0.008776556036474089,8.512,8.423,8.327,8.212666666666667,50.434781994706995,19584609.25,8.161333333333333,8.2405,False,False,8.62,162414774.76,164082931.6275
2026-03-18,8.34,8.36,8.13,8.18,27073799.0,225147629.0,2221551588.0,0.012186887374681123,8.424000000000001,8.424000000000001,8.330000000000002,8.218166666666667,43.74999952148437,20504129.05,8.171833333333334,8.2655,False,False,8.62,221463675.82,171630653.8005
2026-03-19,8.15,8.18,7.98,8.0,21903001.0,178796099.0,2221551588.0,0.009859325850595553,8.303999999999998,8.402000000000001,8.3215,8.220666666666666,37.06293670008314,21167958.05,8.182500000000001,8.282,True,False,8.62,175224008.0,176867961.222
2026-03-20,8.0,8.06,7.87,7.87,21132747.0,169735343.0,2221551588.0,0.009512606915883152,8.156,8.344999999999999,8.309,8.2225,33.54838679375645,21804475.2,8.195166666666667,8.3035,True,True,8.62,166314718.89000002,181772321.14249998
2026-03-23,7.78,7.78,7.32,7.37,36760628.0,280470805.0,2221551588.0,0.016547276326405076,7.95,8.244,8.278,8.215,26.530612055393547,22934922.75,8.203666666666667,8.318,True,True,8.62,270925828.36,189665017.599
2026-03-24,7.53,7.58,7.4,7.57,19416086.0,147509073.0,2221551588.0,0.008739876267055203,7.798,8.155,8.246,8.210833333333333,35.29411740484427,22978725.05,8.212666666666667,8.327,True,True,8.62,146979771.02,189403319.73
2026-03-25,7.59,7.84,7.56,7.77,17870637.0,139804275.0,2221551588.0,0.008044214276423095,7.715999999999999,8.07,8.2185,8.208333333333334,39.72602714330389,22763345.05,8.218166666666667,8.330000000000002,True,True,8.62,138854849.48999998,187119915.6125
2026-03-26,7.78,7.83,7.64,7.69,13594609.0,106346511.0,2221551588.0,0.006119420801854456,7.654000000000001,7.978999999999999,8.186,8.2045,31.70731685663293,22827675.45,8.220666666666666,8.3215,True,True,8.62,104542543.21000001,187214606.356
2026-03-27,7.64,7.7,7.6,7.66,11769759.0,91273319.0,2221551588.0,0.005297990406153918,7.612,7.884,8.1505,8.200333333333335,32.178217598764775,22843270.5,8.2225,8.309,True,True,8.62,90156353.94,186927310.48
2026-03-30,7.55,8.43,7.51,8.23,67234581.0,557738712.0,2221551588.0,0.030264694893054177,7.784000000000001,7.867,8.143,8.2045,45.41832643989777,25031184.6,8.215,8.278,True,True,8.62,553340601.63,204757771.2805
2026-03-31,8.25,9.05,8.22,9.05,148953705.0,1327340774.0,2221551588.0,0.0670494017805361,8.080000000000002,7.939,8.181,8.221499999999999,56.78233413408436,31265699.85,8.210833333333333,8.246,False,True,8.62,1348031030.25,262102143.49300003
2026-04-01,9.47,9.48,8.43,8.47,174432371.0,1560478989.0,2221551588.0,0.07851826261529066,8.22,7.967999999999999,8.196,8.2285,48.257372473028646,39057096.7,8.208333333333334,8.2185,False,False,9.05,1477442182.3700001,328374341.32250005
2026-04-02,8.3,8.71,8.23,8.55,101131999.0,864296688.0,2221551588.0,0.045523137768340674,8.392,8.023,8.2125,8.235666666666667,49.21052613448756,43409475.4,8.2045,8.186,False,False,9.05,864678591.45,365819572.22
2026-04-03,8.55,8.55,7.9,7.9,76919134.0,632377858.0,2221551588.0,0.034624059335596216,8.440000000000001,8.026,8.185500000000001,8.2315,44.10377343927999,46119961.35,8.200333333333335,8.1505,False,False,9.05,607661158.6,386619257.02000004
2026-04-07,7.88,7.98,7.7,7.95,44879726.0,357595580.0,2221551588.0,0.02020197336061142,8.384,8.084,8.164,8.229333333333333,45.49763018081355,47451612.65,8.2045,8.143,True,False,9.05,356793821.7,396813580.805
2026-04-08,8.07,8.21,8.01,8.21,51670563.0,425676290.0,2221551588.0,0.023258772507964823,8.216000000000001,8.148,8.1515,8.231333333333334,50.34642016054277,49062732.8,8.221499999999999,8.181,True,True,9.05,424215322.23,409797775.23649997
2026-04-09,8.13,8.14,7.92,7.93,39526676.0,320015211.0,2221551588.0,0.01779237367860755,8.108,8.164,8.117,8.227333333333332,49.20993212439299,49119515.5,8.2285,8.196,False,True,9.05,313446540.68,408923571.7885
2026-04-10,7.97,8.05,7.93,7.93,27347528.0,221220227.0,2221551588.0,0.01231010260923997,7.984,8.187999999999999,8.0835,8.2225,50.69767425354245,49172851.9,8.235666666666667,8.2125,True,False,9.05,216865897.04,408466122.6405
2026-04-13,7.83,7.92,7.81,7.86,22258958.0,177230403.0,2221551588.0,0.01001955485536985,7.975999999999999,8.208000000000002,8.046,8.2155,56.33074915022468,48786113.95,8.2315,8.185500000000001,True,True,9.05,174955409.88,404301597.966
2026-04-14,7.94,7.98,7.87,7.95,22042982.0,176903297.0,2221551588.0,0.00992233631623413,7.976000000000001,8.18,8.0235,8.209666666666667,55.05319128437641,48270853.05,8.229333333333333,8.164,True,True,9.05,175241706.9,399477439.311
2026-04-15,7.95,7.98,7.84,7.86,23680278.0,189563000.0,2221551588.0,0.01065934193376922,7.906000000000001,8.061,8.0,8.201666666666666,51.23287651581912,48479988.35,8.231333333333334,8.1515,True,True,9.05,186126985.08,400663049.827
2026-04-16,7.87,7.89,7.81,7.85,23417279.0,186041585.0,2221551588.0,0.010540956656821062,7.890000000000001,7.9990000000000006,7.983499999999999,8.195333333333334,52.23463666723884,48297162.35,8.227333333333332,8.117,True,True,9.05,183825640.15,398781148.04350007
2026-04-17,7.83,7.85,7.76,7.78,23494161.0,185548743.0,2221551588.0,0.01057556400081221,7.859999999999999,7.922,7.972499999999999,8.1885,51.65745836375569,48376720.35,8.2225,8.0835,True,True,9.05,182784572.58,399159176.27250004
2026-04-20,7.79,7.84,7.75,7.82,14221412.0,112452086.0,2221551588.0,0.006401567299548121,7.852000000000001,7.914,7.970000000000001,8.1825,43.36569559640138,48031153.6,8.2155,8.046,True,True,9.05,111211441.84,396404012.42
2026-04-21,7.81,7.86,7.77,7.84,15747951.0,124671656.0,2221551588.0,0.007088717221362136,7.83,7.9030000000000005,7.9935,8.174833333333334,23.580785882038867,46980519.75,8.209666666666667,8.0235,True,True,9.05,123463935.84,389030917.794
2026-04-22,7.84,7.84,7.78,7.83,13067545.0,103306280.0,2221551588.0,0.005882170403147982,7.824,7.864999999999999,8.006499999999999,8.1675,31.395348581665758,46663092.7,8.201666666666666,8.0,True,True,9.05,102318877.35,386797873.1105
2026-04-23,7.8,7.85,7.72,7.77,17063072.0,134278577.0,2221551588.0,0.007680700323219323,7.808,7.848999999999999,8.006499999999999,8.156833333333333,27.058823306574382,46622714.45,8.195333333333334,7.983499999999999,True,True,9.05,132580069.44,386484134.10800004
2026-04-24,7.77,7.77,7.65,7.68,15904805.0,123897680.0,2221551588.0,0.00715932282910371,7.787999999999999,7.824000000000001,8.006,8.143833333333333,40.35087669744535,46738224.25,8.1885,7.972499999999999,True,True,9.05,122148902.39999999,387364452.0675
2026-04-27,7.68,7.74,7.64,7.65,11393405.0,88563169.0,2221551588.0,0.0051285799805608654,7.754,7.803,8.005500000000001,8.131166666666667,36.60714239955358,46719406.55,8.1825,7.970000000000001,True,True,9.05,87159548.25,387214611.783
2026-04-28,7.65,7.68,7.59,7.63,11810960.0,91242234.0,2221551588.0,0.0053165364530801075,7.712000000000001,7.771000000000001,7.975499999999999,8.117666666666667,17.045454274276807,43948225.5,8.174833333333334,7.9935,True,True,9.05,90117624.8,364053462.94150007
2026-04-29,7.63,7.71,7.61,7.69,12657600.0,98502675.0,2221551588.0,0.005697639464404821,7.684,7.7540000000000004,7.907500000000001,8.104666666666667,31.81818114325074,37133420.25,8.1675,8.006499999999999,True,True,9.05,97336944.0,301518758.629
2026-04-30,7.72,7.77,7.67,7.69,16530902.0,129205385.0,2221551588.0,0.00744115153089121,7.667999999999999,7.7379999999999995,7.8685,8.094666666666667,31.81818114325074,29238346.8,8.156833333333333,8.006499999999999,True,True,8.55,127122636.38000001,234002781.32950002
2026-05-06,7.71,7.77,7.71,7.74,15571699.0,122094272.0,2221551588.0,0.007009379878510388,7.68,7.734,7.828,8.082666666666666,40.62499911132813,24960331.8,8.143833333333333,8.006,True,True,8.55,120524950.26,196795099.27
2026-05-07,7.73,7.89,7.73,7.86,21169355.0,167923658.0,2221551588.0,0.009529085488875894,7.7219999999999995,7.738000000000001,7.8260000000000005,8.074499999999999,43.2835811851192,22172842.85,8.131166666666667,8.005500000000001,True,True,8.21,166391130.3,174731597.85500002
2026-05-08,7.86,7.89,7.82,7.87,14428519.0,114655412.0,2221551588.0,0.006494793583879628,7.7700000000000005,7.741,7.822,8.068166666666666,50.84745642056882,20650282.5,8.117666666666667,7.975499999999999,False,True,8.21,113552444.53,162569528.9965
2026-05-11,7.89,7.9,7.83,7.88,16066635.0,128072498.0,2221551588.0,0.007232168312807148,7.808,7.746,7.8055,8.065833333333334,52.54237163458782,18870086.1,8.104666666666667,7.907500000000001,False,False,8.21,126605083.8,147689017.075
2026-05-12,7.88,7.89,7.73,7.77,20061090.0,158796668.0,2221551588.0,0.009030215687253264,7.824,7.746,7.797499999999999,8.06,49.20634811287475,17896806.8,8.094666666666667,7.8685,False,False,7.95,155874669.29999998,139810423.50599998
2026-05-13,7.74,7.86,7.73,7.85,13127913.0,104072931.0,2221551588.0,0.005909344203804283,7.846000000000001,7.763,7.793499999999999,8.053,52.238804878592084,17185826.05,8.082666666666666,7.828,True,False,7.95,103054117.05,134119834.5065
2026-05-14,7.85,7.86,7.67,7.67,17193114.0,134745899.0,2221551588.0,0.007739236888700151,7.808,7.764999999999999,7.784000000000001,8.044500000000001,39.75903547394399,16932533.85,8.074499999999999,7.8260000000000005,False,True,7.95,131871184.38,131965623.2315
2026-05-15,7.67,7.72,7.5,7.53,18025331.0,138724589.0,2221551588.0,0.00811384759074071,7.74,7.755,7.763000000000001,8.034833333333333,34.37499949869793,16731651.3,8.068166666666666,7.822,True,False,7.95,135730742.43,129990075.00799999
2026-05-18,7.52,7.57,7.47,7.51,11671491.0,88931812.0,2221551588.0,0.005253756456993877,7.6659999999999995,7.737,7.7455,8.024166666666668,35.86956467155012,16131211.95,8.065833333333334,7.8055,True,True,7.88,87652897.41,125066370.62449999
2026-05-19,7.51,7.58,7.5,7.57,8709188.0,66529879.0,2221551588.0,0.003920317694643605,7.626,7.725,7.7315,8.015,43.82022402979427,15395807.4,8.06,7.797499999999999,True,True,7.88,65928553.160000004,119171516.275
2026-05-20,7.54,7.55,7.39,7.48,14088200.0,106295037.0,2221551588.0,0.006341603803440463,7.552,7.699,7.716500000000001,8.003499999999999,41.052630973961236,14925509.35,8.053,7.793499999999999,True,True,7.88,105379736.0,115301274.44600001
2026-05-21,7.49,7.58,7.4,7.41,13106586.0,99818778.0,2221551588.0,0.005899744156650212,7.5,7.653999999999999,7.696000000000001,7.991666666666666,38.99999945400003,14869768.05,8.044500000000001,7.784000000000001,True,True,7.88,97119802.26,114596692.46699998
2026-05-22,7.4,7.46,7.37,7.38,12422598.0,93097570.0,2221551588.0,0.005591856640693054,7.470000000000001,7.605000000000001,7.673,7.9815,34.02061806568179,14703500.4,8.034833333333333,7.763000000000001,True,True,7.88,91678773.24,113007434.33700001
2026-05-25,7.4,7.45,7.37,7.43,11200023.0,84089249.0,2221551588.0,0.005041531810694103,7.453999999999999,7.56,7.6530000000000005,7.968500000000001,37.25490144944251,14610124.3,8.024166666666668,7.7455,True,True,7.88,83216170.89,112052299.01400001
2026-05-26,7.45,7.54,7.4,7.53,13816480.0,104769139.0,2221551588.0,0.006219292891793067,7.446,7.536,7.641000000000001,7.955333333333333,40.186915362040374,14447794.7,8.015,7.7315,True,True,7.88,104038094.4,110625200.26200001
2026-05-27,7.48,7.52,7.34,7.37,14113700.0,105807897.0,2221551588.0,0.0063530822674733225,7.4239999999999995,7.488000000000001,7.625500000000001,7.939166666666666,27.92792757568381,14358239.45,8.003499999999999,7.716500000000001,True,True,7.88,104017969.0,109718653.59200001
2026-05-28,7.36,7.4,7.21,7.28,13915720.0,102993598.0,2221551588.0,0.00626396437299389,7.398000000000001,7.449000000000001,7.607000000000001,7.921,25.210083737024263,14484355.2,7.991666666666666,7.696000000000001,True,True,7.88,101306441.60000001,110425998.2595
2026-05-29,7.28,7.41,7.26,7.35,12418271.0,92483148.0,2221551588.0,0.005589908902894223,7.392,7.431,7.593000000000001,7.903833333333333,28.799999677440013,14514720.75,7.9815,7.673,True,True,7.88,91274291.85,110483831.61200002
2026-06-01,7.31,7.44,7.27,7.43,12615654.0,94176778.0,2221551588.0,0.0056787580662745335,7.392,7.422999999999999,7.58,7.8895,36.06557335662459,14512623.45,7.968500000000001,7.6530000000000005,True,True,7.88,93734309.22,110303699.873
2026-06-02,7.4,7.42,7.31,7.33,9756905.0,72687749.0,2221551588.0,0.0043919326711579386,7.351999999999999,7.399000000000001,7.562,7.875500000000001,29.032257736732603,14173923.6,7.955333333333333,7.641000000000001,True,True,7.88,71518113.65,107523473.7365
2026-06-03,7.33,7.35,7.19,7.21,11699601.0,85989747.0,2221551588.0,0.005266409775580688,7.32,7.372,7.535500000000001,7.858666666666667,30.508474214306247,13980318.7,7.939166666666666,7.625500000000001,True,True,7.88,84354123.21,105714932.384
2026-06-04,7.17,7.22,7.08,7.12,10943455.0,79047562.0,2221551588.0,0.004926041357361448,7.287999999999999,7.343000000000001,7.4985,7.836666666666667,31.858406684940093,13469023.7,7.921,7.607000000000001,True,True,7.88,77917399.6,101291245.849
2026-06-05,7.13,7.25,7.11,7.16,9802916.0,71315287.0,2221551588.0,0.004412643871495817,7.25,7.321000000000001,7.463000000000001,7.816333333333333,34.782608272211746,13237743.55,7.903833333333333,7.593000000000001,True,True,7.88,70188878.56,99123067.5505
2026-06-08,7.07,7.13,6.94,6.98,13771141.0,97908652.0,2221551588.0,0.006198884182742643,7.159999999999999,7.276000000000001,7.417999999999999,7.791666666666667,26.771653248186496,13122968.85,7.8895,7.58,True,True,7.88,96122564.18,97598941.5695
2026-06-09,6.99,7.01,6.94,6.99,7229601.0,51055895.0,2221551588.0,0.0032543025509970736,7.0920000000000005,7.2219999999999995,7.3790000000000004,7.7645,29.41176435986158,12481394.4,7.875500000000001,7.562,True,True,7.85,50534910.99,92331953.65400001
2026-06-10,6.98,6.99,6.86,6.95,12527992.0,87850325.0,2221551588.0,0.005639298257880474,7.040000000000001,7.18,7.3340000000000005,7.736999999999999,30.172413428953618,12451398.35,7.858666666666667,7.535500000000001,True,True,7.85,87069544.4,91532725.02149999
2026-06-11,6.93,6.97,6.81,6.84,10417067.0,72351715.0,2221551588.0,0.004689095250485806,6.984,7.136,7.2924999999999995,7.7075000000000005,28.225806132934437,12112596.0,7.836666666666667,7.4985,True,True,7.67,71252738.28,88501802.71650001
2026-06-12,6.88,7.03,6.85,7.03,21128818.0,149003979.0,2221551588.0,0.009510838332150403,6.958,7.104000000000001,7.2675,7.684666666666667,35.507246016593186,12267770.35,7.816333333333333,7.463000000000001,True,True,7.57,148535590.54,89142045.12200001
2026-06-15,7.07,7.21,7.03,7.12,16778072.0,120822999.0,2221551588.0,0.007552411607557951,6.986,7.073,7.248,7.6645,35.03649599232777,12523099.4,7.791666666666667,7.417999999999999,True,True,7.57,119459872.64,90732393.8835
2026-06-16,7.05,7.07,6.97,7.0,10892014.0,77427993.0,2221551588.0,0.004902885919388337,6.9879999999999995,7.040000000000001,7.219500000000001,7.644833333333334,36.09022518401266,12632240.7,7.7645,7.3790000000000004,True,True,7.57,76244098.0,91248171.1255
2026-06-17,6.99,7.17,6.91,7.08,17638361.0,125544261.0,2221551588.0,0.007939658523023235,7.014,7.026999999999999,7.199499999999999,7.629499999999999,42.424241974288336,12809748.75,7.736999999999999,7.3340000000000005,True,True,7.53,124879595.88,92223164.11950001
2026-06-18,7.01,7.01,6.91,6.92,10757610.0,75713012.0,2221551588.0,0.004842385861354123,7.030000000000001,7.007000000000001,7.175,7.613666666666666,34.75177270459234,12692299.95,7.7075000000000005,7.2924999999999995,True,True,7.53,74442661.2,91089307.06650001
2026-06-22,6.9,7.0,6.74,6.99,15135771.0,105224815.0,2221551588.0,0.00681315306012151,7.022,6.99,7.155500000000001,7.607333333333333,34.28571394285716,12827958.6,7.684666666666667,7.2675,True,True,7.53,105799039.29,91795320.369
2026-06-23,6.95,7.07,6.9,6.94,11019132.0,78084551.0,2221551588.0,0.004960106287660064,6.986,6.986,7.131,7.5968333333333335,35.5555551868313,12818914.05,7.6645,7.248,True,True,7.53,76472776.08,91458150.6285
2026-06-24,6.93,6.97,6.79,6.79,10863510.0,75449128.0,2221551588.0,0.004890055247278822,6.944,6.965999999999999,7.093999999999999,7.5805,34.78260834278515,12671265.55,7.644833333333334,7.219500000000001,True,True,7.53,73763232.9,89944407.55350001
2026-06-25,6.79,6.81,6.66,6.7,12118601.0,82502591.0,2221551588.0,0.005455016694395125,6.868,6.941,7.060499999999999,7.564000000000001,34.78260834278515,12571510.6,7.629499999999999,7.199499999999999,True,True,7.43,81194626.7,88803240.43850002
2026-06-26,6.74,6.74,6.6,6.61,10631782.0,71616143.0,2221551588.0,0.004785746168321705,6.806,6.918000000000001,7.026999999999999,7.546499999999999,30.769230467993566,12407313.7,7.613666666666666,7.175,True,True,7.43,70276079.02000001,87251722.30950001
2026-06-29,6.6,6.68,6.47,6.62,11667832.0,77842820.0,2221551588.0,0.005252109409939122,6.731999999999999,6.877,6.9905,7.519666666666667,35.71428531746031,12369791.75,7.607333333333333,7.155500000000001,True,True,7.43,77241047.84,86550060.109
2026-06-30,6.63,6.64,6.48,6.51,11606128.0,76630904.0,2221551588.0,0.005224334227794668,6.646000000000001,6.816,6.944500000000001,7.477333333333334,32.352940843425614,12319315.45,7.5968333333333335,7.131,True,True,7.43,75555893.28,85641139.312
2026-07-01,6.51,6.65,6.49,6.63,12820426.0,85525625.0,2221551588.0,0.005770933283409307,6.614,6.778999999999999,6.9094999999999995,7.446666666666667,38.888888510802474,12472491.5,7.5805,7.093999999999999,True,True,7.33,84999424.38,86315204.8485
2026-07-02,6.6,6.73,6.6,6.69,11223501.0,75967310.0,2221551588.0,0.005052100100049533,6.612,6.74,6.8835,7.415666666666667,44.60431609751051,12448686.5,7.564000000000001,7.060499999999999,True,True,7.21,75085221.69,85851759.7725
2026-07-03,6.69,6.83,6.68,6.77,8974900.0,61519284.0,2221551588.0,0.004039924190137691,6.644,6.725,6.866,7.396833333333333,39.84374956420897,12350258.75,7.546499999999999,7.026999999999999,True,True,7.16,60760072.99999999,84993893.4425
2026-07-06,6.76,6.84,6.74,6.83,10570400.0,72824520.0,2221551588.0,0.004758115929919157,6.686,6.7090000000000005,6.849499999999999,7.378166666666667,38.39999956992001,12388632.95,7.519666666666667,6.9905,True,True,7.16,72195832.0,85094241.1145
2026-07-07,6.83,6.83,6.67,6.69,9164015.0,62449329.0,2221551588.0,0.004125051630356287,6.7219999999999995,6.684,6.835000000000001,7.352833333333334,37.79527517391037,12158276.65,7.477333333333334,6.944500000000001,True,True,7.12,61307260.35,83353475.92300001
2026-07-08,6.68,6.81,6.65,6.74,9018815.0,61542524.0,2221551588.0,0.004059691905745652,6.744,6.678999999999999,6.8225,7.333,36.290322170915715,12247737.35,7.446666666666667,6.9094999999999995,True,True,7.12,60786813.1,83866071.02849999
2026-07-09,6.74,6.74,6.59,6.62,11294908.0,76072082.0,2221551588.0,0.005084242950292452,6.7299999999999995,6.671000000000001,6.806,7.311166666666667,37.499999562500015,12186083.15,7.415666666666667,6.8835,True,True,7.12,74772290.96000001,83251208.3565
2026-07-10,6.64,6.75,6.56,6.71,10821215.0,73100865.0,2221551588.0,0.004871016751738831,6.718000000000001,6.681,6.7995,7.292,38.524589721848955,12206290.55,7.396833333333333,6.866,True,True,7.12,72610352.65,83319089.075
2026-07-13,6.69,6.76,6.67,6.7,12156168.0,82745010.0,2221551588.0,0.005471926947662671,6.692,6.689,6.7829999999999995,7.271166666666668,39.83050800201091,11757658.05,7.378166666666667,6.849499999999999,True,True,7.12,81446325.60000001,79964625.828
2026-07-14,6.77,6.84,6.7,6.81,13963561.0,96211761.0,2221551588.0,0.006285499321927067,6.715999999999999,6.718999999999999,6.7675,7.253666666666667,50.8771923576485,11616932.5,7.352833333333334,6.835000000000001,True,True,7.12,95091850.41,78746224.71650001
2026-07-15,6.78,6.98,6.76,6.96,12852310.0,90141269.0,2221551588.0,0.005785285414672981,6.76,6.752,6.7655,7.238833333333333,60.83333262361112,11714947.3,7.333,6.8225,False,True,7.08,89452077.6,79406623.6965
2026-07-16,6.96,7.01,6.87,6.96,10811804.0,76067546.0,2221551588.0,0.004866780523306939,6.828,6.779000000000001,6.759500000000001,7.2251666666666665,65.76576493628764,11373619.45,7.311166666666667,6.806,False,False,7.08,75250155.84,76925151.6945
2026-07-17,6.96,7.1,6.93,6.94,17441910.0,124027164.0,2221551588.0,0.007851228886249928,6.874,6.795999999999999,6.7605,7.2105,64.2857134821429,11707834.45,7.292,6.7995,False,False,6.99,121046855.4,79255361.4045
2026-07-20,6.95,7.08,6.94,7.06,17799783.0,126387736.0,2221551588.0,0.008012320351302145,6.946,6.819,6.764,7.1975,74.33628226486024,11841035.05,7.271166666666668,6.7829999999999995,False,False,6.99,125666467.97999999,80248732.839
2026-07-21,7.02,7.15,6.98,6.99,17934813.0,128223324.0,2221551588.0,0.00807310219437497,6.981999999999999,6.849000000000001,6.766499999999999,7.1834999999999996,66.6666658024692,12186819.1,7.253666666666667,6.7675,False,False,7.06,125364342.87,82693311.17850001
2026-07-22,6.96,7.01,6.85,6.99,15864432.0,111291549.0,2221551588.0,0.007141149494656705,6.9879999999999995,6.874,6.7765,7.1705000000000005,64.70588146482127,12436865.2,7.238833333333333,6.7655,False,False,7.06,110892379.68,84549768.5175
2026-07-23,6.94,7.04,6.94,7.04,9328242.0,66167369.0,2221551588.0,0.004198976089678814,7.004,6.9159999999999995,6.7935,7.159833333333334,63.63636273645553,12297347.25,7.2251666666666665,6.759500000000001,False,False,7.06,65670823.68,83773578.36649999
2026-07-24,7.02,7.07,6.92,6.93,9286790.0,65709083.0,2221551588.0,0.0041803170586556734,7.002,6.938,6.8095,7.147833333333334,54.807691569896456,12230097.65,7.2105,6.7605,False,False,7.06,64357454.699999996,83477647.1505
2026-07-27,6.9,7.03,6.9,6.96,9159805.0,64659959.0,2221551588.0,0.004123156558451255,6.981999999999999,6.964,6.8265,7.136666666666667,64.51612806104754,12104696.3,7.1975,6.764,False,False,7.06,63752242.8,82803206.8985
2026-07-28,6.93,7.03,6.85,7.01,10665497.0,74898902.0,2221551588.0,0.0048009224983165235,6.986,6.984,6.8515,7.125333333333333,64.51612806104754,12057664.75,7.1834999999999996,6.766499999999999,False,False,7.06,74765133.97,82763668.933
2026-07-29,7.03,7.16,6.99,7.15,15030101.0,108091903.0,2221551588.0,0.006765587205441029,7.017999999999999,7.003,6.8775,7.1163333333333325,77.89473569418291,12168148.5,7.1705000000000005,6.7765,False,False,7.06,107465222.15,83886958.82149999
2026-07-30,7.13,7.25,7.12,7.22,14427201.0,104944981.0,2221551588.0,0.006494200304836675,7.053999999999999,7.029000000000001,6.904000000000001,7.107666666666666,77.41935367325709,12328333.5,7.159833333333334,6.7935,False,False,7.15,104164391.22,85340917.29800001
2026-07-31,7.18,7.28,7.14,7.21,13888300.0,101215991.0,2221551588.0,0.006251621648139733,7.109999999999999,7.056,6.926,7.0968333333333335,77.41935367325709,12574003.5,7.147833333333334,6.8095,False,False,7.22,100134643.0,87309645.79800001
2026-08-03,7.21,7.39,7.21,7.38,16911958.0,125681080.0,2221551588.0,0.007612678495224753,7.194,7.087999999999999,6.953500000000001,7.088666666666667,78.78787767370684,12891081.4,7.136666666666667,6.8265,False,False,7.22,124810250.03999999,89940366.7
2026-08-04,7.37,7.41,7.25,7.26,14632601.0,108371844.0,2221551588.0,0.006586658207281748,7.244,7.115,6.981999999999999,7.078333333333334,65.62499904296878,13164510.7,7.125333333333333,6.8515,False,False,7.38,106232683.25999999,92186637.84549999
2026-08-05,7.26,7.29,7.15,7.16,14176840.0,103124078.0,2221551588.0,0.006381503844690372,7.246,7.132000000000001,7.003,7.0681666666666665,59.43396147917412,13422411.95,7.1163333333333325,6.8775,False,False,7.38,101506174.4,94222605.9105
2026-08-06,7.15,7.18,7.06,7.12,12015679.0,86507718.0,2221551588.0,0.005408687813015126,7.225999999999999,7.140000000000001,7.0280000000000005,7.056,58.3333325771605,13458450.5,7.107666666666666,6.904000000000001,False,False,7.38,85551634.48,94761573.0865
2026-08-07,7.12,7.13,7.0,7.05,12491455.0,89141076.0,2221551588.0,0.005622851644532686,7.194,7.152000000000001,7.045,7.0456666666666665,49.514562433782665,13541962.5,7.0968333333333335,6.926,False,False,7.38,88064757.75,95534293.3415
